,rmsd
36975451,0.22514588370653424
36975452,0.268174779578559
36975453,0.22325842896183304
36975454,0.21416796390367268
36975455,0.24836285310918504
36975456,0.13015864516509676
36991787,0.06480669364862464
36991788,0.6152104996424276
36991789,0.04347982569588248
36991790,0.05847242998261356
36991791,0.22729406201386354
36991792,0.11168506682853277
36991793,0.8459187429873806
36991794,0.16452496964802318
36991795,0.043495245522469334
36991796,0.0682370052986589
36987706,0.09060775127563002
36987707,0.08780506601488422
36984387,0.20282689087190958
36984388,0.1997504896213325
36984389,0.16775578750157671
36973916,0.14414212823581937
36973917,0.15694140631129275
36973918,0.12257932049595355
36973919,0.12001124355201834
37014846,0.41193905023012106
37014847,0.4868164339710685
37014848,0.8988488802180424
37014850,0.5023397140107184
37014852,0.5377664777956586
37014853,0.587788615981382
36991461,0.36607535148325043
36991463,0.3364822149036358
36991465,0.05948003427737276
36991466,0.3185833805643449
36991468,0.3290845709502985
36969580,0.07636664579079669
36969581,0.07454513509680569
37016997,0.04329073317884999
37015999,0.15570239430900615
37016000,0.15300865296964689
36972482,0.3628708116078334
36972484,0.21862491908872206
36972485,0.06238310409511979
36972486,0.21628923046386003
36972489,0.06665611263447024
36973802,0.11776962660724583
37016100,0.13836376586099028
37016102,0.092490887713575
36974444,0.07624034680707924
36968620,0.18100239401839857
36968621,0.15288694727714683
37013461,0.31486974501236453
37013465,1.1117126886006747
37014214,0.27732897258671185
37014215,0.2526740559651957
37014216,0.05974912830354663
37014217,0.20261728654746688
37008313,0.3660227056418875
37008314,0.41067430367162655
37008315,0.3529332098054519
37008316,0.2462879472007691
37008317,0.23372306632176873
37010696,0.061565665619255784
37010698,0.05168808835123038
36982533,0.12814273262604595
36982534,0.4690604267388261
36982535,0.3076550008087779
36982536,0.30220627439998005
36982539,0.12852870978902345
36982542,0.47939469153650666
36984973,0.29243433523779216
36984974,0.3123055655155235
36984975,0.03646486418243463
37008083,0.2699875903904578
37008084,0.4604328845763555
37008085,0.13940375274425207
37008086,0.27883252404776776
37008087,0.15599111969437116
37008090,0.04750719899571092
36996696,0.28125749480975243
36996698,0.25403455897851
36996702,0.16676226738080313
36996703,0.11472423029481661
36974979,0.0913588933743759
36974980,0.09214372498922967
36991779,0.15611709902173476
36991780,0.13592828734083742
36991781,0.11605210949356694
36991782,0.11031732637422119
36991783,0.1446959606833779
36981550,0.21871446629265623
36981551,0.34455197159651113
36981555,0.12632729728520356
36981556,0.11493608474826564
36981558,0.23153734600803136
37016149,0.32149057796762964
37016150,0.3119669063731925
37013076,0.15700355927753373
37013077,0.4503668718540724
37013082,0.24439319354970127
37013083,0.1932165264258053
37008698,0.23354849501593988
37008699,0.1693233078174564
37008702,0.33431359830564844
37008703,0.32050307123595656
37008704,0.7493895180871889
36974389,0.09644832776056797
36974390,0.1023392533852106
37014267,0.17341254278289986
37014269,0.08784575469453758
37014270,0.08862993298902157
37014272,0.19269887412121808
37014273,0.22979122572028388
37009599,0.1771131646033987
37009601,0.17476819233235077
37009606,0.28355873061537634
37009608,0.28177407270086574
36999326,0.033983855461280674
36999327,0.052325776252035404
36996073,0.0664457994516142
36996075,0.2283599324066132
36996076,0.06478616035313238
36996077,0.07088573573786687
36996078,0.21856737776960325
36989744,0.5079831678320961
36989745,0.37880614943341595
36989746,0.40155005491994916
36989749,0.5083350265740741
36989750,0.4817400164548112
36989752,0.4884747850683976
36983669,0.22780808635092314
36983671,0.2588758946118381
36983672,0.11090427684741014
36983676,0.12524734999899872
37011180,0.13454294646665152
37011181,0.13258186836652275
37011183,0.13789057904292196
37011185,0.12220590970858304
37011186,0.12413648382269628
37011187,0.13529246286687052
37011188,0.10108084085933053
36978937,0.10701852515165879
36978938,0.0617468956218369
36978939,0.12421728849962081
36978944,0.32507228136920957
36978946,0.1119124588475813
36981719,0.27377598712319756
36981721,0.15604565843722012
36981726,0.10452834448956598
36975564,1.0489540197117573
36975566,0.07185551373478843
36975567,0.11333531888878656
36975568,0.08048576637028512
36975570,0.25698796409622393
36975571,0.22101067476388964
37016184,0.14631084858082788
37016185,0.08947934442996437
37016187,0.3382625050918411
37018483,0.4122722534187719
37018485,0.4393512357761944
37018487,0.28424773905927603
37018488,0.30444874251880394
37006531,0.03426183624056645
37006533,0.040480312107149155
37011426,0.05155737445793833
37011428,0.05844858516985931
37011431,0.048176664005064665
37011432,0.02460355638456277
36988935,0.08774961252947647
36988937,0.21516883037743634
36988938,0.7373851267965842
36988939,0.13039451135197147
36988940,0.09250683175555954
36988941,0.1215762568600963
37016398,0.31183299952380766
37016399,0.305905026108552
37016400,0.16478816822004824
37016402,0.041474703408220966
37016403,0.044798867089361184
37016404,0.09289563167948967
36974877,0.0529925902206114
37012819,0.4914392824806206
37012822,0.18231128967899923
37012823,0.47847467354932766
37012825,0.15203330219260852
37012827,0.73843047265006
37009403,1.0007912077818697
37009404,0.10284341216923724
37009405,0.34701781255250147
37009406,0.758399013643965
37009408,0.08708635605876336
36974459,0.09636426436511003
36974461,0.11002507282008091
36974462,0.07204484744187997
36974463,0.07621266618224666
36974464,0.09508676268214071
36974465,0.07071436234047815
36974467,0.06284984960261997
37016176,0.030659902124335513
37016177,0.02618578101085539
37011942,0.04478090653279546
37011943,0.3788471389021514
37011944,0.24373708984799974
37011945,0.18244271119496322
37014802,0.04875238897429938
37014803,0.04175832941684517
36970327,0.16623642148185683
36970328,0.17658341106707937
36970331,0.07510075810255813
37014770,0.05773688904405289
37014771,0.06680870800670406
37014772,0.056617373446057925
37014775,0.08718985230620795
37014776,0.059105078573604156
36961641,0.30627723457055545
36961643,0.2231522364170159
36961644,0.1507595833417741
36961645,0.2970222037752852
36961646,0.6757260016027109
36961647,0.6601042276430027
36961648,0.11150825725590603
37008730,1.5947171269824107
37012653,0.4723271438095035
37012654,0.5743417657519637
37012656,0.6381244497999962
37012658,0.5802027986624957
37012659,0.3858566931837887
37012661,0.44911447589036185
37007501,0.12582839693769293
37007502,0.18879218702765516
37007503,0.20049364579426396
37007504,0.2719064145289743
37007505,0.18191520141862555
37007506,0.3432422437601349
37007507,0.04918434041686521
37007508,0.20291577733985575
37007509,0.19164186631742186
37007510,0.1833972060311787
36996187,0.1943384278341347
36996190,0.13798433701176263
36996192,0.23124007101459212
36996193,0.1053844055286511
36996194,0.2097929778382129
36996195,0.22110511149928666
36994603,0.45502159358341404
36994606,0.1602077064863732
36994607,0.17175006278710117
36994611,0.11469589260333894
36959575,0.14017860783886593
36959576,0.22852149588888157
36959577,1.1532269597450957
36959579,0.6307401407993344
36959580,0.15478681606102193
36959581,0.4719832631073351
36959582,0.11511307220444228
36959583,0.3794851614827118
36959584,0.23937921250649297
37012875,0.25054700012420345
37012876,0.1185963356099031
37012877,0.10805496169839568
37012878,0.10637296861022653
37012879,0.11146395023309494
37012881,0.22224033171228433
37012882,0.23991395891073575
37012883,0.24438938999680168
36970028,0.09961506303848268
36970029,0.44225191219271287
36970030,0.07630316637671823
36970032,0.12050678244406604
36970033,0.09245933606648972
36970034,0.2089121952283384
36970036,0.6878207026941918
36970037,0.9518661180881988
36995632,0.17097232891405384
36995633,0.08025295149448326
36995634,0.10125362582433996
36995635,0.6805591847589686
36995636,0.3476708796338942
36995637,0.3728495174837592
36995638,0.1964229478905242
36995639,0.1409203282875431
36970802,0.06639128288357457
36970803,0.45861493202805564
36970805,0.40198898768140234
36970809,0.14817790673083683
36973609,0.1080558999722422
36973610,0.5093552961591381
36973612,0.22460194761128485
36973613,0.1958694072399309
36973615,0.1998802659977545
36973616,0.21221782186140722
36973617,0.6834861150381231
37016967,0.06890601427499837
37016969,0.1895343749140281
37017054,0.06922430276634049
37017055,0.06945362150679342
37016490,0.054659032009472294
37016491,0.06773394546373082
37016492,0.05370013368906569
37012780,0.037343612208590136
37012781,0.07613460800192039
37012782,0.0848899768224558
37012783,0.04269404967441489
37012784,0.08047563735423237
37012785,0.07793787770043535
37007170,0.3622178999443307
37007171,0.09531852653221501
37007172,1.284448755112667
37007173,0.5958544167770874
37007174,0.21686766361834936
37007175,0.46391836520529495
37007176,0.08457018077585955
37007177,0.3565083342450255
37016993,0.014547250737500714
37016854,0.014952171356699049
37016855,0.01728170437068882
37016857,0.020313298500098748
37016858,0.02201883024703041
37016859,0.023158630603830634
36998165,0.2113908250696362
36998167,0.08204450345364989
36998168,1.1146441765457054
36998170,0.6500570645220249
36990423,0.1885295258995652
36990424,0.08194620723181022
36990425,0.14994988424614022
36990426,0.08583359863278323
36990428,0.10677902924441453
36990429,0.1923885510547181
36990430,0.08310747823547301
36990431,0.18162296812065304
36990432,0.10680012095140086
36980769,0.08923585032256662
36980770,0.6509258161632813
36980771,0.17502145733438143
36980772,0.08534752383781742
36980773,0.7712549456107924
36980776,0.13173798958136632
37008950,0.04407815910873127
37008951,0.049585994701982744
37008952,0.0572804317905859
37008953,0.08471292421623595
37008954,0.06717020908966492
37008956,0.08320065621217185
37008957,0.04921724484846104
37008958,0.04371857833728519
36969634,0.1087238936209149
36969636,0.07429389000927772
36969637,0.1059325253424205
36969638,0.0629980003258025
36969640,0.07582331960742897
37012452,0.6336078577416778
37012453,0.102756612554932
37012454,0.19941361972069116
37012456,0.10417987556314494
37012457,0.14528565706505348
37007875,0.2798488462079064
37007877,0.29399811616403043
37007878,0.3398228101441551
37007879,0.3498573716792032
37007880,0.16923054288649966
37007881,0.2541735041916878
36974411,0.10587219435173735
36974412,0.12902935017709896
36974414,0.11438420386087061
36974417,0.1467676833224867
36974418,0.08269712297703749
37015790,0.11081797484365496
37015793,0.06393453231530742
37015794,0.08451151900534262
37015795,0.08148324916468966
36985191,0.22931390552749914
36985192,0.07512220464926776
36985193,0.5826117085098782
36985194,0.1329598193524818
36985195,0.4030655383304489
36985196,0.7997561961091085
36985197,0.45971374856001457
36985198,0.8447746142643037
36985199,0.17837836813576138
37010838,0.1126688512499598
37010839,0.2634642478401576
37010840,0.7554884032944701
37010841,0.13896214183406222
37010843,0.11079577512121576
36972527,0.17763891682038707
36972528,0.5223544090301733
36972529,0.08711167376615518
36972532,0.39501358479994436
36972533,0.5461796989261114
36972535,0.19832499179170843
36970494,0.17704721281942012
36970495,0.22394892809390907
36970497,0.24328214902022077
36970498,0.2771755623382054
36970499,0.1325134596156171
36970500,0.10235550924574092
36970502,0.29577474288306066
37014434,0.0692981370460583
37014435,0.08349844561488284
37014438,0.0923093012132447
36973716,0.06219966052220956
36973718,0.12077712535366378
36973719,0.1272986783733957
36973720,0.06219196252245454
37014035,0.3010925679507879
37014036,0.6019602005219818
37014037,0.26512667214737257
37014038,0.5621877624467971
37014039,0.4342568200923672
37014040,0.6169838841638008
37014041,0.6294660107679174
37014042,0.536429251463126
37014043,0.30295655996905035
37009944,0.09124003232923125
37009945,0.09047602846018826
37009946,0.10737160637144445
37009947,0.07605462720068594
37009948,0.0766686543848171
37009949,0.09324024871235165
37009895,0.370169194869194
37009896,0.1400963295384411
37009897,0.09216842242433564
37009898,0.08706956873690293
37009899,0.10553869140643748
37009900,0.11079664553750725
37009901,0.11778525570481516
36992614,0.9760435368846915
36992616,1.1173951601764318
36992617,0.14210487259654728
36992618,0.8818929488512965
36992619,0.06676201883444134
36992621,0.12608971913137898
36992622,0.8466378039378044
36992623,0.785215919118574
36992174,0.15120399951959065
36992175,0.1390676986335959
36992176,0.19581039823247204
36992177,0.17640441494365075
36992178,0.32469820256272647
36992179,0.14836229975306126
36992180,0.1318133938231471
37017013,0.019430000666267863
36998857,0.1802264980074822
36998859,0.11217015347625639
36998860,0.24087916089751443
36998861,0.13918463991317534
36998863,0.09986197981378063
37017001,0.02458655248678044
36965446,0.6477231461117136
36965447,0.485407266711589
36965448,0.1535057417378133
36965449,0.31170624279758313
36965450,0.7621386709160105
36965451,0.9259000878055184
36965452,0.4699201544673686
36965453,0.8106335824509161
37024381,0.29288658262175205
37024382,0.5060135780897776
37024383,0.5918347861671807
37024384,0.12360570762943211
36974425,0.07786275895411542
36974426,0.09390445231231898
36974428,0.20169413709395262
36974429,0.17671957357202003
36974430,0.34452692803566676
36974431,0.08952612102458574
37017160,0.09806940463046365
37017162,0.06508043432919497
37017164,0.1048346742903683
37007057,0.06951770728296779
37007058,0.05727106099522304
37007059,0.029888770888460064
37007060,0.11411685498632075
37007061,0.027068966784205166
37007062,0.060159536710889666
37008442,0.05260242844541501
37008446,0.04694041670980191
37008447,0.06685688184372655
37008448,0.5370489543963475
36974374,0.1153651685582336
36974375,0.11132163285749982
36974376,0.11828194876133016
36974377,0.11249120579960913
36974378,0.11528365496583245
36974379,0.11470205659133971
36974380,0.11115396012074717
36974381,0.04695888309674795
36964806,0.06759099220825265
36964807,0.05655848232601298
36964808,0.11213392833323214
36964809,0.0406331306096525
36964810,0.05841757728702243
36964811,0.3561927308081944
36964812,0.04543352943364927
36964813,0.17309426889455326
36964814,0.22486369659964206
36961761,0.18032544971134543
36961762,0.09361737912803422
36961763,0.1224813826230713
36961764,0.1585370453734835
36961765,0.13232717201683422
36961766,0.33035539120510365
36961767,0.15153095293366367
36971640,0.23266314773104196
36971641,0.17273585104713987
36971642,0.1112090476736308
36971643,0.3467961101727012
36971644,0.19978857842536712
36971645,0.27823025410397023
36971646,0.14395304158782257
36971647,0.11667862097222809
36971648,0.3110456941828576
36971156,0.4252012175847937
36971157,0.21281436030737597
36971158,0.08375631898277644
36971159,0.23128846353729063
36971160,0.34239512202000144
36971161,0.2281506486943494
36971162,0.3892394520832771
36971163,0.3202237840893026
36971164,0.15058054664393977
36971521,0.4433050402691182
36971522,0.22552029331472093
36971523,0.7125284003144229
36971524,0.4490568413888017
36971525,0.46322176454724057
36971526,0.15237994857650278
36971527,0.3531408056750411
36971528,0.26982068864653136
36971529,0.2885995146010856
36971530,0.15134731794088807
37014237,0.2619719771954552
37014238,0.2115084521635692
37014240,0.28187666589323396
37014241,0.20366851137759232
37014242,0.1911799085071851
37014244,0.3414222988757358
36969348,0.15002114330267546
36969350,0.4475530031035612
36969352,0.2546609687788691
37024214,0.10203077493826274
37024216,0.09135207502325256
37024219,0.05984701562746476
36969191,0.5055818249253732
36969192,0.1969418663303017
36969193,0.36517620288535324
36969194,0.20440905684105273
36969195,0.1228492065319488
36974995,0.02910557783080741
37016471,0.11020546020176392
37016472,0.1938893522248266
37016473,0.1031577635604338
37016476,0.1929720151591835
37016477,0.09991323389841887
37009450,0.07868867125906921
37009451,0.06089668874408041
37009452,0.09426740866144327
37009453,0.06905343976088955
37009454,0.17335718222975066
37009455,0.19610030301823184
37009457,0.06807206853976604
37009458,0.08396390528737945
36970729,0.19590773728007108
36970730,0.48810373634811993
36970731,0.19166754115677723
36970732,0.19039993293012739
36970733,0.2907082693907898
36970734,0.24494014821388624
36970735,0.2903527644462617
36970736,0.20536344531460837
36975000,0.03128843740044729
37016289,0.17933850641659038
37016290,0.17388524632851177
37016291,0.26865994121668424
37016292,0.15484649398376138
37016293,0.2567227140127865
37016294,0.2603266406336818
37016295,0.19394738096790287
37016296,0.216165152325945
37016297,0.19765327347723835
37016298,0.16244727801510642
37016340,0.22324182783357918
37016344,0.2459205403614246
37016345,0.23895415737314415
37016346,0.21881752579875216
37016347,0.24715361478151598
37016348,0.19581854262072487
37016349,0.0716747637220342
36955947,0.21446516751515127
36955948,0.20072083006299435
36955949,0.19750711540562477
36955950,0.041789231742696886
36955951,0.06693668329903336
36955952,0.15097906086290236
36955953,0.1248820847999473
36955954,0.05244430234048154
36973823,0.5012276640866349
36973824,0.28887753358610485
36973825,0.18379731183707065
36973826,0.20237315317548563
36973827,0.49871021491394385
36973828,0.5750622049472733
37016615,0.37137811836699897
37016616,0.3200314182961499
37016617,0.382839102428932
37016618,0.05603247291943287
37016619,0.5951866273962042
37016620,0.42988387760985736
37016621,0.4052510627704155
37016622,0.3562987887811685
37016812,0.06409894439046399
37016813,0.37716471458445444
37016814,0.06439642958550279
37016815,0.7358074036539872
37016816,1.2011219914300908
37016817,0.4420284307429176
37016818,0.12521468502279506
37016819,0.4833705167960147
36997942,0.05623116072680384
36998718,0.13398566218483268
36998719,0.0425643690305329
36984774,0.07181946910423684
36984775,0.0730121103421858
36984777,0.05956782181688702
43432921,0.032707188891462145
36998629,0.0809476048876196
36998630,0.05020473591686781
37010169,0.21255026616231706
37010170,0.1500781132410074
37010172,0.1819276738086855
37010175,0.18325277121148323
37010176,0.1531097943774092
37010177,0.21535488082543172
36998856,0.04876019976822766
36985289,0.049293195929691475
36985292,0.2522179703542664
36985293,0.3400968893595255
36985295,0.33819119611397463
36994587,0.441634991322139
36994591,0.1402634770461484
37015962,0.15341311029787066
37015963,0.21425264232605187
37015964,0.17942993256122153
37015965,0.15744628684038078
37015966,0.03329082987258605
37015967,0.030604258422976403
37015968,0.10796494664248203
37015969,0.21515271681605008
37013596,0.14374533687240099
37013597,0.14007616938713002
36997691,0.3689876811187464
36997693,0.04762037668454519
37015642,0.22172888388731307
37015644,0.32271866659310106
37015646,0.22832002160307016
37015647,0.2854518924242452
36973483,0.06229694529700196
36973486,0.26273831614370124
37015757,0.16891763878499189
37015759,1.3490441329725096
37015761,0.7988646930072004
37015762,0.2707465792947075
37015763,0.28236953306555795
37015764,0.13651224187887742
36969776,0.04857392961740713
36969777,0.06893068338993999
36969778,0.10317178915633027
36969779,0.09909353223269436
37017102,0.01649419225785662
36990994,0.12377848618781713
36990999,0.062119495950242666
36999086,0.06349358992429371
36999088,0.1293881847566638
36981805,0.0551223746484244
36981806,0.08821807156225306
36981811,0.051527072421195856
36981812,0.12679181591813427
36975682,0.2792550580853694
36975683,0.28379725620294605
36975684,0.3009667837357569
36975685,0.31366193957210753
36985200,0.29768338104352887
36985201,0.06103058278738044
36985202,0.22961121197175396
36985203,0.20289210518140513
36985204,0.0645556214743578
36985206,0.28203151949734545
36986948,0.3033573516833226
36986949,0.1461873928383364
36986950,0.18507171405997572
36994259,0.30934808070362557
36994260,0.24542385431180536
36994262,0.25074935655644787
36994263,0.22277280825469797
36994264,0.30006646145395155
36994266,0.330962744233644
36972327,0.13468160526272918
36972328,0.14835072942475666
36972329,0.1443943620526796
36972330,0.12518087495885985
37016977,0.0978021168900282
37016978,0.10230013027131779
37009038,0.17410000510072482
37009039,0.10830483367944546
37009040,0.17613022392239966
37009044,0.11745315687433017
36973273,0.04864502690061684
36973274,0.04295436284502399
36973275,0.047418527722016615
37013627,0.4565066275689509
37013628,1.0474097774746585
37013629,1.1551225071313487
37013631,0.5240011513480611
37013632,1.1281828153828413
37013633,1.104093611749394
37013634,0.19510116171791542
37006609,0.18470541499689694
37006610,0.17379611404296957
37016238,0.2066143788165767
37016239,0.16852525611683497
36999389,0.03386603925845933
36999390,0.03061828566893877
37007954,1.017945876184629
37007955,0.2755256287215607
37007957,0.1450084368969683
37007959,0.5943458451473654
37007962,0.17695812174675007
37007963,0.1563190405330934
37006751,0.37925584014526537
37006753,0.21721852153040017
37006754,0.6286949452669406
37006757,1.1986406593232186
36969853,0.18061351226639424
36969854,0.1763936949579077
36969855,0.2045409342579321
36969856,0.21335526097863838
36969858,0.21618467098976848
36969859,0.16686339178686135
37012297,0.336070578846216
37012299,0.07960080816289831
37012300,0.36100287125767466
37012301,0.09196362118241563
37012302,0.2534433640615114
36992818,0.3838775963610849
36992819,0.3644732617380628
36992820,0.20294143504882617
36992822,0.31728780566524734
36992823,0.6348896188587829
36992824,0.37274627400148075
36992826,0.20915940129752292
36974893,0.09810727636474355
36974894,0.2474840712856228
36974895,0.061578338689633125
37016092,0.058981994956377244
37016093,0.05428446544414062
37016094,0.2618476962355846
36974924,0.17769523262800635
36974925,0.05012780282257536
36974926,0.0730769596976072
36974927,0.04963424815033131
37009021,0.47356971423484095
37009026,0.5139089249980939
37012638,0.15794769089234217
37012639,0.10820668385779401
37012640,0.1682178319840395
37012641,0.1678860589104453
37012642,0.11060941655691849
37012643,0.14397163066228566
36974157,0.03065403544392979
36974158,0.02777617466215062
37010949,0.08142191657067352
37010952,0.08099105978953688
37010955,0.33196101971799963
37016161,0.21409470969774577
36985554,0.5063451506648219
36985555,0.06627194708622994
36985558,0.05498106162425485
36985559,0.07753318694370832
36985561,0.09779944621936955
36985563,0.08789901206362817
36970344,0.11261860563686288
36970345,0.23576539644596106
36970346,0.23854871636695754
36970347,0.13079798536705553
36970348,0.15681978833799118
36970349,0.19373554812282276
36970352,0.2083090173816775
36998887,0.8229803372815659
36998888,0.3485376009948137
36998889,0.18191390152069997
36998890,0.8806202742710604
36998891,0.4098557623094712
36998892,0.15624017615955482
36994243,1.0498740826798043
36994244,0.16948716967662245
36994245,0.13475266177456316
36994246,0.050452063781742135
36994247,0.16286308656660348
36994248,0.11923302362884075
36994249,0.16635228023951126
36971057,0.49938738614166484
36971058,0.09186539204843776
36971059,0.1326377413946767
36971060,0.48464520971591596
36988570,0.3599815805640539
36988575,0.13534832559059579
36971239,0.14453779538573558
36971240,0.07474205318437936
36971241,0.11976530983835894
36971242,0.11430637172639466
36971243,0.06164395480229305
36971244,0.12474734612257933
37007143,0.37248661461772503
37007145,0.6913375087677688
37007146,0.36499295495559236
37007147,0.5923660381139455
37007149,0.6333402718145685
37007151,0.5760431343393154
37007152,0.6320057951654252
37012907,0.19837677427365716
37012908,0.899227505259451
37012909,0.10138554835317845
37012910,0.023807636301289774
37012911,0.16722018999621774
37012912,0.041711484032881156
37012913,0.191947810370186
37012914,0.05472206035980658
37012915,0.049557972656313516
37012916,0.07852446400521912
37013762,0.09269945347260526
37013763,0.1478648173020442
37013764,0.26787393728486286
37013765,0.271920448837971
37007228,1.0648264782580539
37007229,0.3621788495211541
37007230,0.4733527327790656
37007231,0.12852606428096375
37007232,0.19013937514640464
37007234,0.5170113281812335
37007236,0.32597056534727537
37007283,0.49337920288677073
37007287,0.3104593695579558
37007288,0.4012363171100913
37007289,0.2763250382107879
37007291,0.24564692581600017
37007292,0.33971557669003594
36971649,0.07551423625163732
36971650,0.1260532912763077
36971651,0.12445678591985088
37015225,0.4208452269389228
37015227,0.34752954978960254
37015229,0.053146673895874984
36972139,0.08704316791826382
36972141,0.08293181718588205
36972142,0.1262644880496381
36972143,0.12513237609469488
37007978,0.16959576190103712
37007979,0.1268620492661687
37007980,0.12397916369403092
37007981,0.1696824502311508
37007451,0.3397338863138917
37007453,0.29742331703255837
37007454,0.2295391185785195
37007455,0.18923568823867906
37006410,0.10480021657988067
37006411,0.1484797309523561
37006412,0.09480413300392025
37006413,0.14729611790439381
37006414,0.14638121371926127
37006415,0.1473619790256656
37010765,0.08740673977832665
37010766,0.08186382501561958
37010768,0.08606975106372258
37010769,0.08197700615619337
37010771,0.09158145406186238
37010772,0.0965684255507319
37010773,0.08995721579720808
37024468,0.12466445569204537
37024469,0.13362981638741284
37021569,0.10843491319004107
37021571,0.5355844727072584
37021573,0.23787442761742777
37021575,0.10298743005695199
37021577,0.09635840970156352
37011190,0.11139553648451435
37011192,0.11200279962102862
36995196,0.15359708592769278
36995197,0.19381529971374833
36995198,0.08066789679431197
36995199,0.11101141331149776
36995200,0.09391790312627309
36995201,0.07395300639471437
36995202,0.13701092926157504
36988196,0.03797148673759295
37008628,0.40247835677708194
37008630,0.14719172984477955
37008632,0.29245747047255566
37008633,0.34385644080231265
37008634,0.6488382797204831
37008635,0.14885951224007973
36995527,0.06900176439614761
36995528,0.0788809202662389
36995529,0.1791351067495149
36995530,1.3719368747512453
36995531,0.46824109625096183
36995533,0.13102038328800344
36995535,0.707617435612204
37016607,0.18664475347456153
37016611,0.24397095241209352
37016612,0.230845514641989
36970232,0.21689615424809627
36970233,0.12471348363997505
36970234,0.20230654148329824
36970235,0.1261260253235958
36970239,0.14444260079570467
36970240,0.1715015585927909
36970241,0.21309044309404143
36976580,0.18835466285740696
36976582,0.25496734585842923
36976587,0.2132091435917798
36997593,0.1346875598092605
36997594,0.12267068161706807
36997596,0.08522129691613198
36997597,0.16236583216274256
36997598,0.1072858272821047
36969549,0.09705335349977924
36969550,0.23827717002402224
36969551,0.06968746057689035
36969552,0.0726771280818412
36969553,0.09862242793280789
36969554,0.21824080314566954
36969555,0.05986095573863927
37014337,0.19187775924932693
37014339,0.19627229079588393
37012088,0.1590627564942231
37012089,0.24828750302770988
37012090,0.26562807258755844
37012091,0.1574025253518907
37008572,0.3804451707695616
37008573,0.46578389302073964
37008574,0.6543264150022162
37008576,0.2441097950703763
37008577,0.8218608878525876
37008578,0.39749006661598646
37008579,0.2907737838330656
36995986,0.16779925286475808
36995988,0.14777290654696215
37008781,0.060408370089656445
37008783,0.17316079774953141
37008784,0.06699221725124195
37008787,0.18380452224587365
36974961,0.2320301895392765
36974963,0.23396883669908372
37019688,0.08258064486330788
37019689,0.172657525448421
37019691,0.19172364861579552
37019694,0.11489718955291775
37019695,0.8013482750827665
36971933,0.032513727426305754
36971934,0.035936077930758634
36972611,0.03378510145896776
36972612,0.03027140166515088
37016240,0.20741050435814842
36972753,0.10162336677529223
36972759,0.05803501832143016
36972760,0.4266047852546801
36996475,0.16626792988252898
36996476,0.07327175743068036
36996477,0.031833887698285414
36996478,0.315609065503316
36996479,0.458709928509606
36996480,0.6419357990439342
36983997,0.06143842983005219
36983998,0.46051955655744964
36984000,0.5973933766255205
36984001,0.1258886394901464
36996887,0.18902439498429027
36996888,0.12707084006842137
36996889,0.105356046896715
36996891,0.31590884155669496
36994613,0.13116759865686503
36994614,0.18545852709263072
36994615,0.6067974899020727
36994618,0.9854548187409502
36994619,0.26102356514726865
36975536,0.22612444970503523
36975537,0.8706552084718503
36975539,0.11691896326052276
36975540,0.6672365840856379
36975541,0.3933205947204541
36975543,0.1293112045647605
36998589,0.0603977145272324
37016542,0.158087915024881
37016543,1.4070092152047322
37016544,0.13134097309105205
37016545,0.15733593148787428
37016546,0.13388771318528028
37016547,0.0773694013088626
37016549,0.2435768872186882
37016550,0.19850402212353543
37012971,0.38037512474033175
37012972,0.20622481190931805
37012973,0.21015865692689253
37012975,0.3831808458778755
37012976,0.43595594152867895
37012977,0.13405805923385533
37012978,0.9811676935128245
36999113,0.0673976322301497
36999114,0.0704174651753348
36974246,0.4588633778030024
36974247,0.07864818538080191
36974249,0.11855347966715538
36974252,0.8759302309219722
36974254,0.11018931147197925
36974255,0.1171884307207236
36962120,0.11775481067465808
36962122,0.1893698071035224
36962123,0.19006493275177352
36962124,0.5203950609300965
36962125,0.13859624921414618
36962126,0.9317281036507528
36962128,0.150139593821291
36962129,0.5153182815528066
36994983,0.17932691098958953
36994985,0.18177633807038282
36988439,0.24546578224022947
36988440,0.45146967742770344
36988441,0.30278811702087655
36988442,0.0972957793703724
36988444,0.40606277292900755
36988445,0.7601858487805654
36988446,0.2905048973313898
36988448,0.22994451038120434
37016038,0.2573520109885804
37016039,0.13167458668198265
37016041,0.13468475826406204
36985110,0.138830364210208
36985111,0.09659384028237677
36985112,0.8116032766967168
36985113,0.10384929190997091
36985114,0.12196669399374055
36976793,0.10581200796995968
36976794,0.3112625425865543
36976795,0.5540265079677325
36976796,0.18513463246667838
36976798,1.694858316124135
36976799,0.11390841719987256
37010757,0.14749491418021318
37010763,0.1820489956538204
36974760,0.032383244638102666
36971531,0.37549445218816746
36971538,0.6179652709069536
36971540,0.3223880730256915
37013904,0.36085878015227024
37013905,0.242579454181333
37013907,0.1384848818440719
37013908,0.14748304738791515
36996359,0.09003462655288542
36996362,0.1074975123425324
36974677,0.2842976205457052
36974678,0.1840264176575435
36974679,0.154969886675899
36974680,0.27448307112064513
36974683,0.3045834495025345
36974684,0.6370218835872904
36974685,0.27348959616063906
36974686,0.28187332381627334
37014132,0.11912274725916915
37014135,0.5034148833858741
37014137,0.03618168161896704
37014138,0.0828512065260648
36972982,0.062179846640246055
36972983,0.06151944351138539
37015148,1.3389785373181926
37015151,0.6288634435923257
37010897,0.488405912472926
37010900,0.4075429426653721
37010901,0.8448843821354597
37010904,0.5732548395489075
37010905,0.23132284456973257
37014322,0.2040147709818193
37014326,0.5909225350005123
37014327,0.13009173580343314
37014902,0.37678177221512804
37014905,0.37227583838557704
37008132,0.720143545581943
37008133,0.8276733166760397
37008136,0.6688984115096788
37010281,0.22878435278060613
37010283,0.06240108574012268
37010284,0.13719712426826422
36999165,0.15639959513611595
36999166,0.1701946226845747
36999167,0.026131401538487413
36999168,0.130250804729732
36999170,0.11820333045024418
36999171,0.02644923829501459
36999172,0.14835820162941293
36991452,0.57335878122822
36991453,0.1654608835779592
36991454,0.5674795900530643
36991455,0.574031755024718
36991457,0.26135253394426305
36991458,0.16299674757416008
36991459,0.4176893283710762
36991460,0.17683084436150182
36976488,0.1581940954087828
36976489,0.15633304872989626
36997757,0.044924976563430724
36997758,0.04019264164965123
36997760,0.041784234077461666
36997762,0.05877846116400762
36963169,0.14617279411538667
36963170,0.11718282049452154
36963171,0.23656206256244094
36963172,0.1342374456088642
36963173,0.09252423166357451
36963174,0.15887596187046968
36963175,0.39447614392395947
36963176,0.12668929581878455
36963177,0.4484855766264451
36963178,0.14377378558840354
36984347,0.3824601226873902
37007901,0.07986316953022642
37007902,0.0738358275138059
37007906,0.08114417603468987
37007907,0.13627270782955564
37007908,0.10035721746378157
37007910,0.1663734284146109
37013487,0.10922888309506022
37013488,0.17516191527963376
37013489,0.2316698660349577
37013490,0.3333290252812935
37013491,0.3005475163661879
37013492,0.13002064362253163
37013494,0.12710135947492301
37013495,0.25269855881188363
37013671,0.6333173353581713
37013672,0.09766670137305757
37013675,0.1893060073005191
37013677,0.6605847205832731
37016070,0.231963221371323
37016071,0.23615185208084763
37016072,0.385638580434389
37016073,0.19561981355719957
36994548,0.6645494116310259
36994549,0.10663398773073922
36994550,0.14282802855400611
36994551,0.48516690577952043
36994554,0.10784787244800398
37011518,0.08193791333392621
37011519,0.1187978541248554
37011522,0.7142575903330166
37011523,0.13676260892344577
36968375,0.049319786378710345
36968376,0.15149296021576195
36968377,0.10081419797979164
36968378,0.10997354556187391
36968379,0.15006379969982347
36968380,0.15118011146943355
37008460,0.1927241844101235
37008462,0.33950352538308054
37008463,1.2177164215486413
37008465,0.200712575954835
37008466,1.6131964452936502
37009411,0.13165507544273913
37009414,0.10641450122990628
37009415,0.2103084092189728
37009420,0.18581075841295983
36974313,0.06888251859402811
36974315,0.07142794152051772
37015785,0.15666158100309355
37015788,0.16021129133804846
36971543,0.20238041455250483
36971545,0.38136651865070814
36971546,0.31332184680172726
36971547,0.595878584884355
36971548,0.6524638744809592
36971549,0.26791035511600086
36971550,0.1308223698373344
37011499,0.3650563422938602
37011501,0.3157349197912472
37011503,0.2318565326108911
37011506,1.023772219453931
36990406,0.16461492186123935
36990407,0.0516667127311412
36990408,0.1449712678939723
36990409,0.19502783074977526
36990410,0.07526293019722581
36990411,0.22491109399114667
36990412,0.18293997906411535
36990413,0.1093441132039144
37012435,0.4339608055734516
37012436,1.0173404844727576
37012437,0.4071096219528227
37012439,0.4242896291332981
37012440,0.6855687776018751
37012441,0.17632434912931091
37012442,1.5292744232689863
37012443,0.5351509891041216
37012444,0.1544583807333975
36990593,0.4613021664152609
36990594,0.5245424348490285
36990595,0.22156253105218449
36990596,0.2788231290518631
36990597,0.07671205372073366
36990598,0.1489805406918781
36990599,0.12370099681636766
36990600,0.18659304936600205
36990601,0.12727773066594997
36965536,0.05878375180467963
36965537,0.09637734508643085
36965538,0.11374833911971215
36965539,0.06954859718170511
36965540,0.05334650577981958
36965541,0.059167884257940145
36965544,0.11349923666146836
36965545,0.05962968620951542
36969355,0.09994762529805441
36969356,0.07830796450034941
36969357,0.09765954511631629
36972423,0.15711447476336005
36972424,0.13567725313144394
36972425,0.6017534264021076
36972426,0.16020733572184714
36972428,0.5636709216933667
36972429,0.6057664671163215
36972430,0.2731570692361284
36972431,0.5468401098651267
36972432,0.5695295662403155
36981475,0.8626876181998042
36981476,0.0981169830394718
36981478,0.10135814852986771
36981479,0.7808593378491276
36981480,0.3278000204669414
37018265,0.1654717550330344
37018266,0.1737519908655193
37018271,0.21391038192945686
37018274,0.24192749345009765
36996825,0.2981411307089009
36996826,0.21217740625195775
36996827,0.2813641355288076
36996828,0.18701528944644094
36996829,0.17238663152328326
36996830,0.1372590678455069
36996831,0.12591568972723366
37007550,0.26099704917762834
37007551,0.045779560903938164
37007552,0.042835030798465894
36969928,0.05090511500686403
36969929,0.0613426144396668
36969930,0.05287139672156015
36969931,0.0780357359442292
36969932,0.05521590562809328
36969933,0.055143636138355386
36969934,0.08980392890255257
36969935,0.05137923954416615
36969936,0.05408300057555558
37015848,0.18007686617017662
37015849,0.16932069510030454
37015850,0.06390873338349602
37015852,0.20058261329315125
37015853,0.39811251582283214
37015854,0.20467162354412347
37015855,0.05933685749843848
37015856,0.25982549198163735
37016323,0.15386292747260716
37016324,0.10166939200265655
37016327,0.08614455770976726
37016328,0.1071071508381822
37016330,0.11401266015946748
37016332,0.10298808766493116
36997586,0.1554325285762687
36997587,0.15644208478726412
36997588,0.15505403280174007
36997589,0.14726936003420993
36997590,0.1820671469993021
36997591,0.09133460036919636
36997592,0.18098221966892092
37007153,0.35715109108391907
37007156,0.362485747613024
37007157,0.2597812887922153
37007158,0.3812061482949896
37007159,0.2538038600666384
36990871,0.13998062074003384
36990872,0.43661511995924135
36990873,0.5409302155380298
36990874,0.517356057790078
36990875,0.19057511037010147
36990876,0.2090622239439095
36990878,0.12889485437235865
36960375,0.4482733682353429
36960376,0.2636481070643386
36960377,0.7127709569356168
36960378,0.14570061870192044
36960379,0.16671745966916973
36960380,0.36261137782464264
36960382,0.09318074616523885
36960383,0.08652280756909217
36971003,0.06718448151639098
36971004,0.09478820240611122
36971005,0.6742111836870764
36971006,0.0741367609400174
36971009,0.17551252074809162
36971010,0.20509625104821455
36971011,0.07761318578444977
36982953,0.29001127423183193
36982954,0.42876162211990854
36982955,0.17698416233132266
36982956,0.15870632644781843
36982958,0.08736068522249352
36982961,0.5923655767542141
36982962,0.10462186417142985
36973021,0.06058627557457167
36973022,0.05812369780318802
36973023,0.30965014680290587
36973024,0.4318268583784651
36973025,0.1261684154938811
36973026,0.8322570703366088
36973027,0.06041219850382274
36973028,0.15985704654409705
36973029,0.061941877623493284
36987883,0.24701935078788465
36987886,0.20981166503692192
36987887,0.3131250578644867
36987888,0.4306972460730282
36987892,0.26154136433400627
37008174,0.07239482290303866
37008175,0.11057931016027812
37008176,0.06813140402752042
37008177,0.05426627354135611
37008178,0.054081546225570695
37011605,0.05927527391559884
37011606,0.04801966232994799
37011607,0.07618283503243795
37011608,0.03947983840734202
37011609,0.10411310244906789
37011611,0.048424066082435574
37011612,0.09679662495079835
37011613,0.07057832003674851
37015567,0.0938021389286225
37015569,0.18190293523318532
37015571,0.11956880493911023
37015573,0.11234508287678935
37009626,0.1007282054160282
37009627,0.07880459625298317
37009628,0.13146901743379444
37009629,0.08711201640490698
37009434,0.08095460934554409
37009437,0.12435725768497222
37009438,0.10432563292316535
36972854,0.06004476392280175
36972855,0.11079770393228482
36972856,0.0652904705595587
36972857,0.11428532102586857
36972858,0.1817414514031016
36972859,0.1141037989463095
36972860,0.12355648563646164
36972863,0.05921090770955949
36979322,0.10393519154627696
36979323,0.0840030643484195
36979326,0.10547607907051207
36979329,0.08510205733511815
36972815,0.04099513817062571
36972816,0.03432010868830747
36972817,0.036357902761808364
36972819,0.039523046761395085
36972820,0.0390567200252881
36972821,0.11733406737660983
36972822,0.03535694152918322
36972823,0.03726683204026961
37008334,0.2536378240339746
37008335,0.19667470177871663
37008336,0.1232508554463972
37008337,0.34510528845751615
37008338,0.24880415360833383
37008339,0.1811732107968448
37008340,0.32136975885108776
37008341,0.1592013262194343
37008342,0.26583501428122375
36988121,0.2503201061455965
36988122,0.09260182157859623
36988123,0.2702593847240067
36988124,0.30492493568967227
36988125,0.11111847140224412
36988126,0.07302804392888264
36988127,0.32249368366955017
36988128,0.4033020575264752
36988130,0.07759934361955756
37011273,0.045721327181044984
37011274,0.03524312806748138
37011275,0.8392023323765171
37011276,0.06469283478773578
37008771,0.04315022982932866
37008772,0.1111094373382736
37008773,0.07022432800952719
37008774,0.18974924389571127
37008775,0.04098494425852759
37008776,0.037919756875423025
37008777,0.21518398249582718
37008778,0.08092767470717235
37008779,0.18308369496243015
37008780,0.0798655066465313
37012566,0.0951508696909124
37012567,0.19399748681326653
37012568,0.12191708723896606
37012570,0.681321757499871
37012571,0.19741267284694583
37012572,0.12697362744800408
37012573,0.0919906596022009
36974572,0.13084323504783074
36974574,0.09664968322630069
36974575,0.09763863236469286
36974576,0.48307982990081544
36974577,0.0690683995043377
36974578,0.08045911717410263
37015652,0.09890206989751744
37015654,0.10659390269269134
37015655,0.07175190748525269
37015656,0.06520302825555023
36960606,0.48674935529736
36960607,0.2099459798319823
36960608,0.11726488804603212
36960609,1.1504635204496754
36960610,0.3114885283922054
36960611,0.17125233662760042
36960612,0.3888313266988129
36960613,0.617447930113753
36974564,0.08305860355558718
36974566,0.1457031933698806
36974567,0.2160892120605338
36974570,0.1393226239271714
37010227,0.11570780148471292
37010229,0.15777892189727166
37010230,0.8482364878288688
37010231,0.09468738142702056
37010232,0.0930247654593674
37010233,0.6916325230081193
37010234,0.7915108025012649
37014928,0.11842976259975596
37014929,0.08342713773833324
37014930,0.08955885157659044
37014931,1.0611922090107595
37014932,0.10601549818447856
37014933,0.10785772204810037
37014934,0.09750815032092443
37014935,0.11006500143805832
37014936,0.11543064802718407
36973629,0.13602087461973023
36973630,0.11528971778700436
36973631,0.11026945778159546
36973632,0.15570287405350047
36973633,0.1538224129720381
36973634,0.3696805609588616
36973635,0.2204865620026043
36973636,0.5321738540044386
36973637,0.3481589223227996
36973638,0.11756338811849425
36973003,0.11655823407303138
36973004,0.6383220581118376
36973005,0.3415656658049256
36973006,0.2333664430328962
36973007,0.3173456675693925
36973008,0.42198353243614894
36973009,0.3800684879413069
36973010,0.13103554454637578
36973011,0.2304176416769168
37012120,0.562619225698981
37012121,0.7031274363402787
37012122,0.3116005167510741
37012123,0.32595452657700535
37012124,0.34747200470597067
37012125,0.6147692958360352
37012126,0.5011812415930348
37012127,0.6169214133478851
36963557,0.1370844783266847
36963558,0.8903350762736262
36963560,0.803122269632928
36963561,0.19605134358081328
36963562,0.44839104682030295
36963563,0.3014196625516854
36963564,0.24022705714637269
36963565,0.3206782528273735
36963566,0.38609328823626216
37009823,0.519135086953469
37009824,0.7142297494658976
37009825,0.14670997266070265
37009826,0.32036703337477995
37009827,0.4581174559546131
37009828,0.32401630825994127
37009829,0.38317682097038763
37009830,0.5515457846849011
37009831,0.3313150026827649
36968273,0.4936577218984421
36968274,0.6060281429249508
36968275,0.23213259469726708
36968276,0.5692542585312488
36968277,0.8028199378758795
36968278,0.8190499913176333
36968279,0.5894011412315309
37016907,0.14095258147888912
37016912,0.13647648730761747
36982702,0.2345958520840629
36982704,0.10244072367649083
36982705,0.13666768452924535
36982706,0.20742312639971963
36982707,0.1262043214088186
36982708,0.17148567652729982
36982709,0.2099260502040466
36982710,0.17462988322150919
36960993,0.21761387695225778
36960995,0.11856711907297884
36960996,0.24370823848613093
36960997,0.15071268162356669
36960998,0.24707792807666593
36960999,0.08422375780979145
36961001,0.08531449812192413
36961002,0.36454765191989696
36974041,0.16135121842542746
36974042,0.5906205314341085
36974043,0.2915874540389986
36974044,0.1415376251218229
36974045,0.179858329917284
36974046,0.1010897183710483
36974047,0.28920027973062434
36974048,0.15854155643462603
36974049,0.10881402617862088
36973587,0.2878580885674788
36973588,0.14781769872941233
36973589,0.28422369795308466
36973590,0.2808566082347711
36973591,0.13244697483895795
36973592,0.6330624473731911
36973593,0.16369166510914213
36973594,0.1941440217665182
36988861,0.09552325456551009
36988862,0.8217154822163262
36988863,0.2535752597365136
36988866,0.4947120067037334
36988869,0.07887091324723873
36973416,0.0893443031121645
36973417,0.19274582240051136
36973418,0.17016877394386623
36973419,0.11402659258625204
36973420,0.11013010658645625
36973421,0.1154778698872633
36973423,0.11985306899865396
36999352,0.05418893973899704
36996587,0.046244409938621236
36996588,0.0402062691265604
37024496,0.40039803627742165
36996040,0.36699965271676327
36996042,0.5301252513944058
36996048,0.0838926270087192
37019539,0.11828453870950457
37019541,0.154939619546806
37019545,0.08564717253429373
37019546,0.18012739916850048
36971148,0.17654893073349284
36971149,0.20523251572028198
36971151,0.19915638999843738
36994052,0.17229537167966577
36994053,0.24932152307784677
36994054,0.18321460152288094
36994057,0.2621102420505293
36991832,0.5220851198338485
36991833,0.5733981565234165
36999342,0.16860879632363518
36999343,0.1622002079442399
37014284,0.07161266728898653
37014285,0.09158361088707212
37014286,0.4113497514459176
37014287,0.1954544371026018
37014289,0.18349448958545905
37014290,0.30048849810544254
36998134,0.12192835087076341
36998137,0.12869203830095316
36998138,0.5186720200931859
36970955,0.04302598665130199
36970959,0.11975667961384193
37019708,0.12899781843505584
36998768,0.09084622703601508
36998769,0.26636992048685487
36998772,0.09890741317110578
36989454,0.10365411271225919
36989455,0.1083292837670207
36989456,0.18774818702813847
36989457,0.0793006134680403
36989458,0.7317334251119894
36989459,0.08512499934496501
36989460,0.10359049891753261
36989461,0.10302509239270495
36999353,0.3453721930992757
36999354,0.3529327679926091
36999355,0.3130797264674676
36999356,0.3158607459300881
36957534,0.46055114759075505
36957537,0.1080530720271748
36957539,0.18420704260099915
36957540,0.8637461464876942
36957541,0.12139195195972541
36957543,0.08458268557290805
37014346,0.12597374141335524
37014347,0.12711002414365938
37014348,0.13491957121564882
37014349,0.1946355881271932
37014350,0.04764776895975209
37014351,0.13272801875425233
36971332,0.03604506809295511
36971333,0.04194143081959612
37023310,0.10346992508386736
37023311,0.21521875260784465
37023312,0.1009636911138434
37023337,0.12293160903015592
37023338,0.5313766016007904
36973353,0.283629293205071
36973354,0.3200757892810305
37016810,0.05813269765426743
37016811,0.05737711687335957
37017077,0.022749309921817732
36988316,0.08481785209072314
36988317,0.09073443310318803
36988319,0.16019298220154463
36988320,0.12571260882273866
36988322,0.17560388106056318
36988323,0.1031746544729614
36999382,0.19760932774482412
36999383,0.26230325909961655
36999384,0.25508918754974996
36999385,0.2054185572647089
36972834,0.0525230078118713
36972836,0.05244653795333745
36972837,0.11205585680460303
36972838,0.07220583759966244
36995118,0.12310596057278123
36995119,0.13936939155630115
36995120,0.09776275761759684
36984164,0.30701184370207774
36984165,0.25639275316953775
36984166,1.4213939329480136
36984167,0.2342714362012397
36984169,0.10064973092253986
36984171,0.09789490395963873
37014330,0.040450554399172105
37014331,0.1456788937665484
37014333,0.1091160773694231
37014334,0.04455638696122542
37014335,0.21891222766519042
37014336,0.10329912512576973
36990589,0.49408779019463617
36990590,0.5101513840671626
37016259,0.1346516497883044
36987596,0.30429850095822175
36987597,0.2945703359237242
36990394,0.060967387061823
36990395,0.33956638293734137
36990396,0.12975357348927996
36978459,0.16061509010805258
36978465,0.0984549561110244
36978466,0.0454606857647631
36959623,1.4870354247953994
36959626,0.28097167427828085
36959627,0.5895791429560925
36959628,0.5544063729943959
36959629,0.10328855856823402
36959632,0.11124788457303172
37012806,0.20661897908343851
37012807,0.21366299980086065
37012808,0.1724264168147786
37012809,0.3179507544464561
37012810,0.17271966402592873
37007214,0.03590627834985326
37007216,0.048664656276134054
37014659,0.09758689849031921
37014660,0.09510240272615131
37014661,0.13271674517903434
37015494,0.14145880798853452
37015495,0.15185072509422726
36969419,0.05317608965265928
36969421,0.053231626753201644
36970710,0.6484280302812856
36970711,1.8003488821427232
36970712,0.12674563208097459
36970715,0.10485220694080023
36970717,1.7801560209807623
36970719,0.6376110619171003
37011976,0.289927398042081
37011977,0.5791747316976706
37011978,0.201421302485536
37011979,0.2053031393866345
37011982,0.06860216012285812
37011984,0.45407154371593506
37016180,0.33500355613418753
37016181,0.33287371199852583
37024497,0.07963315869041768
37016726,0.05678631792176414
37016728,0.05882984158705877
37016271,0.12340716884394305
37016103,0.12396667038006332
37011912,0.11048669631967377
37011915,0.09637506347514106
37011917,0.1036573979872493
37011918,0.12018999257683952
37011919,0.10654157665116441
37006873,0.2111431970885437
37006874,0.19244982021554105
37006876,0.07639488421389358
37006878,0.0849341851137935
36997260,0.09137424611342689
36993275,0.13027324917916622
36993276,0.04849861940019179
36993277,0.32498887122732334
36993279,0.08675094632827049
36993281,0.38128748309378996
36993282,0.04933439726391563
36972461,0.12426748582490882
36972462,0.0767440400986332
36972463,0.076339067385534
37007430,0.29760283880690563
37007431,0.2425744363616823
37007432,0.07212186172207626
37007433,0.10772191304066367
37007434,0.2390422038685161
37007435,0.16293983187444158
37007436,0.20050296570657988
37007437,0.22205118044843428
37007438,0.8598367354909966
37007439,0.22727804232258195
37015085,0.06607379530430205
37015086,0.2236075473225205
37015087,0.22543467653749524
37015088,0.25728286263190403
36993042,0.1080058933868274
36993043,0.3947352685708815
36993044,0.2861627132761248
36993046,0.22317095016425312
36993047,0.1702436123373501
36993048,0.23783295833761564
36993049,0.7938138318981082
36993050,0.2305144067740987
36993051,0.24971014585485063
37015828,0.1305072127879697
37015830,0.24790116630805362
36971751,0.16229608553182906
36971752,0.12192892954106639
36971753,0.6925055386994096
36971754,0.3491689702669353
36971755,0.08301341406063878
36971756,0.16194974589713956
36971757,0.14924893087358385
36971758,0.13018033180988758
36971759,0.0978938457992548
36971760,0.1600414819408926
36976513,0.1697946875905098
36976518,0.1308775941148401
36976521,0.08059297003029257
36961037,0.17802872968293454
36961038,0.1161025124773256
36961039,0.1914048934911511
36961040,0.0936927173235052
36996809,0.16520579624782994
36996810,0.25986801909159063
36996811,0.17779258932463385
36996813,0.19534278283315878
36996817,0.13948922704122824
37009105,0.6189152311939082
37009106,0.3512196937796632
37009107,0.9589761320638158
37009108,0.673508494716888
37009109,0.5810897098957263
37009110,0.5054378024834382
37009111,0.9666356016372628
37009112,1.3903172791091152
37009114,0.4606746232992655
37007461,0.05539644573507919
37007462,0.057955047325175
37011035,0.05140951694046768
37011036,0.13291230519271569
37011037,0.11549919031311708
36969408,0.2114858736022728
37015722,0.07351787923918167
37015723,0.10280953594203794
37015724,0.06680199430681266
37015725,0.06994949372982337
36970961,0.16613743106042947
36970962,0.20125453044394104
36970964,0.16612519837851655
36972490,0.3613217308351179
36972491,1.3016630510188643
36972492,0.3201801246907428
36972493,0.5633136805987641
36972494,0.19958093874834376
36972495,0.1950153416724733
36972496,1.107081861130111
36972497,0.4833141899050363
36972498,1.1556899505809068
36972499,0.27309987395805
36971737,0.3415424117770886
36971738,0.25677846601965004
37020274,0.5425288436640736
37020275,0.5530283414674767
37020276,0.31403820104337005
37020277,0.28462286002115295
37020278,0.5390716467863484
37020280,0.32573664774624667
37020281,0.2780929630388358
36974908,0.06293104596535058
36974909,0.170456104126111
36974910,0.1910860031673016
37007669,0.2561473977905739
37007670,0.11475571667081909
37007672,0.2422176880635086
37007673,0.12657534538186185
37007674,0.1111504181896023
37007675,0.12988231724340352
37016432,0.3228295278924155
37016433,0.3612519697710679
37016434,0.11024947142454919
37014342,0.11415163048723885
37014343,0.13494548212818258
37014345,0.1449959511162478
37011788,0.11720593902350912
36974650,0.11563213444082998
36974651,0.05883520882001541
37014144,0.10864271161422029
37014145,0.3933948853384589
37014146,0.3744579413535475
37014147,0.10993377517247911
37015926,0.12525710987532265
37010595,0.17822849398983115
37010597,0.2898220353245034
37010601,0.18643039694013736
37010602,0.10936275486723279
37010603,0.29612889099053685
37017096,0.01850882197983127
37016964,0.01577826824740295
36982755,0.22085854133170638
36982759,0.12017776470535729
36999283,0.03928738374850954
36999284,0.03893441728100654
36959956,0.3007688260446143
36959957,0.15889777549440726
36959958,0.1954396669042362
36959959,0.15349517351685316
36959960,0.22897589645570673
36959961,0.17188888579030157
36959962,0.33175692504737075
36959963,0.12240376485576582
36959964,0.4059731783867669
36980443,0.2882486586403847
36980446,0.14862682400624
36967995,0.16738403674399857
36967996,0.1949712993263747
36967998,0.2046220490403547
36967999,0.23318932743138934
36968001,0.1672351248810068
36968003,0.15171006218467492
37015104,0.5542416826364456
37015105,0.7769145746288096
37015106,0.3768319387506508
37015107,0.7221785333072173
37015108,0.6471074732630034
37015109,0.6894216249240799
37015110,0.10543979887195565
37015111,0.7004571867653333
37015112,0.6682444421420605
37015113,0.532894282777709
36996678,0.11892104147381773
36996682,0.07282424131431048
36996683,0.17978675546542405
36996684,0.1311344821249683
36989825,0.278428371898346
36989826,0.3964806633485413
36989827,0.11954967614791956
36989828,0.5697739285343127
36989829,0.3140664325366022
36989830,0.635968885417276
36989831,1.250562327428083
36989832,0.21144661813134658
36996650,0.26506182539820866
36996651,0.21826113694734683
36996654,0.20670701514928488
36996655,0.7424699908897786
36996656,0.20043069951164838
36992662,0.8702509238256942
36992663,0.17156458285754436
36992664,0.1667571520793537
36992665,0.11389096084730291
36992670,0.26376986419692205
37015138,0.08860843493105383
37015140,0.1358866916749425
37023280,0.10287587046639651
36972401,0.16617644060401066
36972403,0.07720556984143927
36972404,0.17929553711883198
36972405,0.8698093450734639
36972406,0.25370972509984857
36972408,0.4272857919791842
36972409,0.8964935812761373
37015469,0.14554463060240558
37015470,0.26993840623051174
37015472,0.23243279742347148
37015474,0.2525474344399288
37008127,0.13498014892414398
37008131,0.23698538627983043
37015783,0.10285372117571831
37015784,0.1036583096166561
37016241,0.08447885310205319
37014164,0.14900034052448363
37014165,0.14963948313528236
37014166,0.15227898223427805
37015008,0.37108067076346907
37015011,0.34759193435498686
37015012,0.34524835661973
37015013,0.3354661346980915
37015825,0.554320658832161
37015826,0.15225997682593692
37015827,0.19823861232431034
36970313,0.11287806215780458
36970314,0.17282281298549126
36970315,0.11812307344917113
36970316,0.1793845710999367
36970317,0.1556452836540993
36996185,0.12863210511064455
36996186,0.1295431549333688
37016097,0.1285375386446449
37016098,0.133564439355329
37016099,0.14931040543972568
37007040,0.09217416081967471
37007042,0.07912413647052204
37007043,0.13002057674433892
37007044,0.0695870436274531
37007045,0.08387314918965905
37007046,0.082016591876023
37007047,0.1156644013869816
36997832,0.1376824279822695
36997833,0.13236399749941735
36997834,0.40297921816402466
36997835,0.27174259616038615
36997837,0.08158325700497611
36997838,0.09718601052948016
36997840,0.08331648063989533
37014562,0.25206725244481076
37009168,0.5182062508894074
37009169,0.5750151540055336
37009170,0.1301722269397964
37009171,0.30126484608469734
37009172,0.5322966752443988
37009174,0.5628141555424098
37009176,0.33690412522094476
37009203,0.07563185437935552
37024169,0.15832534517740138
37024172,0.09886631389089015
37016846,0.3154003804423515
37016847,0.2895372087409599
37016852,0.4970038821852694
37016001,0.21606391172925624
37016002,0.22766088073138954
37016003,0.19803762826278548
37016004,0.22474652749279364
37020803,0.052160661775327466
37020804,0.11058851899845408
37020805,0.14731306290364837
37020806,0.1655566731061544
37020808,0.11277464497456781
37020809,0.05250446111396139
37017915,0.5235564248404324
37017916,1.8591742617132978
37017917,0.1924948793198802
37017919,0.092911023755976
37017920,0.3617544628832894
37017921,0.269574767018989
37017922,0.13310050058198747
37021804,0.3307498992545082
37021806,0.17846655537383938
37021807,0.22489267390584292
37021808,0.23948788560379627
37021810,0.47007668982522977
37021811,0.3530185423476521
37021812,0.22185396451798806
37021813,0.2609027493099219
37023714,0.8674331349144127
37023716,1.1522654069736529
37023717,0.21890035740482708
37023718,0.25447371453237627
37023719,0.3884186215022081
37023720,0.2220398241485337
37023721,0.3771689048805685
37023722,0.29812246307173274
36999183,0.11517209034995897
36999184,0.07359285671914578
36999185,0.0877871458451206
36999186,0.048498254069565525
36999187,0.07380409569277877
36980508,0.18373420863172926
36984538,0.09302594202257775
36984539,0.46287843727875533
36984541,0.5374209906098797
36984542,0.14964307561448187
36984543,0.26613937712175073
36984544,0.39269030290858115
36984545,0.15946284008416425
36984546,0.07924055313565435
36997347,0.11082275029277751
36997348,0.06233458958023657
36997349,0.0712738267006574
36997351,0.20562810460012737
36997352,0.05369875769621132
36997353,0.05852341774919408
36997354,0.15992595140169452
36997356,0.04749483733948145
36989324,0.1068911447805084
36989325,0.05877112257619024
36989326,0.1514387811971683
36989327,0.11321941860983722
36989328,0.4962793597567599
36989329,0.06639313895275806
36989330,0.14484166847565993
36989332,0.022544554986944434
36989333,0.22410462002190185
36998570,0.15770160258186902
36998573,0.15749364124463677
36998575,0.17859257784101776
36998577,1.0614679580047945
36998578,1.051534675460025
36998579,0.22343880526611223
36989165,0.2120944991476123
36989166,0.2401246173593003
36989167,0.19108409645303995
36989168,0.11352847640778245
36989169,0.18245055413960246
36989170,0.23006761081074123
36989171,0.4864120173842644
36955445,0.10093286689797859
36955446,0.07669547830047185
36955447,0.06438759258378524
36955448,0.061931193149798176
36955450,0.31000846224706735
36955451,0.057941084385241724
37024437,0.19707236191655889
37014340,0.03499893425557746
36974851,0.09454653371088802
36974852,0.0749295979183965
37008164,0.15408824691153436
37008168,0.23208333697717
37008169,0.3263406831815743
37008170,0.2406168050303276
37008171,0.2200544207611069
37008172,0.18209008702808221
37008173,0.46161766491704315
36973177,0.22862692426713033
36973179,0.21600085199395214
37011281,0.18339515585919572
37011282,0.21285877998491703
37011283,0.2861041298477419
37011284,0.36409634664275004
37011285,0.3810007908735588
37011286,0.27743819098610306
37011288,0.2336982882498475
37011289,0.18149257516604433
37011290,0.3521673566099158
37006652,0.22932866408532387
37006653,0.2777878206345338
37006654,0.30621057274618746
37006655,0.3139456867636446
37006656,0.3429969294383996
37006657,0.21461491979626923
37006659,0.9552646021424545
37006660,0.9665890728178498
37006661,0.22040222602735124
37023858,0.07300571723457389
37023859,0.05660716349170323
37014087,0.0677250304928413
37014088,0.13481015298483318
37014089,0.0987457994619066
37014090,0.06745329062170975
37014092,0.2819496017035995
37014093,0.09656852864271175
36981411,1.003587701749974
36981413,0.26730274600542253
36981414,0.0661243355174614
36981415,0.5193076665447242
36981416,0.09015457809125074
36981417,0.5177978116578342
36987120,0.13281991037288193
36987121,0.10425333712398707
36987122,0.1256611600203334
36987123,0.16225613481666742
36987124,0.1644383442314443
36987125,0.13886116873233736
36987126,0.06903182789524927
36987127,0.1664362603373611
36987128,0.15303841360295825
37023879,0.23515819719538417
37023880,0.143995473759555
37023881,0.11579323218945482
37023882,0.1886367617527837
37023884,0.162658653573057
36989227,0.5473218080428314
36989231,0.07764169199738273
36989232,0.08422598631797619
36964614,0.14552424070308587
36964616,0.22708969919383434
36964617,0.12318457871443131
36964618,1.1456989524019974
36964619,0.09114467100642934
36964620,1.248387558827927
36964621,0.6408533657666846
36964622,0.5167221070958405
36964623,0.15666557494896105
36980581,0.04562786114223854
36980582,0.08354012672964783
36980583,0.07243260465930834
36980585,0.5177257705980219
36980586,0.1226431891750086
36980587,0.4156432617828093
36980588,0.07502887498858754
36987481,0.08231514742895943
36987482,0.06239730943230338
36987483,0.11009136993978012
36987485,0.12237773781931709
36987486,0.05906825983766601
36987487,0.06438145874101073
36987488,0.1340837068658303
36980392,0.09002057030603935
36980394,0.38993708735856547
36980395,0.3070609386510641
36980399,0.16437251682110282
36980400,0.042177675832097264
36980401,0.5815993036400087
37010304,0.10184678007142513
37010305,0.13133682706644292
37010308,0.12266643248842336
37010310,0.13081386565413824
36969467,0.04875063590970469
36969469,0.385072237674531
36969470,0.041104658105841047
37009429,0.17814961888909892
37009430,0.18990258870814736
37009431,0.17910415107822397
37009432,0.18134811556016964
37009433,0.14763399290994852
36970093,0.1857363973489946
36970094,0.3859361257761069
36970095,0.19347075106195355
36970097,0.3508914408472428
36971453,0.07483049989127061
36971456,0.31382155476272233
36971457,0.28288870356028867
36971459,0.08619542788074216
36971460,0.29544609328699944
37010125,0.11074458441293444
37010126,0.12043928253201712
36998237,0.5588621466038339
36998238,0.554562488579548
36998239,0.6031230532708335
37009876,0.9259395859925644
37009877,1.3229014314380922
37009880,0.8232558345310327
37009881,0.7257604394891911
37009883,0.6786080255505813
37009885,0.4903378167288358
37021712,0.07482380929622584
37021713,0.23341344559175697
37021714,0.11593548278789549
37021716,0.5400604074480713
37021717,0.21248060588234513
37021718,0.3821178215489801
37019559,0.08255128976391589
37019560,0.08201523314649717
37019562,0.29806256308521595
37019563,0.10932289940219042
37019564,0.11132778295107712
37019565,0.05969883475800568
37019566,0.2661001159132032
36977343,0.24073667817215233
36977344,0.06711890369351887
36977345,0.10994699497309274
36977346,0.34746014969068156
36977347,0.19344675865974817
36977348,0.23415343157365814
36977349,0.11926934763355959
36977350,0.04191007575436749
36977991,0.04538543547510605
36977992,0.2254705711613384
36977995,0.056691655981508667
36977996,0.0638588377214035
36977997,0.04457059208499316
36977998,0.047727192367134595
36988749,0.12173075268666717
36988750,0.06465007540178853
36988751,0.109301706259108
36988752,0.08404294114053135
36988753,0.10808920911261118
36988756,0.06294639445456451
36988757,0.08340926422578603
36988758,0.09455382897422733
36985674,0.05454771342694231
36985676,0.09340811003696502
36985677,0.0586168922734761
36985679,0.043799252775943626
36985681,0.04445790408487046
36985682,0.07627201395252219
36998457,0.11537590520944815
36998458,0.09391057051148947
36998459,0.14559392038054425
36998460,0.0377129566284113
36998461,0.06676081656928762
36998462,0.08041129921433116
36998463,0.14719408747371285
36998464,0.0819361746911669
36998791,0.061497259355148076
36998792,0.057058521272591
36998793,0.04929421266019509
36998794,0.035335684395671904
36998796,0.061348845883378446
36995442,0.14845506508051964
36995444,0.15682945642541452
36995445,0.3294292198453333
36995446,0.13982657967680862
36995448,0.3578730529480596
36995451,0.1297070115899526
37013167,0.2308247549206437
37013168,0.5418632465621099
37013169,0.3750243898934355
37013170,0.37218378077520675
37013171,0.3024363931087657
37013173,0.40811641895563106
37013175,0.12666249763410212
37013176,0.3309816146839646
36973054,0.1980195268760133
36973055,0.09430156390834817
36973056,0.4311267100427501
36986130,0.08744183963408816
36986131,0.06470330240569701
36986133,0.06222985516500235
36986134,0.10972470891560468
36986138,0.06306778911439506
36975991,0.5163423790057521
36975992,0.06614282748125558
36975994,0.9525793712369826
36975995,0.9385208475206487
36975997,0.17336850023223097
36975999,0.48541303887591253
36976000,0.06301474155681586
36996323,0.05819278812931521
36996324,0.23286890713280237
36996327,1.3416358315645427
36996329,0.23324741025796972
36996331,0.20038170358625795
36969386,0.027716072962067132
37012384,0.13406903240893925
37012390,0.3634796701531347
37012391,1.1068726021293056
37012393,0.7260975637161806
36975582,0.6096103155753667
36975583,0.13405327517184837
36975584,0.14881252497004155
36975586,0.13961130451410037
37014117,0.09287496131053159
37014118,0.1295036537937048
37014119,0.11400407606627126
37014120,0.12415927500680914
37014121,0.13894652274107677
37014122,0.13696524622394704
36970631,0.11861121380652834
36970632,0.08949907404816042
36970634,0.2015910687109429
36970635,0.5327971937223303
36970637,0.10480581138916356
36970638,0.2588512538460805
36970639,0.2923992894429772
37017184,0.3071175304645246
37017185,0.08630825568536211
37017186,0.06245628670622472
37017187,0.06667527590843862
37017188,0.08452048980481346
37017189,0.11900203507830114
37017190,0.23643822387578683
37016873,0.19498762585961452
37016877,0.16514281230424266
37016878,0.19576779854700238
36981694,0.13292425973047253
36981695,0.5008132401720372
36981696,0.06043238110612639
36981697,0.44715736719463905
36981699,0.13240672746408372
36981700,0.1590732468527896
36981701,0.4460241487492605
37012478,1.0334922063264753
37012481,0.2278468203023379
37012483,0.21709371804988373
37012484,0.3088000693867236
37012485,0.38723106580509997
37012486,0.20840057501500697
37012487,0.22290444711432003
36969643,0.14184532647844414
36969644,0.1782060406246358
36969645,0.779410287928384
36969646,0.25188137111551445
36969647,0.3028492135457135
36969648,0.6548664257388367
36969649,0.17977943568275565
36969650,0.267849929485429
36992452,0.5463110397606883
36992457,0.41994849928352496
36992458,0.3431186879423011
36992459,0.294778416994546
36992460,0.14070672454705785
36992461,0.7020575235261076
37013584,0.12780178295819197
37013585,0.21173239295641463
37013586,0.2109115773571398
37013588,0.13169155465996418
37013589,0.1220249809262892
37013591,0.1396493993389828
36982936,0.047175129013716115
36982937,0.07574225626416047
36982938,0.0475632768012805
36982940,0.03577451863802147
36982942,0.05459618283236646
36989543,0.11537686560617302
36989544,0.13759197920442814
36989546,0.0868158099246903
36989547,0.11888354894998819
36989548,0.15202507501475865
36989549,0.17405639996395245
36989550,0.09391311368376785
36989551,0.17511494719777418
36989552,0.11755773781193155
36984196,0.13899311708601483
36984197,0.07636876866880316
36984198,0.12541652070577095
36984199,0.14625162024621816
36984200,0.22236034598905757
36984201,0.23093900590680932
36984202,0.07683486192751156
36984203,0.19530033401446553
36984204,0.2208857119584541
36984205,0.24885123892746847
36997860,0.2207659354430013
36997861,0.33846408437529485
36997862,0.5875280659380305
36997863,0.743649009879803
36997864,0.2914146526110895
36997865,0.526010295406542
36997866,0.7825498728955905
36981940,0.13051043826217795
36981942,0.18041720781867704
36981944,0.6129109234630075
36981945,0.8558341337350955
36981946,0.35408569219547814
36981948,0.23175080319350871
36993965,0.12882486082540567
36993966,0.3017581528722177
36993967,0.6761250857637481
36993968,0.47548662695229876
36993969,0.4656762002740209
37009177,0.10264246807306486
37009179,0.07197609421743234
37009181,0.06667958599521961
37009182,0.09365838474685892
37009184,0.06470495364560738
36979029,0.2349377798722731
36979031,0.2577417103270293
36979032,0.5444200864448854
36979034,0.1935700709663123
36979035,0.36947891215554696
37007029,0.08439576281659479
37007031,0.10278418000738829
37007032,0.14412506857715587
37007033,0.11686222707063951
37007035,0.15693831198297617
37007036,0.1424436384979362
37007037,0.1148663519586286
37017960,0.10910122234302608
37017961,0.15440433262272196
37017962,0.1691172091328908
37017963,0.32243500195625796
37017964,0.5427594801493398
37017968,0.11397909588572652
37017969,0.10482278472314742
36971599,0.07700553471882299
36971600,0.12646306060886384
36971601,0.1042840672584921
36971602,0.09864765246368021
36971605,0.09972165258927174
36971606,0.10746760258198841
36970562,0.12552240011613433
36970563,0.08219366610462572
36970564,0.12262597827539727
36970565,0.10619281256636927
37015215,0.1367237545525305
37015216,0.251269559249279
37015217,0.7462765597445169
37015218,0.09938110747577082
37015219,0.15542832323599948
37015220,0.2672502977749995
37015221,0.7542029152779413
36960448,0.20765731857120073
36960449,0.15539177585944727
36960450,0.20457109718871028
36960451,0.20792257667556371
36960452,0.8214203784397195
36960453,0.2556941710554044
36960455,0.5714568440984465
36960456,0.2561053510119886
36955461,0.1029990759997327
36955462,0.17456013667256198
36955463,0.1390996885049987
36955464,0.10486066912412405
36955465,0.09610034505346887
36955466,0.512872016086665
36955468,0.09617181183318688
37013177,0.45257100590437527
37013178,0.27576153646790574
37013179,0.16602968540099552
37013180,0.09284746820809116
37013182,0.3273358300679284
37013183,0.19927333286632878
37013184,0.3827713606339292
37013185,1.042144699609295
37013186,0.22349843785110635
36980056,0.10091091678806399
36980060,0.08359709526032572
36980061,0.38108064737414465
36980062,0.20676241761053704
37015077,0.29866002148717785
37015082,0.21241704160892794
37014752,1.1029193305240301
37014757,0.5670704314676143
37014758,0.3047485305841705
37014759,0.12398471898761504
37013315,0.5680005322814597
37013316,0.1386102049972163
37013317,0.14490956082681192
37013318,0.1754042230432405
37013319,0.2101955609791325
37013320,0.300454941389666
37013321,0.11410644060760741
37013323,0.1394046538317332
36972047,0.10502667169763398
36972049,0.5859984131855288
36972050,0.7437121361722288
36972051,0.1858632230079317
36972052,0.5690348904720959
36972053,0.43821583440032835
36972054,0.11404891703978004
37008676,0.4150693042561423
37008677,0.04284166299174595
36975963,0.06450352103684108
36975964,0.14058058503323878
36975965,0.07622952384259285
36975966,0.06306817691801034
36975967,0.07530840065375687
36975968,0.12907530034851755
36975969,0.07323355674931405
36975970,0.07899997914620545
36975971,0.07306217275720275
36975972,0.10924819312916513
36990377,0.08671652097956127
36990378,0.22642795425820475
36990379,0.21712774035505572
36990380,0.22384562672713781
36990381,0.14462864822395194
36990382,0.25720886421774236
36990383,0.11040851346460645
37020029,0.20387392635176554
37020030,0.22036724544535125
37020032,0.49555644696752577
37020033,0.1538450228547214
37020035,0.17054756278802538
37020036,0.2327116561464435
37013419,0.1579998271480135
37013420,0.17690104864253142
37013421,0.19105119705233423
37013423,0.1721361568046589
37013425,0.16057736493929325
37013428,0.11257112136646066
36970676,0.0645265939842992
36970677,0.06450256094628354
36970678,0.062398007169178656
36970679,0.0515568930260689
36970680,0.06640532729243026
36970682,0.06602860553407319
37010128,0.24509332433036526
37010129,0.12497644501072389
37010130,0.33554772079844086
37010131,0.4312480000491359
37010133,0.3378893293583143
37010134,0.2960728709344921
37010135,0.23702196123919642
37010136,0.4962985561358035
37010137,0.14470865346115963
36997876,0.8067832729068163
36997877,0.1446190648134882
36997878,0.20786926588222826
36997879,0.33930071573920634
36997882,0.16641534292071178
36997883,0.7030857275754953
36997884,0.917291466144166
37020812,0.11248727844578368
37020816,0.3358919770419468
37020818,0.40340059358714825
37020819,0.33390095346000426
37012938,0.07993884407728469
37012939,0.053213469414868944
37012940,0.13575213898598135
37012941,0.07237153075070198
37012942,0.08556161978144246
37012943,0.09040565004847219
37012944,0.10152494536876926
37012945,0.0531171761176329
37010344,0.06108040937722753
37010345,0.043418270390689746
37010346,0.0524763394706251
37010347,0.02389305093886703
37010348,0.05678984301681745
37010349,0.05427693678167564
37015976,0.09560988060542394
37015977,0.11812690030098039
37015978,0.07575850225276294
37015979,0.1972695623085378
37015982,0.06723729244523637
37013052,0.060723087593174685
37013053,0.05219198172879191
37013054,0.05390602984639826
37013055,0.06565762605463207
37013056,0.07904553085907233
37013057,0.0668308682300181
37013058,0.05406149882764634
37013059,0.052463824581545186
37013060,0.058616736526108194
37007048,0.13026882554099195
37007051,0.11976662363516045
37007054,0.27718266035808353
37007055,0.20553128240368745
37007056,0.10269843863515124
36975436,0.1336607549963732
36975437,0.12883258361779135
36975438,0.1296023714814776
36975439,0.13554702691416792
36975440,0.4649776907030262
36975441,0.12507103004608405
36975442,0.15619564159911595
36961845,0.5218464541167019
36961846,0.8850458681712827
36961847,0.23956925038239302
36961848,0.20438563191236314
36961849,0.08863194096770358
36961850,0.18205545271985393
36961851,0.0954511938828471
36961852,0.10365269186892677
36958912,0.25309517295862755
36958913,0.14911435539568882
36958914,0.4015158034790914
36958915,0.5321244016823512
36958916,0.15100341723430494
36958917,0.3270772090134614
36958918,0.38174653083929533
36958919,0.3772291347677889
36958920,0.14166671608433265
37008637,0.28239464361384636
37008638,0.21698654214922164
37008639,0.4820661038638282
37008640,0.537353273362613
37008641,0.22324823542698938
37008642,0.16837875001035368
37008644,0.5024630844253883
36989155,0.14685861907154524
36989160,0.20406103041659135
36989161,0.10977897636182093
36989163,0.10920233667889277
37015696,0.042456604648287696
37015697,0.11797098506865625
37016787,0.10524539482401163
37016789,0.24604671514163645
37016790,0.2629136207695482
37016791,0.10517921661785797
37016792,0.22735717241238387
37009694,0.09730420667194091
37009696,0.13290773089710894
37009697,0.11828993371174686
37009698,0.08068565070959263
37009699,0.8289359842154127
37009700,0.8109542040011746
37009701,0.11422627208552699
37016478,0.3588217511229738
37016479,0.3639691045883956
37016480,0.5068365616824283
37016481,0.15845027302312262
37016482,0.1848991288378003
37016483,0.16815154134698976
37016484,0.5517664011240603
37016486,0.14539100458993917
37016487,0.3615662657147109
36973194,0.24847261828145803
36973195,1.3442910334100344
36973196,0.18631274327122696
36973197,0.19120496353359334
36973198,0.10850486567654873
36973199,0.14351944505288328
36973200,0.18804485536232254
36973201,0.11933888815784412
36973202,0.1063558717674514
36973203,1.3078065391514613
36966085,0.09370383050585158
36966086,0.316461442284002
36966087,0.14629139049373904
36966090,0.1507156557679808
36966091,0.3087364135647442
36966092,0.3228584842319967
36984976,0.26175796931547596
36984977,0.26120768243705034
36984979,0.5769284104883834
36984980,0.4160190005883646
36984981,0.11527051342913217
36984982,0.75779842687513
36984983,0.19861517498281656
36962203,0.9226991559397552
36962204,1.5628732606616522
36962205,0.3852007876361784
36962206,1.0131673902647425
36962207,0.2598493981943519
36962208,0.782777440350402
36962209,0.4616875787558739
36962210,0.4406697514534051
36962211,0.4873920142850991
36962212,1.074150614207446
36958155,0.16928670692744915
36958156,1.4861920442611467
36958157,0.11202854413268393
36958158,0.09591084952448195
36958160,1.6756351721866583
36958161,0.13957964170188564
36958162,0.1387423913459992
36958163,1.1452920325772693
36969137,0.15985761602257742
36969138,0.15500387275596478
36969139,0.22710305774148512
36969140,0.20319249376377455
36969141,0.6818911194418261
36969142,1.1627513588381495
36969143,0.09512958791805284
36969144,0.15549435580554774
36965841,0.1868648137486189
36965842,0.10031879620692649
36965844,0.18499882781997404
36965845,0.07670779930388506
36965846,0.15313993968289735
36965847,0.34995893154507635
36965848,0.24124797619851795
36973709,0.5984579244687686
36973710,0.2266435838895455
36973711,0.4822114178865359
36973713,0.8192653693058788
36973714,0.5546531579566768
36973715,0.26430668706272664
36970605,0.4046879159297158
36970606,0.16274605656185598
36970607,0.4109012420031575
36970608,0.27413853466379323
36970609,0.6835703301248639
36970610,0.2702228603498607
36970611,0.15948972936335223
36970612,0.29464873192390323
36963989,0.04699957791862509
36963990,0.04071946651729311
36963991,0.04503533865117861
36963992,0.084677842212518
36963993,0.03891084271891553
36963994,0.07072937228260306
36963995,0.724368852124487
36967912,0.13731966404374965
36967913,0.14138106196190436
36967914,0.11214436578075665
36967915,0.19096122380399935
36967916,0.14244501812671315
36967917,0.12484052643949299
36967918,0.1483441163774786
36968793,0.14318849219916333
36968794,0.0899866541248358
36968795,0.08013525618442358
36968796,0.07242528649592216
36968797,0.08445291870815479
36968798,0.07748789176316709
37007321,0.3979426071250948
37007323,0.46639303751520617
37007104,0.047700569206825735
37007105,0.02863803496477219
37007107,0.057917265081277466
36997867,0.14371240986742181
36997870,0.41856562240829814
36997873,0.6193682274000947
36975323,0.04533163463753394
36999324,0.10259162747529936
36999325,0.09419359031323302
37013375,0.037988890166480355
37013378,0.05288321673707994
37013380,0.05751108737395245
37013381,0.049634799087973275
37007011,0.13446531032557552
37007012,0.13191631378929797
37007013,0.12914679805312523
37016250,0.15765368882500846
37016251,0.15471166143671028
37016252,0.16493035133172435
36995139,0.41155028065538846
36995140,0.4362014325665701
36995147,0.09979733196881407
36996704,0.09408769592830993
36996707,0.5085135211991917
36996710,0.3495470203087408
37016579,0.09656668954967514
37016580,0.17253272002032846
37016581,0.08707876638191929
36982928,0.06833523883503835
36982935,0.05587882692232116
37024335,0.026360146127728426
36999109,0.07308207478320985
36999110,0.10635836426307893
36999111,0.07405681278808127
36999112,0.10052424790503184
37022693,0.9967892316007428
37022696,0.2467065158541525
37022697,0.24805874516585877
36998810,0.10517542779858838
36998812,0.6320117236936794
36998813,0.3046804971884474
37016506,0.13810694572673687
37016508,0.14368237865809974
37013187,0.3657290727808761
37013188,0.10290254650766786
37013189,0.08426742140126244
37013190,0.09789297691987185
37013191,0.11850098264880723
37013193,0.08367725248124203
37008299,0.2626987809853538
37008301,0.42944845630993783
37008302,0.5841251186221611
37008305,0.5483503767664044
37008306,0.34412570090452993
37008307,0.3701981358937817
36996734,0.12167882342719918
36996735,0.21288109886458903
36996736,0.15341874326616425
36996737,0.17643076242439976
36996738,0.23209835725909406
36996739,0.3023248479098725
36996741,0.112040684988922
36996742,0.2748928686361706
36996743,0.24399950882254542
36989375,0.10447430666455634
36989376,0.3694512166789548
36989378,0.09708975157121803
36989379,0.11723694250589156
36989380,0.2968280917104423
36972238,0.1937187044104501
36972239,0.1920544760303752
36972240,0.1371659561227453
36972241,0.1416725092644813
36972243,0.13916132422388772
37012073,0.16162557533304828
37012075,0.15835696769508925
37023412,0.09635213006619522
36998983,0.03738981457740274
37016764,0.12820301897365888
37016765,0.12999318897504258
37017029,0.08615950226670573
37017030,0.08983003870746127
37016260,0.15231459055784358
37015746,0.22052596627890236
37015748,0.25807919716057665
37015752,0.2072503967004062
37006443,0.1256179416729295
37006444,0.19851356064213324
37006445,0.11603415925506373
37006448,0.11548685670681015
37006449,0.19765842192035527
37006450,0.12632676045271332
36999017,0.08574979678597328
36999018,0.5132381150704698
36999021,0.15922195529589256
36999022,0.09019245933836775
36999024,0.16254487353066435
37012893,0.11981473528043775
37012894,0.21049298967074098
37012895,0.11011217454390146
37012896,0.20990644848569984
36996818,0.9954544123549401
36996819,0.15717298266351096
36996820,0.0944282442010783
36996822,1.9933465664493975
36991239,0.26245861219890226
36991240,0.2386260071245746
36991241,0.710418145773584
36991245,0.2612600461312344
36991246,0.2729567658070684
36999328,0.06244992367038576
36999331,0.26647223543837845
36999332,0.26343942457553854
37009246,0.2954458559795865
37009248,0.45807683294162294
37009249,0.39540879203319
37009251,0.8914078881068235
37009252,0.23617078526472934
37009593,0.05296689156672107
37009594,0.056764518027026006
37009124,0.2654637399285638
37009125,0.2702999911410097
37009126,0.4899439352449312
37009127,0.45629486643629896
37009130,0.5030404066007946
37009131,0.521555122663291
37015565,0.03797913884122512
37015566,0.08270390341514515
37023339,0.038429789927952034
36981391,0.22740253251436593
36981394,0.17493018985596331
36981396,0.19347461828746157
36981399,0.2804328320247987
37024083,0.08921873270612657
37024473,0.10493555629376136
37024362,0.10465761120865791
37024346,0.06257468711660194
36987728,0.11700848847876327
36987729,0.19602124701535434
36987731,0.13321235268663578
36987732,0.1433117321943252
36987734,0.10667368427389591
36990345,0.1387776061527198
36990346,0.7893828228350538
36990348,0.14070578996203886
36990349,0.12655121858229812
36993297,0.05540611647352229
37011933,0.10314454140039978
37011935,0.10938701973901498
37011937,0.10388571006202729
37011941,0.13557999687883748
37015465,0.0628902149367596
37015466,0.08245442286728767
37015467,0.08723951415265023
37015468,0.2657676208016248
36974586,0.5589943199288527
36974589,0.5683938824925718
36974590,0.4587736808015777
37009229,0.16715115905579192
37009231,0.10850158086491164
37009233,0.13949492175495518
37009234,0.1388667876561258
37009235,0.19358901216901972
36990638,0.09205064015489184
36990640,0.366363373833496
36990643,0.34357867031085265
37015789,0.11889073624789805
37012279,0.21265569646953947
37012280,0.24682938371160212
37012284,0.22536165256756235
37010956,0.2439911517043278
37010957,0.5165437198668328
37010959,0.24167655881268946
37010962,0.3642352233480969
37010963,0.5417870147133207
37010964,0.24661668049474508
37008149,0.04606536974033618
37008153,0.23841039925361468
36973804,0.39929183758800313
36973805,0.4516416160014612
36973806,0.40587136555888553
36973807,0.4540808468235252
37015869,0.13036749855755458
36974767,0.04784129548111353
36974768,0.04703861525443533
36972630,0.02207361318633603
37015197,0.23396665865052016
37015198,0.22864900105389382
36989191,0.37989470223847793
36989192,0.287320287535197
36989193,0.36030044596522187
36989194,0.2693800495268875
36998285,0.19519039902412869
36998286,0.3488551091149481
36998287,0.21769500890265092
36998288,0.3333664717881064
36998289,0.0633552591321925
36998290,0.20829881438436473
36998291,0.22555706203227172
36998292,0.05642249781955565
37024324,0.10961460147233679
37024325,0.22739146003059546
37024327,0.12379498483614253
37016634,1.185714809356833
37016635,0.49779473861802026
37016636,0.4655959190728048
37016637,0.41935721140982274
37016638,1.1661836344994079
37016639,0.6745012919289602
37016642,0.48528034010572185
37017118,0.06403767440612686
36995717,0.17508258600711413
36995718,0.14373996115565107
36995719,0.26563373329347567
36995720,0.15885530148405796
36976683,0.11257297103358399
36976684,0.09004847264303355
36976686,0.0800297302978944
36976689,0.09105014974537186
36976690,0.09584021791708705
36997577,0.05699395063384734
36997578,0.057960990905262896
36997579,0.047489104558239674
36997581,0.0907309046853119
36995091,0.1151404464894335
36995092,0.1304432119705841
36970261,0.18866487082550742
36970264,0.16520150453519747
36970266,0.1669496981952002
36970268,0.17055228334608552
36990275,0.10149298696926053
36990278,0.09571988509931847
36990280,0.07609092382449599
36990281,0.14332291164312913
36985833,0.5345702153340607
36985835,0.37281772477856573
36985836,0.547520709833496
36985838,0.3918060463147058
36985841,0.5424206216359531
36985842,0.39912505655297054
37015657,0.1111432756980223
37015658,0.014321963487423938
37015659,0.02459239069335127
37015660,0.11044093992359967
37012679,0.17272077633233437
37012680,0.46023226630471253
37012681,0.19540693911994025
37012682,0.1463468060230724
37012683,0.5865098391950622
37012684,0.4458170222143209
37012685,0.4102256477616358
37012686,0.4932792401672973
36964517,0.09339871337150475
36964518,0.14760315128065704
36964521,0.13423354755914355
36964525,0.11474185623837427
37016154,0.2853936007082605
37016155,0.2726097367671582
36971290,0.1536203639134198
36971291,0.12201794391560304
36971293,0.1243782904168064
36971297,0.1542418059486073
36979754,0.3744997640358746
36979756,0.34781992671951023
36979757,0.09215548347774255
36979760,0.1051237407636453
37015235,0.14399461816159476
37015246,0.09928461048004622
36993458,0.1431259155544125
36993460,0.11242286248885536
36993463,0.17727391353411698
36993464,0.16563766084244366
36991410,0.6215748045242264
36991411,0.507122808734436
36991412,0.17231200967096877
36991416,0.49269177894850325
36991419,0.18410907207795185
36997539,0.05472253850725543
36997540,0.05444485491555681
36997541,0.07241404909035498
36997542,0.08391639569341106
36997543,0.2264647536748096
36997544,0.06854617056105175
36997545,0.076355852633607
36997546,0.07275354625286122
36997547,0.0550916016399224
37014124,0.1379736991493092
37014125,0.11301777834390972
37014126,0.14289671471386367
37016074,0.1404783048890009
37016075,0.13774318649287232
37024459,0.08851450761298613
37009919,0.322071606621756
37009920,0.22963169331661126
37009926,0.23580272241203856
36974985,0.15099319797171162
36974986,0.16187965154302322
37015154,0.06093993592024574
37007968,0.6362664058863652
37007973,0.29698059012633804
37007974,0.4322058613770966
37007975,0.3520127371191156
37007976,0.49855330632834605
37007977,0.6312077462292907
36978575,0.15063729053676933
36978579,0.2166322193871615
36978581,0.22235064743578678
36978583,0.23910541345816402
37019778,0.08084525783771548
37019779,0.1533014648959229
37019780,0.14643837063905302
37019781,0.06920561949033913
37023186,0.2078629945482803
37023187,0.3707380067514699
37023188,0.20817435889962213
37023189,0.36407981076453655
36983712,0.05140385788230937
36983719,0.07443807526254663
37008097,0.5732359874577312
37008098,0.24014976884292244
37008099,0.2903701796570745
37008100,0.4876263476124703
37008101,0.22805646538022425
37008102,1.2593381396178132
37008103,0.2366173122763669
37008104,0.5195789451851381
37008105,0.27940690200346685
37008106,0.3575878311593303
36979484,0.07070096618997075
36979485,0.07051017714587698
37012828,0.4818626193194082
37012829,0.20008011032023212
37012830,0.27365697000404127
37012831,0.19842261183019125
37012832,0.31925289439129695
37012833,0.2566105179952098
37012834,0.7693695338944648
37012835,0.2494301020265078
37012836,0.32306464112963873
37012837,0.29111720885694115
37024159,0.17225701035284754
37024160,0.16069310452495492
37024161,0.08446023907378185
37023430,0.09059439348512467
37023431,0.10582580793706753
37023504,0.20814910497364206
37023505,0.22318102753612906
37023506,0.24010282252175497
37023507,0.167058572546835
37023508,0.08980095484631345
37023509,0.21556074072554895
37023510,0.1321851546280221
37015780,0.09376972118106784
37014112,0.16192411699376977
37014113,0.16427074136956327
37015006,0.09257694123194218
37015007,0.06724932464214212
37015673,0.4226756605126559
37015674,0.2801550359650713
37015675,0.2904783398515215
37008894,0.1082354961240839
37008895,0.11296756312711657
37015457,0.06500384112994907
37015458,0.06542184160897786
36992899,0.25133188933635653
36992902,0.1765842639957044
36992904,0.2884054875510472
36992907,0.17395285482704537
36992908,0.2042773603585954
36992351,0.13588610600338477
36992352,0.1663950467403451
36992354,0.22672283675594984
36992356,0.21128579530355815
36992358,0.24575043587060388
36992359,0.14573695162768338
36989217,0.35023287608774994
36989221,0.4431307554051932
36989222,0.13927447181245498
36989225,0.28975171871185645
36989226,0.31430731678013085
36998542,0.14897469568011257
36998543,0.30692367102650414
36998544,0.15080170642413834
36998545,0.6092552003392037
36998546,0.10880134863318912
36998547,0.31709099968713333
36998548,0.13142197506127073
36998549,0.5012675002183922
36998550,0.340614616800175
36998551,0.32749088500642487
36996550,0.45794271399786246
36996551,0.4325490509435442
36996552,0.24765683358812968
36996553,0.23360408855076736
36996554,0.2174417888930576
36996555,0.18550763788331695
36996556,0.20169930888550738
36996557,0.20696042768794973
36996558,0.21595447822019878
36996559,0.16922167760843793
36985167,0.4881096174093457
36985168,0.5563462711834906
36985169,0.5622049774408905
36985170,0.3435651925045612
36985171,0.44853674912150004
36985172,0.48622152825115655
36985173,0.24907991416884903
36985174,0.23664030003039607
37006830,0.08819939476320787
37006831,0.233377932336866
37006832,0.08422127784395626
37006833,0.23695994303122606
36974209,0.07386232579553903
36974210,0.16424442494070463
36974211,0.09859532574914817
36974212,0.08666771991281987
36974213,0.13814279606359953
36974214,0.16649438317753434
36974215,0.16157057438185934
36974216,0.0845694383243716
36984500,0.12329292397778586
36984501,0.900344651652891
36984503,0.1261394861459267
36984506,0.2806333740139298
36984507,0.30596875067113166
36984509,0.3064258128825643
37014726,0.10150040937270326
37014728,0.0120673125232435
37014729,0.7395559226671555
36980713,0.2965116419896943
36980714,0.2785589049012345
36980715,0.13338306836658362
36980716,0.10372734846790019
36980717,0.13623323730990952
36980718,0.12776546721256074
36998533,0.10801644680140454
36998535,0.4691493265126035
36998536,0.12169183755379744
36998537,0.07177107439690751
36958723,0.49747553914195347
36958725,0.49234541458339204
36959677,0.30740006110803747
36959678,0.08704238205350516
36959679,0.10736911165193351
36959680,0.2186114768074161
36959681,0.21984619010891285
36959682,0.20684248281534234
36959683,0.17881162584706903
36992371,0.15445865175609824
36992372,0.3074673371392432
36992373,0.15282652916654182
36992374,0.1611782731566076
36992375,0.19830187218676462
36979980,0.0632482425158051
36979982,0.0382064681430206
36979983,0.1376741623853213
36979985,0.06825942070961391
36979988,0.06037698258725445
37022285,0.054181811853205766
37022286,0.13949414190489845
37022287,0.2663675593895077
37022289,0.05728747973221978
37010179,0.15635335021149405
37012678,0.024944944229565166
36974875,0.055419468633842124
36974876,0.043569219757879696
36969971,0.03196046938553543
36969973,0.04981014212806118
37007603,0.2533729911469971
37007604,0.08911408406688875
37007605,0.10420082897163357
37007607,0.17621475141766274
37015726,0.18562483872456892
37015727,0.24190600079930083
37015728,0.21534464276241144
37015729,0.17688058980941535
37015730,0.22727924254353468
37015732,0.17215599238245527
37016188,0.4512082622099497
37016189,0.2757414331609156
37014074,0.11424518741458382
37014075,0.2110959976116543
37014076,0.2109929305630196
37014078,0.1943099729660185
36974619,0.1554198855406737
37022328,0.09845551020824936
37022329,0.5451952814680313
37022331,0.5530240396873753
37022332,0.29429361370327206
37024291,0.19683981141840684
37024292,0.19963281504126143
37024293,0.31080453328413477
37016663,0.14765532377157758
37016664,0.15143492954324972
37016665,0.154765829130086
37016210,0.36329484793609035
37016211,0.07888682836970053
37016212,1.3076494550523314
37016213,1.307162374511542
37009101,0.04987961938418416
37015663,0.04067122597317824
37014615,0.09726687273451164
37014616,0.23870347023221977
37013270,1.2628638877958187
37013271,0.07267724927249063
37014617,0.12220703361647194
36998255,0.11133194389019646
36998256,0.15005592243532684
36998260,0.9005936845573601
36998261,0.1896581866678096
36998262,0.9151992850253444
36998264,0.11868300224391146
37011692,0.11693953822646995
37011695,0.11654823034413946
37017066,0.08917614719976465
36977414,0.03551516273284247
36977415,0.1960778569186354
36977416,0.6065453261265837
36977417,0.27236799892642494
36977419,0.06384655864559077
36977420,0.12681578242701694
36977421,0.20157358040775006
36999395,0.03431837160598698
36987540,0.11367716106015972
36987541,0.0681201439492542
36987543,0.056961723637383735
36987546,0.056523349624219024
36991277,0.31822949294484376
36991278,0.3585641356858559
36991279,0.3804101617570165
36991281,0.17732538879187115
36988598,0.2720989699239735
36988600,0.38957197685838424
36988604,0.22867318488624044
36991471,0.04837659500422516
36991473,0.08031403171332904
36991474,0.049984089417069694
36962424,0.3561733710467757
36962425,0.22404449697302284
36962426,0.43062393618463235
36962427,0.45650197124955866
36962428,0.3368978099437412
36962429,0.3131283032402763
36962431,0.11978698217671085
36962432,0.206187052278477
36996693,0.19897277585986523
36996694,0.19425026152966704
36996695,0.2755262541353566
43433194,0.0985291365110713
43433195,0.07804636483777844
36982109,0.09404469981131293
36982110,0.17556885323094776
36982111,0.05961627441524138
36982112,0.04569635767432092
36982113,0.05611500050561549
36982114,0.05261027783942377
36982115,0.08294037685875139
36982117,0.11818109033537785
36958446,0.5133017293071584
36958447,0.3554652921856716
36958448,0.25444955129493846
36958450,0.14997670986597525
36958451,0.2684935140819829
36958452,0.6465880504424752
36958453,0.4567017894069237
36960167,0.14035397891254722
36960168,0.22900293575166633
36960169,0.20765989118792844
36960170,0.16838140051546205
36960171,0.48012078571797806
36960172,0.22468778055331842
36960173,0.345073003166081
36960174,0.09965872720664011
36972718,0.6011701408907264
36972719,0.16416970894695815
36972720,0.13365474925611873
36972721,0.15491709012915
36972722,0.1439340217054194
36972723,0.49884855932768835
36972724,0.2824208804481391
36972725,0.16488155335267365
36972726,0.19181521456559594
36972727,0.3208695476350173
36972946,0.2380395155045883
36972947,0.3956366464791764
36972948,0.20135696345061416
36972949,0.22941368799508188
36972951,0.16652697530368782
36972954,0.1636358984234758
36976460,0.13876910051879332
36976461,0.08170846452088583
36976462,0.12532207033418746
36976463,0.7788511928367848
36976465,0.7750692862047648
36976466,0.12511547834234174
36976468,0.09067511374176591
36955690,0.28846694392033606
36955691,0.1679811011651444
36955692,0.2771521776319153
36955693,0.17429660962942467
36956143,0.11597524548089547
36956144,0.08866724487748867
36956145,0.07368619949549067
36956146,0.0696653746973564
36956147,0.08671571790125977
36956148,0.08281799256348514
36956149,0.07464868108060825
36956150,0.07549581875836553
36956151,0.07575936491253271
36960438,0.17896806974880294
36960439,0.24472993240137986
36960440,0.237233479082259
36960441,0.24155568197869592
36960442,0.18329717706621745
36960443,0.17621590762614817
36960446,0.29253088530929455
36960447,0.17972596994155618
37014131,0.4305987569070903
37016467,0.24976668991211798
37016468,0.235444785576062
37016470,0.03973874851455588
36970384,0.05069084373634354
36970385,0.055010088310221555
36970386,0.05557763722387626
36970387,0.05039705847144369
36970388,0.07256921691476557
36970390,0.07257553210216014
37023653,0.09002009866875434
37023654,0.09619272512170951
37011995,0.6644113750185611
37011998,0.7436400519991103
37012000,0.5711408345891081
37012001,0.834412858222469
37014012,0.11279901880928898
37014021,0.11703328024767244
36971971,0.0450974032816332
36971972,0.10289115675083013
36971974,0.10132045488329099
36971975,0.0463290297052219
36989877,0.21980293756282784
36989879,0.1479024883702277
36989880,0.1562883054606735
36989881,0.16624423152589177
36989884,0.19415388850717066
36989885,0.1415273215357332
36966798,0.24082986257165653
36966799,0.12868626024138977
36966800,0.43004726268342636
36966801,0.3648085301095472
36966802,1.3393575621801952
36966803,0.10857274900231915
36966804,0.4398485898465037
36991152,0.2296924691372922
36991154,0.2155566853345403
36991156,0.15035274440474908
36991160,0.24471238227125416
36973786,0.03851429524216803
36973787,0.0588968675411599
37010480,0.21892666194693525
37010481,0.20483324122108176
37010483,0.21743676760410782
37021865,0.13051195566251467
37021866,0.7372028125403777
37021867,0.08144832255171386
36972331,0.2776703390235512
36972333,0.21994538594459775
36972334,0.25968642162217875
36972335,0.28060706952792974
36969609,0.3424391486915686
36969610,0.25548549870155085
36969611,0.23835464434691728
36969612,0.28373431198575344
36969613,0.2890037285104938
36969616,0.2705777554206777
36969589,0.4950249957244695
36969590,0.132634985132533
36969593,0.20018490749481244
36969594,0.2686004669228219
36969595,0.1983258480666388
36969596,0.19758449251083463
36969598,0.08604006967113893
37020696,0.8819462401724304
37020699,0.35838948294861817
37020701,0.7851158562573706
37023094,0.14380539943403137
37023095,0.05896442622402891
37023096,0.05515101221963896
37023097,0.08079466892124758
37023098,0.1434712440033211
37019931,0.13603272432343866
37019932,0.13671202145627084
37019933,0.12336254827927447
37019934,0.04828492255131482
36976648,0.10564518591093328
36976649,0.4553309333207474
36976650,0.09878056746976388
36976651,0.1349872355461937
36976652,0.20966923260053497
36976654,0.20259632005716718
37016113,0.11821434210261009
37023468,0.0913358118929655
37009216,0.22020116132047884
37009217,0.11478941083930722
37009218,0.09171914310416354
37006725,0.14018213060277085
37006726,0.14129942941313517
37016129,0.13433346075266117
37016130,0.15188185284821212
37016131,0.12597450717833486
36998452,0.04967649217937145
36998453,0.05072687244577035
36998455,0.08464702681536303
36998456,0.04385600385318593
36995230,0.06760440375739041
36995231,0.07989321749584774
36995232,0.08881458417329272
36995233,0.0726909360950247
36995235,0.10142330242269497
36995236,0.09402213478694951
36992247,0.09578387063717549
36992248,0.16881125353565712
36992250,0.16656131899640877
36992251,0.18556554130052622
36992252,0.14312294444510443
36992253,0.0970541815223377
36983132,0.17839932655609778
36985795,0.0830054340764001
36985796,0.07449378155039228
36985800,0.2225150964899732
36985804,0.25347415015667857
37011451,0.118569268062421
37011454,0.08086834782046115
37011456,0.1190401734123906
37011457,0.14636963296113029
37011458,0.14732843358221373
37011459,0.12347968226868031
36999306,0.21877743887049972
36999308,0.16838424575457958
36999310,0.17698833280329976
36999311,0.11777070421632789
36999312,0.2512203156486393
37015359,0.12244660574800383
37015361,0.18868131735563112
37015362,0.4096753226674443
37015363,0.18528608232115606
37015366,0.12003139391191378
36976706,0.5554864495917843
36976707,0.4982958242253779
36976708,0.5099315729522429
36976709,0.7251926009380198
36976710,0.239579736493213
36976711,0.6464578609803157
36976712,0.7332303624802854
36956682,0.21094635467450848
36956683,0.1611175936865572
36956684,0.42013176361215687
36956685,0.37255585096167454
36956687,0.24729432960542788
36956688,0.12659664240087892
36996409,0.0785691682298966
36996410,0.10633175607129902
36996411,0.11399248961693956
36995750,0.202313718744168
36995753,0.24271656121874113
36995754,0.17125841169148004
37015974,0.10302235056077488
37015975,0.2056358574914051
37013635,0.1273235236379436
37013636,0.21007159871660588
37013637,0.1887737082851342
36984801,0.09937785689647115
36984802,0.09747317467664053
36984803,0.10102226792414386
36999106,0.07225068152794667
36999107,0.07255775086438518
36999108,0.12498755093250898
37015817,0.06553960476045632
37015818,0.07420621523708384
37015819,0.14611379194669005
37015820,0.3990933324445922
37015821,0.08014795892553588
37015823,0.5194201078286994
37015824,0.3512354740623998
36998902,0.11855287375527405
36998903,0.12321265719239004
36998904,0.10743076738089381
36998905,0.12146302868398968
36998400,0.20236955909265533
36998401,0.30761937351196306
36998402,0.09851210116596477
36998403,0.19024398209776336
36998404,0.13423858424782603
36998405,0.3771171178304195
36998406,0.07710013240528919
36998407,0.0696861810567804
37007820,0.12066571858875723
37007821,0.29524253490753793
37007823,0.13714928313823732
37007825,0.2555262450566147
37007826,0.3635321418643471
37007827,0.28333849188936483
37013456,0.13188330676040758
37013457,0.14308516973149432
37013458,0.13566515896502598
37013460,0.0830899067751015
36972747,2.6816843374406925
36972748,0.40257396378709615
36972749,2.656812680717434
36972750,0.38313261109660524
36972751,0.17819857907265016
36972752,0.15208017037029312
36962184,0.19067087595702548
36962185,0.20617866700475057
36962186,0.27590044417648346
36962187,0.23858620396193567
36962188,0.21533461137809254
36962189,0.22024277881900603
36962190,0.2900312961748684
36962191,0.11993500751592921
36962192,0.23264072578363537
36962193,0.1997400712117612
37015045,0.7808960296171767
37015047,0.7786905442240923
37015048,0.06915736153880085
37015049,0.22326572697750632
37015050,0.4581409821305399
37015051,0.07444744924279331
37015052,0.5878571005104906
37015053,0.07611880347925933
37018284,0.2912463824257536
37018285,0.2486144353009047
37018286,0.20113034551771303
37018287,0.22458575914825565
37018290,0.23715655190043394
37018291,0.22856673963263435
37018292,0.1462504025954241
37018293,0.14962659277704363
36980686,0.44030893976403235
36980689,0.5491507513375342
36980692,0.398034377602715
36980693,0.4271583987561482
36980694,0.6835748128182703
36980695,0.6060418825029023
37017824,0.09289333570147874
37017825,0.4606669140357932
37017826,0.44799466454031106
37017828,0.3379350767499124
37017829,0.4372763142711253
37017831,0.11089039542770199
37017832,0.14812300160422728
37017833,0.6735322135051164
37016014,0.13678348605554808
36972600,0.04653777200271213
36972601,0.045747016511819345
36972602,0.10981184870107395
36972603,0.046103153819378725
37006421,0.13524883450235392
37006425,0.24559566385441328
37012663,0.2960016061667853
37012664,0.3051032481105769
37015596,0.25637699001447906
37015597,0.19879212579971522
37015598,0.19634128168882928
37015599,0.2700663634383098
36996245,0.07998922678515108
36996246,0.09057012598513789
36982247,0.18353255413275485
36982249,0.15571762539634548
36982250,0.1469117148427207
36982253,0.1753610575100457
36982254,0.11956903533997501
36982255,0.16520120710926653
36999154,0.10401200077490426
36999155,0.07601766488486077
36961980,0.31278230404695195
36961981,0.3479794089539487
36961982,0.20970724272321925
36961984,0.7484235712393118
36961985,0.2300219668131593
36961986,0.22887012116297706
36961988,0.794655323727026
36970222,0.2669727599643424
36970223,0.1184689558307299
36970224,0.10575622175918847
36970225,0.09120782238459228
36970226,0.13365667909872694
36970227,0.567097734224054
36970228,0.13916408147035744
36970229,1.3100338497061632
36970230,0.1089586297784968
36970231,0.16274889238403983
36996382,0.04921680352090677
36996386,0.06135704996684358
36996306,0.12514804926120707
36996307,0.21498918897533104
36996309,1.6981926086530057
36996310,0.12971885973030436
36996311,0.14288160133797745
36996312,0.4831137268465858
36996315,0.5640505158685647
36977893,0.42456155796437617
36977894,0.18519195389202472
36977896,0.2981596633815938
36977898,0.20878715761615288
36962942,0.13607842945864604
36962943,0.17210823559221108
36962944,0.16346632172886402
36962945,0.08476120089769006
36962946,0.5239392029195171
36962947,0.20671055709263345
36962948,0.10171049200007157
36962950,0.14382212647743037
36989038,0.08804021631433509
36989039,0.1262770639213256
36989042,0.12594354496414709
36989043,0.10485819091393393
36989044,0.11883031811178739
36989045,0.5098870612302935
36989046,0.557588475718665
36967799,0.31087064683900584
36967802,0.288423128527486
36976665,0.42552213529355115
36976666,0.09138468468842767
36976668,0.10639182692964354
36976670,0.13804823737749772
36976671,0.43835976856192393
36976673,0.12055574276634395
36997732,0.10627583398974083
36997733,0.1338759792283542
36997734,0.1493612715098271
36997735,0.11801840280590041
37024380,0.07939982486353622
36972560,0.22196097325405842
36972561,0.062486403196938385
36972562,0.07139862287130773
36972564,0.24520853268126383
37006761,0.35183402352660165
37006762,0.40728048777986897
37006765,0.5138345931808919
37006767,0.8431695655250584
37006768,0.49522784366169764
37014956,0.11699258783500721
37014959,0.16204228402828058
37014960,0.17600781594343604
37014805,0.12535199342439834
37014807,0.15092859994995575
37014808,0.1883210454364327
37014810,0.1841764985765137
37014811,0.19127518004742422
37014812,0.19056183895053458
37014918,0.10830029370184997
37014924,0.350718314594359
37014925,0.17355979641793245
36989309,0.2165298096729621
36989310,0.2062494247655227
37009158,0.2153331923575195
37009159,1.333112155358208
37009160,0.24968648535438495
37009161,0.19571994007770482
37009162,0.26477346481948205
37009163,1.1485934793580628
37009164,0.2159370545631043
37009165,1.2945307218474413
37009166,0.3885693651768817
37009167,0.2756190347360016
37010975,0.029539538452256632
37010976,0.11615167343422966
37010978,0.09225956554739347
37010980,0.029675482115902343
36994574,0.08304149432057203
36994575,0.0835079479866631
36994578,0.07644498622547398
36994579,0.08819609547231963
37016042,0.6585033457749377
37016043,1.3655450229800472
37016044,1.3682120341780395
37016047,0.3479863853079267
37016048,0.7159722844146803
37016049,1.1860073126662383
37016050,0.2934878634459259
37021596,0.1787918857268343
37021597,0.08145655768485158
37021598,0.7799955755971834
37021599,0.0914314478936375
36986053,0.5192151973214295
36986054,0.2333577719288485
36986055,0.49811589491981234
36986056,0.30659460257574145
36986058,0.510262853857017
36986059,0.49954958798113624
36986061,0.22068547938365968
37023498,0.07778439261771543
37023500,0.5860232058847479
36981574,0.1725767347581103
36981575,0.4507567767425518
36981576,0.45727566701164263
36981580,0.09728499680230511
36981581,0.41986809986728524
36981582,0.43128994934606396
37024269,0.08511357446066219
37016860,0.6105105403274287
37016861,0.2614566307504744
37016862,0.3005905121893352
37016864,0.20644172587123302
37016865,0.29163920746061556
37016866,0.11941195938090446
37016867,0.6778896381809303
36997335,0.21879606080749517
36997336,0.14261001021915073
36997338,0.1431870700485525
36981051,0.08350511324486175
36981052,0.10811043700498038
36981055,0.07764802169061456
36981058,0.05619818858056315
36981059,0.05284908430958644
36962500,0.2916118141228166
36962501,0.2367741446386931
36962504,0.23942803547017177
36962506,1.2937333595819374
36962507,0.9909647199622321
36992510,0.835848672147435
36992511,0.2473529813657863
36992514,0.5129456164821267
36992515,0.09938162533257103
36992323,0.37817384463776405
36992325,0.30150757595251226
36992326,0.47437654423429215
36992330,0.5204786470754326
36990470,0.24874734354878025
36990471,0.18982855074847776
36990472,0.2366306307840126
36990473,0.10170325815657243
36979664,0.248516774583499
36979665,0.24944706888362195
36979667,0.6288963447834055
36979669,0.22510156204677326
36979670,0.6585173635997483
36986405,0.12322309839357994
36986407,0.07674461651625235
36986408,0.5391652906342361
36986409,0.5137998158835779
36966320,0.12018667769343849
36966322,0.08339418049208223
36966323,0.1646074733417541
36966324,0.15137224706406704
36966325,0.22109222954194954
36966326,0.08343001882918798
36956441,0.2405613751091117
36956442,0.4302137474924398
36956443,0.3651789938655065
36956444,0.18290482141850736
36956445,0.3813425460327358
36956447,0.31812365663102293
36956448,0.5132043622318974
36956449,0.17603269495623824
36960738,0.24251257615510813
36960739,0.30258320812698825
36960741,0.04531691387962174
36960743,0.060856752256802364
36960745,0.08087260875958276
36967243,0.3055337713044686
36967244,0.3688201318646059
36967246,0.5185307508311219
36967248,0.36069095357440456
37016032,0.22399341676276072
37016033,0.24821260727461877
37016035,0.22076615352929121
37016036,0.15398072271313448
37016037,0.28770213434883846
36995216,0.08073972895792338
36995217,0.07160644773561364
36995218,0.07639110713324897
36995219,0.07395460598003871
36995220,0.3091754135648024
36955955,0.08587334242936169
36955956,0.10646738262302538
36955957,0.15956663462316753
36955958,0.12320132328174348
36955961,0.15077383760234897
36955962,0.07675923421940781
36955963,0.09018905999631553
36981591,0.16718943593505406
36981592,0.3685307151885977
36981593,0.2516807969183124
36981594,0.16595495424516762
36981597,0.10545782395468249
36981598,0.1670695540318643
36981599,0.11829196384223437
36981600,0.12187165228173194
37011048,0.16190956951876365
37011050,0.27106185012958445
37011051,0.2540917627645043
37011052,0.144673919255788
37011053,0.18153844969925875
37011054,0.27420187139297547
37011055,0.24147630701433018
37011057,0.2873460425946826
37023990,0.29244310953638447
37023991,0.209341642908278
37023992,0.18142138596788662
37023993,0.17106147980880426
37023994,0.20838635685692708
37021910,0.09331061213159961
37021911,0.2541079369690435
37021912,0.20969940011499777
37021913,0.5664038816627066
37021915,0.707180226974531
37021916,0.1636680618067885
37021917,0.14580668085482504
37021918,0.2911492537581074
36994460,0.32841381836673034
36994462,0.14475907915106526
36994463,0.35741333887259474
36994464,0.15815820723225488
36994465,0.9486539892141598
36994467,0.22657077996941263
36994469,0.20544866470043321
37016685,0.6569403940368063
37016686,0.6411738178596674
37016687,0.9820598804698633
37016688,0.955180066915014
37016689,0.7804180182863492
37016690,0.574128954473759
37016691,0.18534894666438878
37016692,0.6315931202275347
37016693,0.180321154372446
37016694,0.22039998302974162
37022084,0.8199246461348866
37022085,0.2646338671613458
37022086,1.259557642733179
37022087,0.2589224242159225
37022088,0.8805283365742094
37022089,0.2830240194277678
37022090,0.23585502817746515
37022091,2.7399673383532948
37022092,0.3715760826625003
37021496,0.4498161211861556
37021497,0.46977021499003063
37021498,0.052541576067038215
37021499,0.05554022788716942
37021500,0.2022010164287893
37021501,0.1302510430665053
37007703,0.0573450729429347
37007704,0.05132620535061982
37007706,0.055516560382632
37007709,0.07109720616355081
37007711,0.3135390740037449
37007712,0.05884920865018007
36959102,0.15911679195003578
36959103,0.15451771350318816
36959104,0.1593209871109741
36959107,0.22137859136843718
36959110,0.15824998098710302
36959111,0.38339740848276305
36984994,0.07678552130366081
36984995,0.5747184572649588
36984996,0.08465733394720845
36984997,0.11839083855497828
36984998,0.27756894989543685
36984999,0.41634032777225494
36985001,0.8958161425252588
36955704,0.09280238787435706
36955705,0.16355659599120437
36955706,0.5307430837145997
36955707,0.20283689839190688
36955708,0.17403609581304566
36955709,0.22325436739078913
36955711,0.17969902837865473
36955712,0.14004868398217923
36990848,0.1114786112229078
36990849,0.0718388776803349
36990850,0.11859191512103966
36990851,0.10834977206446368
36998700,0.11347991308347471
36998701,0.1393806091141608
36998703,0.6028333599149376
36998704,0.13330507066782935
36998706,0.19979169326492313
36998707,0.49877211607827165
37014858,0.1836062511110308
37014859,0.06795880635418285
37014860,0.2716848612437186
37014861,0.08108432510525652
37014862,0.09591366421187364
37014863,0.11736346191726806
37014864,0.1648556451285281
37014865,0.06822155383750493
37014866,0.35129385986055756
36976218,0.1396439366367481
36976220,0.16930172496955623
36976221,0.3738702732664742
36976222,0.159285302200826
36976223,0.3898305963522122
36980796,0.30914990395375214
36980797,0.17660788401766056
36980799,0.2769481799148271
36980800,0.12319504493960654
36980803,0.06445921101866785
36961297,0.268225727475473
36961298,0.25070125635864876
36961299,0.4571834234997748
36961301,0.6538854918547349
36961302,0.3087328460908969
36961303,0.22085344298293413
36961304,0.23882872950275474
37016653,0.33382076746597655
37016654,0.4695810577913823
37016655,0.25029337419757847
37016656,0.20004502713441857
37016657,0.17298580465397612
37016660,0.5397747766332427
37016662,0.22679346807010617
37016740,0.10567188118062545
37016741,0.28949151194736295
37016742,0.22878687108975343
37016743,1.123537403932293
37016744,0.28843846669294837
37016745,0.17835490298594972
36975664,0.15861708851727868
36975666,0.05514703292585915
36975667,0.11486311026614741
36975668,0.3873465190390795
36975669,0.060510045346037614
36975670,0.0822148473830968
36975671,0.07615913000357832
36958540,0.23880094105774186
36958541,0.09877543930487194
36958542,0.38952372339993585
36958543,0.4914593112418942
36958545,0.4152578781618605
36958546,0.4524766524085192
36958547,0.5456636815798995
36958548,0.374438702643323
37020258,0.09366443060560635
37020259,0.09313522147652564
37020260,0.14269777172734932
37014821,0.14382859323902653
37014823,0.10966003868277478
37014826,1.0542787081084886
37014827,0.08864182881064465
37014828,0.11470149104302922
37014829,0.055033851224832966
37012708,0.0612170750927767
37012709,0.4455056339169905
37012711,0.31062061419657444
37012712,0.06292910976167662
37012713,0.05986488087709617
37012714,0.0630496115723682
37012715,0.07815346982300224
37013870,0.10153067508174804
37013871,0.131421695860433
37013872,0.06780909530806553
37013873,0.20531771958290881
37013874,0.7851086510256158
37013875,0.14699426740547247
37013876,0.0775849076489137
36969780,0.04364426585114203
36969783,0.10965454794350046
36969784,0.05005385326400502
36969785,0.10723982132801912
36969786,0.056056451335615445
36969787,0.06959462967816336
36969788,0.1043963299098421
36969789,0.11707218764350866
37010888,0.3371641012952849
37010889,0.31614610532074156
37010890,0.2954773760645427
37010891,0.32115384668845787
37010893,0.31489720682090305
37010894,0.33440613963536103
37010895,0.3739802385137685
37010896,0.3000508633298023
37011095,0.19606309934893848
37011102,0.12799727380623216
36985957,0.5667638926562653
36985960,0.07292407429960732
36985961,0.2096295017661534
36985963,0.11476707961577712
36985964,0.3587189189637212
36985965,0.19694107381100268
36998832,0.13877814186662832
36998834,0.1290999571765381
36998839,0.13192909209859513
36960640,0.32229154104288793
36960641,0.1667609515151779
36960642,0.15094482903617593
36960643,2.3545889269372537
36960644,0.21348499761654427
36960645,0.13954209077050458
36960646,0.18996099295639565
36960647,1.174614445092352
36960648,0.24414863745582993
36956547,0.15978460931317462
36956548,0.17380115457577175
36956549,0.1339948105708939
36956550,0.10949494755015118
36956551,0.25974954365620995
36956552,0.14158423901362927
36956553,1.0092743338042571
36956554,0.24409486539414776
36956555,0.13892809636501607
36956556,0.23272651854128032
36986918,0.06016692316781789
36985691,0.5771464010314512
36985694,0.5268570034067438
36985695,0.5579968408894491
36985696,0.5163108957506402
36985698,0.919355936379115
36995503,0.7836258917945698
36995504,0.7562011707590575
36995505,0.03792206565180563
36995506,0.3678644791699045
36995507,0.0744202443306043
36995508,0.055674696495039575
36995509,0.0438709932380406
37008272,0.06576610981271974
37008274,0.0593344381734811
37008275,0.05181575099373312
37008276,0.058711348889599675
37008277,0.06794210574799402
36988537,0.40453716670246664
36988538,0.8621943978723222
36988541,0.07203121695207396
36962240,0.13388948843334053
36962241,1.0547512373931638
36962242,1.141776747411262
36962243,0.1439660234689925
36962244,1.3222876568892776
36962245,1.0015314409381422
36962247,0.9278124076875561
36962248,0.2765302664130778
36962249,0.11791750260803054
36958348,0.10758690146123878
36958349,0.11066034002960892
36958350,0.08337702496957465
36958351,0.17889156221042743
36958352,0.09657100521663083
36958353,0.08181424043953367
36958354,0.10407431436780414
36958355,0.29726806773734343
36958356,0.6442260718352576
36976336,0.25252164126920545
36976337,0.12151013958427904
36976338,0.09441835903607133
36976339,0.200348342475589
36976340,0.12407096316188199
36976341,0.04171543271656354
36976342,0.11854270465813128
36976343,0.18546749974979684
36976344,0.06931501105752043
36976345,0.10526474580087491
37007443,0.14121726725025213
37007444,0.8278111204280808
37007446,0.1848941288813206
37007447,0.1723359845185202
37007448,0.6299755823553558
37007449,0.40559791280021107
36984863,0.4608287947273803
36984864,0.4463370074038728
36984865,0.10744499591415542
36984866,0.42368851697939797
36984867,0.1924496274975242
36984870,0.30185388066086344
36984871,0.1630911409744138
36989009,0.05220419671170078
36989010,0.7471600679953168
36989011,0.04485913203136607
36989012,0.050273173628606796
36989013,0.8976853994696661
36989014,0.07763756308704828
36989015,0.04448858957132585
36989016,0.7443865500985289
36991742,0.4380761075642366
36991743,0.2034176904119871
36991744,0.14102619294016217
36991745,0.13216798454348314
36991746,0.12896679792076388
36991747,0.10692785919882125
36991748,0.37490369155420544
37008202,0.14227982357324956
37008203,0.10298401422261269
37008204,0.13217431114559083
37008205,0.13091337508266926
37008206,0.07940390030354519
37008207,0.08400705626107262
37008208,0.8364140692516686
37008209,0.028439568754292675
37008210,0.09146730637884794
37012205,0.22354934933388723
37012206,0.21850596280636317
37012207,0.2174988928875071
37012208,0.4084803391097053
37015718,0.18039895074683984
37015719,0.08823856974332424
37023770,0.19866713751847065
37023771,0.18450830990588485
37023772,0.22005387125520687
37017203,0.4442177146473858
37017204,0.7539270018257953
37017205,0.8187523492273434
37017209,0.43783413008985683
37017210,0.4629467885036253
37017211,0.11980765450291364
36979054,0.24231453197012365
36979056,0.3474161865549035
36979057,0.2645928527699542
36979058,0.19434023468420472
36979059,0.4476268477783621
36979060,0.321074240656454
36979061,0.7192806924272693
36983934,0.26759298844256535
36983935,0.27325193213977067
36983936,0.20182377274052615
36983937,0.23481541393349895
36983938,0.14725716236213646
36983939,0.6354565269205681
36983941,0.8118674947852763
36983942,0.2079664028742656
36983943,0.3286077165160225
37011241,0.08292612417240754
37011242,0.0592022152811228
37011243,0.09664708314940265
37011244,0.08067301089654695
37011245,0.06611732911278616
37011246,0.06337373601059393
37011247,0.06483900902084494
37011248,0.061853611930289716
36969740,0.14469948168887853
36969741,0.0751297474868802
36969742,0.07017862454041382
36969743,0.1494847635887633
36969744,0.06725132102893752
36969745,0.5207898826922447
36969746,0.05576095073055839
36969747,0.08070179514457472
36969748,0.3345636942520648
36969749,0.7800155587285614
36955506,0.10847096229920661
36955507,0.2169010213546847
36955508,0.12723457266838692
36955509,0.19297423925096074
36955510,0.13838696135649411
36955511,0.06362257243772236
36955512,0.1589286011111472
36955513,0.053373095917539484
36955514,0.06662993563594902
37006470,0.36714321092796365
37006471,0.183318155797395
37006472,0.14265118306019103
37006473,1.2743829035827556
37006474,0.18670954293573674
37006476,0.112492702201021
37006477,0.14558776502183457
37006478,0.18364846449821293
37011885,0.10417459169639297
37011886,0.11751739675680734
37011888,0.14956519436871282
37011892,0.15087819654718673
37011893,0.4229898270146103
37010586,0.4553355924684854
37010587,0.20631352545925427
37010588,0.6116663093889604
37010589,0.25041451248029073
37010590,0.17096742328802714
37010591,0.6241209750705287
37010592,0.11575180764583959
37010593,0.13140624318437683
36979011,0.06395316066586157
36979013,0.17205112028727124
36979015,0.1881680614794261
36979018,0.06379036563717694
37009484,0.18412682713242734
37009485,0.18710333601748197
37009487,0.08722731148441806
37009488,0.0856113587617213
37009489,0.08322198169902728
37009490,0.1665097144649294
37009491,0.08614444245863365
37009492,0.16208170218206974
36992793,0.4637378845454752
36992794,0.05937816031536594
36992795,0.49663785782392667
36992796,0.4494285873376104
36992798,0.4556928851977102
36992799,0.29317586919318983
36980513,0.35171240359696193
36980514,0.08079944740165182
36980516,0.3878463080443007
36980517,0.2976117522536755
36960687,0.3736318002388676
36960689,0.20732476411652448
36960691,0.17621080373770773
36960692,0.37964378325652365
36960693,0.14969587499143167
36960694,0.166097596372669
37022669,0.10281022883891855
37022670,0.15150233219057638
37022671,0.09908055407871355
37022672,0.10847254531551433
37008740,0.15119061937603376
37008741,0.5208558284964191
37008742,0.18879517692892156
37008743,0.4384568457674836
37008744,0.20393892664794067
37008745,0.2599554262935685
37008747,1.5146485289569747
37008748,0.3481835611753002
37008749,0.33583973372276926
36961428,0.15722213331192436
36961429,0.1272027288940384
36961430,0.48027247485429253
36961431,0.10532235529601676
36961432,0.18216706479205036
36961433,0.0982560123794343
36961434,0.3456471088592977
36961435,0.29718181127154675
36961436,0.2619808140677289
36961437,0.1655055124189787
37006514,0.1653527052449575
37006515,0.16720781956137112
37006516,0.33984539369280686
37006517,0.12936832161569087
37006518,0.1864952552625483
37006519,0.11837221210579824
37006520,0.21192015450658258
37006521,0.18956013013776335
37006522,0.4581714725200825
37006523,0.17897603643698787
37018238,0.625972230139597
37018244,0.34665823487298886
37018245,0.42152355045966244
37018246,0.5240404591967034
37018618,0.23715438424247134
37018620,0.1219336682553351
37018621,0.20354211704167297
37016666,0.428852414029682
37016668,0.15969279298574926
37016669,0.46200102173325075
37016673,0.125469406726794
36969523,0.26185578777434204
36969524,0.2669016430512582
36969525,0.315837759477009
36969526,0.2521343342220957
36969528,0.0967367669953331
36969529,0.13676485751922388
37007641,0.7232132202118013
37007642,1.0216845647937152
37007643,0.5243112783422602
37007645,0.8880966033699678
37007646,0.5214168153870461
37007647,0.8771628400770477
37007648,0.8189949299577527
37007649,0.4111344939971158
37007650,0.5113680236759185
36964149,0.3083571736705345
36964150,0.639295918610678
36964151,0.12022205211049557
36964152,0.34635218751611835
36964153,0.09461851932958182
36964154,0.8045433416046113
36964155,0.15167499820644031
36964156,0.7814334230386438
36982812,0.20535391068607212
36982813,0.1058848261442578
36982814,0.14594331282539263
36982815,0.28042674359426084
36982816,1.2698309608015679
36982817,0.07960714163087064
36982818,0.1786583846210885
36982819,0.06565448910809606
36982820,0.3598322289549397
37017896,0.11805834463348143
37017897,0.09792723627775309
37017898,0.9964976035390268
37017899,0.07407778621777186
37017901,0.6523333709699104
37017902,0.12586278113030103
37017904,0.10500853394698435
37017905,0.48351179185292886
36988096,0.07710026748178557
36988097,0.08884684359945458
36988098,0.11293993869851725
36988100,0.12192424882804354
36988101,0.07160747222100862
36988102,0.3451378218676753
37016729,0.33257426891147424
37016730,0.5618223937456545
37016731,0.2995230252505883
37016732,1.5338055417071035
37016735,0.3211237590226559
37016737,0.1209271892677446
37016738,0.2925900169354972
36981269,0.09011465799147697
36981270,0.1585003434540463
36981271,0.0810857555578845
36981272,0.16195201764033312
36981273,0.16277535882274644
36981274,0.2671331770511297
36981275,0.23612666433456234
36993594,1.2206699849523608
36993595,0.10794187852023551
36993596,0.1067434390917868
36993597,0.11244189847740281
36993598,1.015413680060123
36993599,0.11819795363719618
36993600,1.0835680488584094
36993601,1.2130347804068276
36993602,0.19546884303757583
36993603,0.12268943576589843
37013704,0.16983382371994687
37013705,0.07801210216885086
37013706,0.13571914416373493
37013707,0.4443941604520193
37013708,0.6619732577644692
37013710,0.16721309727937722
37013711,0.13219526590171188
37013712,0.11049824172922214
37013713,0.14711937912378034
37015396,0.09955662045867034
37015397,0.08958330781513778
37015398,0.12676042674743204
37015399,0.08129407222210386
36987335,0.09165072172698333
36987337,0.09740220588791736
36987339,0.4709217972389366
36987342,0.549228272232932
36956950,0.717348039422278
36956951,0.4568142145484598
36956952,0.2347614407627598
36956953,0.5467287073047323
36956954,0.32803566358843117
36956955,0.2940083769289193
36956956,0.35722149577806556
36956957,0.37415440190481086
36986861,1.015669839625651
36986862,0.19374253396920385
36986863,0.19001366809477246
36986864,0.08550700159956845
36986865,0.24692595178102042
36986866,0.837344508546796
36986867,0.7711107689195794
36986868,0.1598263772457534
36986869,0.1395754475360626
36956152,0.15724447987136944
36956153,0.3039182895506324
36956154,0.10702675553190172
36956155,0.35140314105519205
36956156,0.4223261812564241
36956157,0.1439118589294718
36956159,0.18707275935969814
36956160,0.24743904747911918
37007628,0.12268218984901252
37007629,0.1887696318171467
37007630,0.1364020728706029
37007631,0.18312969132055124
37007632,0.12546083888414292
37007634,0.27485470461957456
37007635,0.38522683002404917
37007636,0.20950291424609138
37007637,0.17550037311982017
36962358,0.167806484058214
36962359,0.2664893800384133
36962360,0.2958255914559128
36962361,0.33074030639801166
36962362,0.2291804751757878
36962363,0.3490626753115479
36962364,0.22977954084722513
37016318,0.06498605676261676
37016319,0.05026638917886883
37016320,0.058363561005442786
36966951,0.10356252299892507
36966952,0.34916797113937814
36966953,0.39512593241862864
36966954,0.33160499614169814
36966956,0.09297512458171026
36966957,0.14558018797489525
36957836,0.4018852276566137
36957838,0.37757081306478635
36957840,0.6577539952780677
36957843,0.2856505317598607
36957844,0.22234513464859332
36991622,0.049983188308812904
36991623,0.04820699549980071
36991625,0.04800944648723641
36976938,0.15222545812242697
36976939,0.11035957142806242
36976940,0.2051105799464754
36976941,0.22628032318462163
36975003,0.2845736104124693
36975004,0.07577364369104247
36975005,0.3453249171035133
36975006,0.12910580622098888
36975007,0.10863106598672308
36975008,0.20645390322207588
36975009,0.219187320076675
36975010,0.1618615287630053
36975011,0.20245472414961785
36960756,1.1194900054814458
36960757,0.4528225868966232
36960758,0.36482910200868796
36960759,0.9805559867858188
36960760,0.4147565096263672
36960761,1.4276146230127755
36960762,0.33153596941264385
36960763,0.621747724368275
36960764,1.1324094008958656
36981237,0.0958296872778821
36981238,0.13232895101355654
36981239,0.27303838245249057
36981240,0.2052423959639786
36981241,0.3701780807704357
36956372,0.44035053000335134
36956373,0.3067138728239731
36956374,0.5959638029773507
36956375,0.19504585612499542
36956376,0.20650561376649668
36956377,0.30478967334551665
36956378,0.4898516975087087
36956379,0.44663987466307253
36956380,0.21244854998568238
36955661,0.1309398399768018
36955662,0.13303581982485885
36955663,0.11283581923157553
36955664,0.1683519383114195
36955665,0.4731301738806519
36955666,0.1535796854898878
36955667,0.517457526067845
36955668,0.4746603407488365
36955669,0.10851616202653935
36955670,0.11072405346800614
36977060,0.26355711259577264
36977061,0.25283262535025924
36977062,0.4047914744558449
36977064,0.39524135823229317
36977065,0.16386596213015564
36977066,0.23725207527495948
36977069,0.45032500211524884
36984622,0.4665407522687643
36984626,0.43074997788122443
36971989,0.2612441326891534
36971992,0.27992681432829175
36971993,0.47434151968322225
36971995,0.3766181886459035
36971997,0.19859812771722
36999296,0.09810392925634258
36999297,0.0537616640983973
36994768,0.03133822100453983
36991578,0.0315538597611148
36970995,0.15885902341124114
36970996,0.17867544055822016
36970997,0.28381672581601275
36970998,0.2418264117763126
36971001,0.29200940170304046
36989017,0.0678487541783845
36989018,0.06408884652023769
36989019,0.06429923123237125
36979859,0.0555090584616564
36979861,0.07375657135410098
37010576,0.3230850946872808
37010577,0.20254864379562615
37010579,0.30862030162679005
37010583,0.4798439953832161
36979887,0.13971194958891728
36979888,0.18185678131911273
36979889,0.2056398107879313
36979890,0.27735188492510826
36999181,0.079291107192797
36999182,0.17242718661966905
36974761,0.04972925153976715
36974762,0.04914388159694322
36974763,0.057444285903596605
36981666,0.09716506037509794
36981667,0.09422408449176194
37015496,0.0805251880896058
37015497,0.4338195517661443
37015498,0.42767524423518294
37015499,1.2986587051384901
36982012,0.10480428275886623
36982015,0.10606456912186198
37016807,0.217217376589771
37016808,0.08711315745996687
37016809,0.1875431701269916
37015843,0.08473857942119756
37015844,0.03301793316782445
37008428,0.16314804486443668
37008429,0.10805951179320089
37008430,0.10929117193144154
37008432,0.16223270481778618
36967225,0.623944452588161
36967226,0.6383646610677169
36967227,0.6186986779396446
36967228,0.13145710454873374
36967231,0.6251432725024
36967232,0.6397060409050301
36993942,0.3416721944348867
36993946,0.21762943527047432
36993947,0.1487388715969389
37022668,0.04982523115622655
37022587,0.07571663631541234
37015778,0.04144024408417827
37015779,0.034369389903599036
36998343,0.08500055825249493
36979081,0.09540030853324558
36979083,0.08086945546486886
36979084,0.11478634299507748
36979085,0.11490269222937845
36979086,0.12233247147667776
36999380,0.068004362579015
36999076,0.13048164325317846
36999077,0.11270701704029312
36999078,0.1394055416796537
36999079,0.11359172988880271
36999080,0.14397098063773744
36999188,0.1110486763120345
36999189,0.05225491172162475
36988360,0.04377852297643754
36988361,0.04691853468805998
36998155,0.09954564648578404
36998157,0.12032952592294698
36998158,0.09076524168074447
36998159,0.16110886638304195
36998161,0.10907091157249105
36998162,0.10352332160914039
36998163,0.12242234451583452
36998164,0.1435269704976055
37015283,0.13109772131741443
37015285,0.21713066427021002
37015286,0.13700487741588543
37015287,0.1707122434204054
37015288,0.156683535335767
37016257,0.11132651132216041
37016258,0.1265666368178332
37015312,0.1538670264238807
37015313,0.19758498687021742
37015314,0.16323247593036358
37015315,0.12368325316907205
36979415,0.07919326072581456
36979416,0.07163155419410419
36979417,0.16413928794263113
36979418,0.1038484736377489
36979419,0.16211956241077838
36988459,0.26347673411707495
36988463,0.22040734429040315
36988465,0.6325234416008176
36988467,0.4029393867496538
36988468,0.3103176150051938
37016148,0.08351242764472445
37014068,0.32515518791406806
37014069,0.5322267495354831
37014070,0.30005770698642886
37014073,0.4954823023916774
36998511,0.1681001256530748
36998513,0.13916000498386885
36998514,0.14518484640950402
36998515,0.14934124274392213
36998516,0.16679873867377834
36998517,0.2146444218431076
36998518,0.16205556296432955
36998519,0.21383569902732089
36998328,0.17426118598988183
36998329,0.22152896715962
36998331,0.21065813038256279
36998332,0.1697685943759441
37016274,0.1432211094989215
37011134,0.06000537678285014
37011135,0.11261032862488529
37011136,0.059417410948707165
37011137,0.11156043540501415
37024479,0.03414698594960132
36997946,0.19269441748969526
36997947,0.1306565137627616
37023753,0.10012965741677073
37023521,0.2878579390768141
37023523,0.2924606854273372
37018581,0.16062735266237488
37018585,0.1607168077403935
37018587,0.10694666800254575
37018588,0.1140607751446174
37018132,0.20750458734371938
37018134,0.18830603566880827
37018137,0.20071045331876164
37018138,0.15529051062114274
37016448,0.02364346840233907
37015996,0.017088242294426993
36999075,0.04916783773737832
36999322,0.19978799687422164
36999323,0.20978255250657302
37008320,0.5756499171871117
37008321,0.2686921123924329
37008322,0.11148374323175365
37008323,0.5856461667837844
37008324,0.5516379097496513
37008326,0.57600915973291
37008327,0.6907555921191164
37008328,1.2807861938721328
37008329,0.6253705971686343
36996947,0.05315388939501566
36996948,0.08586192448986939
36996949,0.10185207154678105
36996950,0.052384668167724226
36996951,0.08471276752730697
37008229,0.07678799172317931
37008230,0.05842065549992665
37008231,0.07376366592594971
37008232,0.04467095324141131
37008233,0.0465497552808071
36982745,0.2666729698876007
36982747,0.13036520366511276
36982749,0.19998578345905452
36982750,0.10943275261775356
36962434,0.17349575320014257
36962435,0.17589196475490718
36962436,0.185840555927405
36962438,0.19324488838830345
36966958,0.659351853540701
36966960,0.4528009030634618
36966961,0.062207278589433604
36966964,0.7651666071721638
36966965,0.6513840435875973
36966966,0.5784202608719736
37017650,0.8014304099198363
37017651,0.8109885574693918
37017654,0.5288481730148636
37012371,0.3938707382235336
37012372,0.418548959522385
37012373,0.6518846470217697
37012374,0.4734449266668629
37012375,0.518146082304255
37012376,0.3739124889487433
37012377,0.43113383329341265
37012378,0.4242735465994159
37012379,0.6523171426976181
37020301,0.06634393595771645
37020305,0.0579613094466701
36992165,0.31617921338706595
36992166,0.3745655436682036
36992167,0.3840303424657237
36992171,0.2423325033203874
36955182,0.41283312688677054
36955187,0.06918398511309036
36955190,0.07000657516816881
36965419,0.278574290881687
36965420,0.24778487790756717
36965421,0.11465011666596392
36965422,0.36104047347095164
36965424,0.0703256708767096
36965426,0.06903277478233148
36973876,0.047443139657699286
36973879,0.047688613050831725
36972965,0.14213488037787492
36972966,0.14095361340038895
36972967,0.14284614632856743
36972968,0.14575624365059503
36972969,0.2935305666751621
36972970,0.13421324073719382
36972971,0.14455471808488635
36962015,0.3633451504968074
36962017,0.5514782968077879
36962020,0.2764118021766824
36962022,0.2616372190363734
36962023,0.45215048882285896
36962024,0.5596118347777717
36969879,0.10480999034251136
36969880,0.15712043439257725
36969881,0.10475724160332076
36969882,0.10768496572420119
36969883,0.10381982818256281
36969884,0.1581556294211385
36969885,0.15021562227574525
36969886,0.10679994031091557
36969887,0.11277675419206813
36969888,0.14981746598125004
37016175,0.060684046341024464
37015923,0.07883270780390961
37015924,0.10429074353339544
37015925,0.079441636651177
37011104,0.2722130982264007
37011105,0.1837511498706764
37011106,0.390594612733733
37011107,0.2888841402673978
36978512,0.04949934905161989
37018589,0.08267979897596034
37016223,0.10406207559801006
37021082,0.2236034248712947
37021083,0.239212289951579
37020748,0.08100210298666267
37020749,0.08170177899978412
37020751,0.09938726232866245
37020752,0.092457475667747
37022592,0.18777981578732747
37022593,0.1805479873032715
37022594,0.1045093403930035
37022595,0.09652923275934483
37017844,0.23889878219379282
37017845,0.23428652266728914
37017846,0.0718520826438811
37018662,0.16086587397962615
37018664,0.19537558479077977
37018667,0.1593714678160195
37018310,0.0574091499515687
37018311,0.08566986170749402
37024173,0.10012181540749984
37024174,0.07874046709373982
37024175,0.08025334783956367
37024176,0.09836121671037135
37023385,0.22603459912578355
37023389,0.5313931400338134
37023390,0.7409084928469893
37015934,0.06306693468973117
37015935,0.45327832394239825
37013068,0.1771627438418292
37013069,0.6219273455303502
37013071,0.17955435397622477
37013073,0.6121103566095639
37013074,0.2268578720310365
37016264,0.11728086519021688
36984043,0.13159311231559326
36984046,0.17115929408197048
36984049,0.15980148905042268
36984051,0.13736917967149684
36975089,0.1338413629597994
36975091,0.1751115229880473
36975092,0.15471646613143955
36975094,0.15486447463888897
36975096,0.21387788940110725
36987192,0.22176454928434217
36987195,0.22350732691040137
36987198,0.24760132033844012
36987200,0.30554537981762
36987315,0.13005467149411748
36987316,0.08403016110932682
36987317,0.08827084115083296
36987318,0.23705188664197835
36987319,0.09283313927057474
36987320,0.11248166861047541
36987321,0.12308011601372179
36987322,0.06097373904375398
36987323,0.071719090648324
36987324,0.6516893045907494
36977793,0.09233673632895371
36977794,0.11844148835639895
36977795,0.12170866572857489
36977796,0.11666095319332859
36977798,0.281900363050446
36977799,0.08728395815865374
36977800,0.13584395395971785
36980657,0.30145946869830736
36980666,0.3419043627165596
36980471,0.25651884335108627
36980475,0.6016080875324411
36980476,0.1616056294999719
36980478,0.19691040127178935
36973212,0.07670347543079918
36973213,0.06467417624913757
36973214,0.04896517473040335
36973217,0.06033383120613425
36973218,0.08753459994624076
37015209,0.1248814775077315
37015210,0.12385014568153942
37015212,0.9161260327083927
36982553,0.10827201214690711
36982554,0.0651381973305502
36982555,0.07818584755298578
36982559,0.06641740344709329
36982561,0.11323771032453682
36982562,0.07270723794309322
36992653,0.15536491080022735
36992656,0.17517658583684897
36992657,0.2423664315303585
36992659,0.15758367288983505
36992660,0.23969045014539497
36992661,0.14135218078914918
36960515,0.2620525129109099
36960516,0.18231835756070275
36960517,0.16415674901862914
36960519,0.18297525628944927
36960521,0.2841571099593984
36960522,0.24665584244503988
36960523,0.16748772369761547
36971985,0.19131731264976484
36971987,0.2841567363924503
36971988,0.6353664173719327
37011347,0.43348887162055066
37011348,0.12662607614767754
37011349,0.17858896708842242
37011350,0.12563431191285243
37011351,0.1273436272330485
37011352,0.4051176901025772
37011354,0.5415704778374846
37014439,0.33812641910227065
37014441,0.10039387714069375
37014443,0.09336029758774259
37014444,0.17641328026072697
37014445,0.07396023439329073
37014446,0.2858844116323051
37014027,0.163924638297336
37014028,0.498564994608735
37014031,0.17437494495665964
37014032,0.2384554053801312
37011598,0.11437170482659172
37011600,0.1828408060481748
37011603,0.13390694168097464
37011604,0.1790117663327831
36993178,0.05141784624549186
36993179,0.059437073373002546
36993180,0.057390248600903
36993181,0.05180831847262283
36968131,0.23677163090586925
36968134,0.2470371763625805
36968136,0.1658369410463872
36968138,0.21087695402217219
37013469,0.2570674839915094
37013470,0.2686544354234778
37013471,0.2749518420614009
37013472,0.46537826724927717
37013473,0.29415924623922707
37013476,0.21232699989314072
37013477,0.4155230416177289
37013478,0.3047735715188734
36998800,0.05187505966193007
36998802,0.15879897747508723
36998804,0.10394886124962498
36998807,0.047065699766161734
43427940,0.6089632718941719
43427941,0.2884488770794947
43427944,0.24255520649523207
43427945,0.23291172537963425
43427946,0.27411233846521454
43427947,0.4984782971545413
43427948,0.29617048716003036
37009903,0.3788468937784439
37009906,0.48692443383147427
37009907,0.40523062086383665
37009909,0.28572527394908054
37015001,0.3826583485795677
37015002,0.323019012490407
37016242,0.029766367070483378
37016243,0.033556206563923004
36976287,0.07442649008806296
36976288,0.07648219593733128
36976289,0.08974943710724084
36976290,0.03137565760725743
36976291,0.0755285822580848
36976292,0.03155998411537262
36960773,0.2376120324696212
36960774,0.7189040616029523
36960775,0.1549903552768233
36960776,0.37199041000779265
36960777,0.13671902745709852
36960778,0.24885273399533248
36960780,0.23810117549912846
36960781,0.5031863021864513
37010311,0.029349098396869337
37015297,0.10294349594059872
37015298,0.10706888276836833
37015947,0.13500121223944483
37015948,0.03790330069269932
37024464,0.1596591923936856
37019733,0.39783126467633834
37019734,1.0657850216900788
37019735,0.24601312832558547
37019736,0.25496709096716536
37019737,0.37995944577428953
37019738,0.39916163952924866
37019740,0.1972656060244313
37019741,0.41128030039697533
37019742,0.16505187222872605
37024418,0.13434842402871205
37024420,0.1879047346675011
36970143,0.12752819205518232
36970144,0.1755306216996789
36970145,0.1753427880170792
36970146,0.18103343872824104
36970147,0.27782182869754146
36970148,0.2594508548539693
36970149,0.28942074600283235
36970150,0.2715153997093768
36970151,0.1516981697358501
36995641,0.11088127127950814
36995642,0.28368377762432817
37018971,0.04775357546854916
37018972,0.036448846006233854
37018973,0.02810283652799355
37018974,0.04504297095335677
37024476,0.6554277423126581
37024477,0.690381887127494
37024478,0.6609013005997256
37021513,0.12864337977383788
37021514,0.12300440686943082
37021516,0.11271308075672058
37021519,0.1356840655152448
36972972,0.19506057769288063
36972973,0.19843034140281435
36972974,0.20004588416149105
36972975,0.04871024235926763
36972976,0.059096308621140466
36972977,0.19972514298869848
36972978,0.15510603504136247
36972979,0.20970415597145114
36972980,0.06259960089950017
36972981,0.22317908567623818
37017109,0.08728641597477405
37015367,0.1367797149740642
37015370,0.13528577971104178
37016255,0.37956618298840306
37016256,0.3678656067292017
37021559,0.04778464003697566
37014997,1.3699849712724508
37015000,0.06516765530881008
37010497,0.13170323189366093
37010505,0.1374637170358781
37016106,0.2080298806929279
37016107,0.23780700512030822
37016108,0.10646374620013821
37014804,0.021607471069685833
36999039,0.11543324882709823
36999040,0.18088609575846207
36999042,0.11364234960027303
36999044,0.18572889997415246
36999045,0.07589500130138399
36998478,0.40481806263499504
36998479,0.5334649304588954
36998480,0.1449210426195798
36998481,0.3903618856680572
36994003,0.10816932091166263
36994004,0.08756590237481106
36994005,0.10392001097427761
36994007,0.1303038333485423
36994008,0.16333299216625505
36984813,0.40308612653501974
36984814,0.11417392635418694
36984815,0.11699130547132285
36984816,0.13922903095402858
36984817,0.37564203566913834
36984818,0.3749753522723371
36984819,0.38250526901051823
36984820,0.11556987844425297
36984821,0.5127016706047145
36984822,0.21502814039369408
36986527,0.05260013613809053
36986528,0.11921969197459481
36997601,0.11743777819855056
36997602,0.15766969332283162
36997603,0.11891693577555688
36997604,0.12753812417680882
36997605,0.15165827750948369
37010411,0.08652039944669503
37010412,0.23841316495242296
37010413,0.25160940884146615
37010414,0.12641374838925024
37010415,0.5511950557661768
37010416,0.04453309913523623
37010417,0.6106087490556799
37010419,0.11606398587914128
37010420,0.15308462334199238
36959829,0.14850929411905722
36959830,0.1420736844082267
36959831,0.167300275429053
36959832,0.08617039583776522
36959833,0.10174695003533633
36959834,0.13033179170264472
36959835,0.07691201861620096
36959836,0.1902160354692037
37010116,0.18225842246986187
37010117,0.4024294039597448
37010118,0.43383965732824525
37010119,0.897124372626785
37010120,0.3042742976715728
37010124,0.2106579503119605
36975135,0.39422066459958216
36975136,0.39048432313115006
37007938,0.1435691274183458
37007939,0.4285088575541791
37007940,0.35835324225463455
37007941,0.24512926998204726
37007942,0.3567836270135906
37007945,0.5088768651678223
37007946,0.30282036439507004
36961545,0.12093810167716212
36961548,0.247611986535034
36961550,0.12474674141610055
36961551,0.1781364113834591
36961553,0.1962635868987274
36958650,0.5575641548510378
36958653,0.61042855883737
36958658,0.45785490312223187
36958659,0.4803219414577822
36997298,0.1012308164785318
36997305,0.0965862825808795
36980720,0.38604880713634887
36980721,0.2966387039631937
36980723,0.2755891285650353
36980724,0.34280486739154487
36980725,0.32544724551178394
36980726,0.2834094359754747
36980727,0.220804707718828
36980728,0.4074062738204554
36962888,0.2171669378832468
36962889,0.10369409252947345
36962892,0.1501529193525393
36962893,0.08162625856885694
36962896,0.07917721293617302
36998302,0.0785195846446464
36998305,0.09135443446999172
36998306,0.07985994700279832
36998307,0.14607218021714224
36998308,0.07537027893323313
36987688,0.2398056571924658
36987689,0.20758964376625214
36987692,1.1437189969518677
36987694,1.1982079365272535
36987696,0.23156519276859214
36987697,0.2671782027502708
37015781,0.23946168048890293
37015782,0.23444400658026626
37016214,0.07479517300283729
37016215,0.07607347514523502
36974890,0.11131745310708059
36974892,0.12295490672597091
37007741,0.2265868643234867
37007742,0.13316632886892238
37007743,0.20104142361155586
37007744,0.07350294730727287
37007745,0.21782379267172425
37007746,0.3119451726010578
37007747,0.0712221439287745
37007748,0.600546448408997
37007749,0.5822277364247388
37007750,0.19132967111352664
37011158,0.16845316635171736
37011159,0.15840960961405584
37011160,0.07599873790360052
37011163,0.07642996705155657
37016005,0.17945180982178255
37016008,0.17015141609670933
37016010,0.18429663085122305
37014274,0.2770439677013248
37014275,0.8379617456795088
37014276,0.29951697134778543
37014277,0.28152788001276063
37014278,0.39286303174712106
37014279,0.3029443301846011
37014281,0.4084246736981092
36987057,0.35426421705787714
36987058,0.18705953742064607
36987060,0.1974252221579175
36987061,0.3933975413908851
36987062,0.30896531822662815
36987063,0.1759422641580935
36987064,0.3751026101665341
37016128,0.11621539508265877
36958513,0.04728375349072928
36958514,0.1512156693848948
36958515,0.050196474134548544
36958516,0.14545755730060722
36958517,0.09002503429146522
36958518,0.14472305674891783
36958519,0.2379334427990302
36958520,0.17341863558797443
36958521,0.1494058827871396
36979172,0.07157556330180291
36979177,0.05449581328351834
36971852,0.15008180859853254
36971853,0.15583720697888995
36971854,0.15037921760028622
36971856,0.08814692410817218
36971857,0.14032623803997174
36971858,0.18647421889765411
37015531,0.8169256951821272
37015532,0.27873087484205217
37015533,0.3064392935569598
37015534,0.26018536586417496
37015535,0.6360814081527927
37015536,0.2063416995060927
37015537,0.3060489009082599
37015538,0.7591220515884877
37015539,0.6616528993129703
37015540,0.46113120826181275
37013435,0.4319395146336026
37013436,0.40449460297978784
37013438,0.5420578297577509
37021018,0.4062182193799536
37021019,0.7057974229255435
37021020,0.3886501366491989
37021021,1.3775879316221598
37021022,0.5242589375318809
37021023,0.3232277603327091
37021024,0.34700032638428985
37021025,0.38195566374585743
37021026,0.3798045655635565
37021027,0.7308115427266446
37017641,0.1052430687211887
37017643,0.08172943727408684
37017645,0.13406021040390043
37017646,0.0969851257447693
37017647,0.10056992314825715
37017648,0.1323679456226256
37017649,0.08406078388094254
37018692,0.0405177112357718
37018693,0.033400687667336025
37018694,0.03745651346236594
37018695,0.06054353359278494
37018696,0.048932335722477474
36970597,0.3563481473099902
36970599,0.09542163808483946
36970600,0.07521764641765573
36970601,0.07140534258116356
36970603,0.05721466517572857
36970604,0.4245314611604515
37009196,0.9156821408987817
37009199,0.7837205375715676
37009201,0.28153898616478773
37009202,0.7412810262475169
37018461,0.07810082249670952
37018466,0.09355430028608389
37016134,0.04428731783454453
37016135,0.045070974794435545
37013154,0.07555089354839552
37013155,0.14949178984552774
37013156,0.062464243436388636
37016192,0.025724869981636967
37010869,0.20559673683159327
37010870,0.06966422069334625
37007014,0.05710833114805568
37007015,0.18615683854260281
37007017,0.1609370099705947
37016248,0.03827152695195864
37010844,0.27190776404660727
37010845,0.08403407106125439
37010852,0.11995280419125935
36987235,0.11547931668914022
36987238,0.08300315911704986
36987239,0.21770471887497692
36987240,0.15696846660061894
36987241,0.2464977974737758
36987242,0.10377559731353807
36987243,0.09080731652100599
36987838,0.2052771724038718
36987839,0.0894885083328866
36987841,0.17128523428571976
36987844,0.09434624070078167
36987845,0.14915302013471013
36967405,0.29855732231292403
36967406,0.747142215547309
36967407,0.28980648580841606
36967409,0.25800603586667564
36967410,0.4116414307921192
36972536,0.06396134433991325
36972537,0.7358414149262676
36972538,0.7236218871660542
36972539,0.07683164284351539
36972540,0.07619960401094653
36972543,0.05720242887664427
36982807,0.2855909902923642
36966933,0.1956313364360772
36966934,0.298001902766457
36966935,0.08991335589665704
36966936,0.17152861794046484
36966941,0.17162391556088455
36966942,0.07903822666613539
36991401,0.303908957012612
36991403,0.1515755121330279
36991407,0.3073370707664662
36991408,0.1731047161653059
36991409,0.18452608644491472
36971808,0.08091886564172851
36971809,0.08506441986153568
36971810,0.08439315113353253
36971811,0.09440600130396702
36995314,0.1833712373197664
36995315,0.2995814552778322
36995316,0.05540171561105062
36995317,0.3087681517538695
36995319,1.3331285683983014
36995322,0.3227428437269015
36979182,0.7287668799028977
36979185,0.2175010599040323
36979186,0.5555082445155647
36979187,0.2776636718327725
37017923,0.14742024281004776
37017925,0.2727894396101763
37017928,0.14594992284606553
37017929,0.3310787155266488
37017930,0.41580914084471515
36972130,0.1274980189691255
36972131,0.10971073024174123
36972132,0.06929310991464192
36972133,0.06155009498169887
36972135,0.07685929966546101
36972136,0.17706538359961302
36972137,0.08861978523606195
36972138,0.10796398879851235
37009137,0.21053966552835324
37009138,0.46689454389839147
37009139,0.4518509267006578
37009141,0.2446910609667123
37009143,0.424877641463627
37009144,0.3960091553164956
36975058,0.5079962128055658
36975059,0.5707564345467713
36975060,0.9945342198074747
36975061,0.4164001956593218
36975062,0.2670359165960175
36975063,0.4070400989456593
36975064,0.21493276772849565
36975065,1.1571460131137752
36975066,0.5680971199690592
36956096,0.06667282006008496
36956098,0.247193443295984
36956099,0.21397340677560367
36956100,0.2645140532415708
36956101,0.7642964375834402
36956103,0.2420863053996716
36968089,0.08801149129209337
36968090,0.22547080713351858
36968091,0.11267729416668838
36968092,0.389451095505488
36968093,0.2376856948069113
36968094,0.2057798154062187
36968095,1.9589306495911605
37013194,0.2994257687925193
37013195,0.30354113134251093
37013196,0.33418083584654645
37013197,0.3470356993750396
37013198,0.2799523045519208
37013199,0.580865603971055
37013201,0.3320149532894051
37024254,0.08204392115605456
37024256,0.09054494451126337
37024257,0.10864831932452491
37024258,0.10376140307199648
37010261,0.26186799640628505
37010262,0.2475824004118791
37015454,0.11005199025452546
37015455,0.10908968998389407
37015456,0.10347862227219554
37008219,0.43399459329834394
37008220,0.40480653458289634
37006509,0.08127411930247612
37006511,0.10949224471087082
37006512,0.07770653988076683
37006513,0.10137035786911554
36999317,0.11802921831545728
36999319,0.18057562875641398
36999320,0.12212455951081412
36999321,0.12568077505431838
37010360,0.23807248616472002
37010361,0.10041163268755485
37010363,0.24337408716083386
37010364,0.16882231237844086
37010365,0.17200712399621387
37010366,0.16180350000817936
37010367,0.21226522829222896
37010368,0.21037206705565825
36986157,0.11987184462924742
36986158,0.10735398872228663
36986161,0.0491453967690791
36986164,0.11362365599424874
36969572,0.06712832049961123
36969573,0.06837440329101313
36969576,0.664781003778323
36969577,1.0518505284732922
36969578,0.13258066367020493
36969579,1.0109795487866677
37021285,0.27731572225955814
37021286,0.1341723168191948
37021288,0.2704458195232514
37021289,0.12685789952385262
37021290,0.07408049474444717
37021292,0.07990827999012172
37013732,0.7696939551141547
37013733,1.4129143022714339
37013735,0.8527992387239021
37013736,0.7970661170284757
37013737,0.753264314962865
37013738,1.4312654566477598
37019266,0.46625728920213727
37019267,0.8277308216853033
37019269,0.4853418750117957
37019272,0.5041300856151173
36965400,0.054921389374513255
36965401,0.0754679803910407
36965404,0.04850053971655843
36965406,0.06849935996138327
37024067,0.18980243477394035
37021664,0.1123369481190322
37021666,0.11816998868005406
37021667,0.18994552248702953
37024466,0.07905072053960925
36999285,0.07510097136813274
36999286,0.06497403570658555
37018926,0.31544317375373754
37018928,0.1729509495810635
36954930,0.39882556147208525
36954933,0.43504202467828473
36954935,0.35823272554649405
36954937,0.4717230499402751
37012619,0.35879896082174284
37012620,0.4287737475862239
37012621,0.45871138070982426
37012622,0.5220270091554735
37012623,0.822835848723371
37012624,0.8592429941486248
37012625,0.462597369747499
37012626,0.4565749013409695
37012627,0.3513062610670068
37024300,0.049380287210637475
37024301,0.049565032719073567
37024205,0.2739127468745824
37024206,0.20861770181570896
37024207,0.29213311203370734
37008937,0.05003738820473571
37008938,0.047616006124280214
37008939,0.051966866949455
37008940,0.061324919185737424
37016232,0.11942768420407615
37016233,0.13497475920283003
37012687,0.13563218564228954
37006453,0.4648917378487808
37006454,0.17608064160791553
37006455,0.6338859517076351
37006456,0.2050158566694562
37006457,0.07584039909229022
37016203,0.05304610826013389
37006790,0.15873495165574852
37006791,0.17345226294240942
37006792,0.13780416777827081
37006793,0.1709540110938564
37006794,0.15902102153638165
37006795,0.1691397668316403
37006796,0.17645407541125724
37006797,0.1097094854947888
37007609,0.35399531784324084
37007610,0.10620766956261321
37007611,0.23252219401191948
37007612,0.12697001082314335
37007613,0.2717814250976405
37007614,0.24122560256244094
37007615,0.09949935007410035
37007616,0.046326753932528705
37015987,0.3312039418430155
37015989,0.09319569170459863
36981327,0.12915502876872537
36981328,0.1023727283110939
36981329,0.11772279428272163
36981330,0.1236583616407754
36984324,0.14064083117085047
36984325,0.3655856825350167
36984326,0.16489166722608656
36984327,0.18840107689293936
36999314,0.035411363559088076
36986493,0.3821965698192444
36986494,0.12366281205193198
36986495,0.1453480723511818
36986496,0.6619569138251229
36986498,0.12219954036497932
36986499,0.7125460959345981
36986500,0.23559670469453126
36986501,0.6991243492972529
36989632,0.26444039562528815
36989633,0.2443421110444448
36989634,0.11524972236903017
36989635,0.12589092078439276
36989636,0.3335976611244333
36989637,0.27381600622167485
36989638,0.1097829143467308
36989639,0.12070643481547334
36989640,0.25392324339607775
37012244,0.16393648048759416
37012245,0.3561195209658621
37012246,0.2844552484805024
37012247,0.4044091611520764
37012248,0.21021754812931925
37012249,0.28482266298004666
37012250,0.13078914234433459
36960384,1.1630762671427444
36960385,0.22876229674665913
36960386,0.3486429934565144
36960387,1.6961302103085267
36960388,0.17371540662969945
36960389,0.8683213139429382
36960390,0.23479993089623044
36960391,0.12084111069904688
36960392,0.8320032750984978
36960393,0.361668565259657
36981061,0.1794798571340638
36981063,0.22916295936444542
36981064,0.20478133394149806
36981065,0.22274607412408012
36981067,0.18552539757034373
43424532,0.041421080575210496
43424533,0.08558460971148286
43424534,0.20273408170570703
43424535,0.041217508117977406
43424537,0.03591256848817305
43424538,0.8967644652697712
43424539,0.04324162783600762
43424540,0.04114291368967896
37008309,0.11620661675847574
37008310,0.16059257827157125
37008311,0.14811611568759067
37008312,0.10263044458358216
37019458,0.20038680516393795
37019459,0.38371880433039435
37019460,2.4181733989537526
37019463,0.48456134047611854
37019464,0.09316121229838595
37019465,1.3687175879416384
37019466,0.4133021462058066
37010395,0.21684085783465493
37010397,0.2370388182560865
37010398,0.1397049024487015
37010399,0.195020239197301
37010401,0.18544921432637712
37010402,0.25486798835606916
37011875,0.09838744333426447
37011876,0.18712626808814387
37011877,0.18702161911786616
37011878,0.3143121153774711
37011879,0.3647171348478123
37011881,0.3659455935766466
37011882,0.48772350848659674
37011883,0.5049021290145993
36998992,0.0882474175106746
36998995,0.0534966053182189
36980518,0.2908423941667085
36980519,0.08123733026704072
36980520,0.46754424737475514
36980521,0.11024317512473024
36980522,0.11484894802260036
36980523,0.11926409403115171
36980525,0.44834466497708186
36969316,0.08743488362951879
36969317,0.46875336264193435
36969318,0.40582563555258006
36969320,0.1856456415056687
36969321,0.17601243150713736
36964312,0.16348208858422322
36964313,0.1637630551452183
36964315,0.19822962329855504
36964316,0.1012174400350023
36964317,0.1533107609770053
36964319,0.13449912804307174
36964320,0.11316280074565968
36992254,0.1613448964803961
36992255,0.10557116249827032
36992256,0.2843515239495747
36992257,0.12339098971996662
36992258,0.13571132537919703
36992259,0.16118976904989904
36992260,0.09660365694977233
36992261,0.17483562874128114
37011966,0.06411440590362814
37011967,0.16198779099721405
37011970,0.06327252381632474
37011974,0.1824269723267214
37010199,0.1062085959475583
37010200,0.08842359282339193
37010201,0.06450617335875926
37010202,0.12332894263790081
37010203,0.07253877922898214
37010204,0.08752470531206234
37010205,0.06302545924016256
37010206,0.07211777581788534
37010207,0.08223182195779498
37010208,0.11603399694347655
36969908,0.25730121770863673
36969909,0.20783789865085525
36969910,0.1835351034290478
36969911,0.24196263917909872
36969913,0.2510836060357974
36969915,0.2500480236179449
36969916,0.04304111691961413
36969917,0.20051012271362323
36974734,0.04955844101672958
36974735,0.0669609760174627
36974736,0.06712024168334094
36974737,0.04974101550361251
36974739,0.08799653859278099
36974740,0.05540289373337216
36971415,0.09421114052574912
36971416,0.12490235920988148
36971417,0.1314779531863963
36971418,0.15282299244159447
37023626,0.16701897949845002
37023628,0.1656473207696003
37023629,0.10823612223087253
37023632,0.20424995187266465
37023633,0.3557622862696877
37009525,0.07148558103956618
37009527,0.0734259862394021
36980244,0.1899923908467908
36980246,0.1791633988743336
37009554,0.15794027728841253
37009555,0.07129097413052882
37009556,0.16286538579195717
37009557,0.07095952229804095
37010781,0.38165245648348084
37010782,1.4474371487784718
37010784,0.3229790205505259
37010786,0.6643277778163421
37010787,0.25941120620118746
37011819,0.42539789892952196
37011820,0.20111163123413012
37011821,0.19710687009964517
37011823,0.29775456137294626
37011824,0.4356725591737478
37011825,0.3651084008329583
37007803,0.31668890422216545
37007804,0.4258652241502597
37007805,0.18200098364553866
37007806,0.18150247663475766
37007807,0.5059115385142302
37007808,0.36294436526696305
37007809,0.17171453549630208
37017468,0.39054908725044574
37017470,0.3240390449034811
37017473,0.5164306770303185
37008555,0.10848312350747406
37021212,0.13739188547762923
37021215,0.8663394277498031
37021218,0.13699400242119886
36974068,0.06483929549651458
36974069,0.07575180357151283
36970763,0.1351503990852219
36970764,0.6603229746854893
36970766,0.1470795834797724
36970767,0.14497183893725613
36970768,0.19080255016404415
36970770,0.6408882635874831
36970771,0.6370790579034192
37015865,0.08151097176149769
37015866,0.08064888001477766
37006984,0.10848889012564712
37006986,0.16696331197483577
37006987,0.19804235978624352
37006988,0.1315344216835588
37006989,0.11329784986592233
37006990,0.1393017795579796
37006991,0.13818028196845322
37006992,0.09367879201042183
37010662,0.3109680732149598
37010663,0.12806661996074836
37010664,0.5556147223355
37010666,0.17308247843779173
37010667,0.7039777517433338
37010668,0.5511996958708432
37010670,0.33294424583874016
37010671,0.12197289914192455
37022581,0.3157831445386986
37022582,0.37604997011519736
37022583,0.22216499761252304
37022584,0.3088037602792926
37022585,0.6725992032588122
37022586,0.3660273739925211
37024098,0.31184144503091177
37024099,0.031854275374631785
36981738,0.25949869839176437
36981739,0.35329646604669085
36981742,0.3408126232271437
36981743,0.3118058804806314
36981744,0.2545064543576523
36981745,0.31189569310173787
37024236,0.1045620091420808
37024237,0.08787055608480585
37024239,0.10325684631460805
37024240,0.09589828678837788
37017970,0.4965749619649228
37017971,0.14324496096759456
37017972,0.06482416533038887
37017973,0.2527854944735555
37017974,0.23906579494224292
37015247,0.07409266412705587
37015248,0.028102294210431707
37015249,0.07112950086079907
36974007,0.2997260051722024
36974008,1.2123267189639597
36974010,0.7616602232220784
36974011,0.05288856786136608
36974012,0.08562766515029167
36974014,0.10771959585114874
36974015,0.049136812642135964
37015907,0.11674953647963263
37015908,0.7720088326777546
37015909,0.358794510137746
37015910,0.08601184307472597
37015911,0.8362882358326864
37015912,0.16099806304962885
37015913,0.1167115368497433
36977877,0.07511329556856025
36977879,0.10962766483374607
37011383,0.174671923899676
37011384,0.2504203184329725
37011385,0.2595129440090297
37011387,0.7139307188467213
37011388,0.6602701051462556
37011389,0.7550442578086553
37011390,0.7478125310260538
37011391,0.15885067517895127
36991666,0.07910668057260722
36991667,0.111796783067539
36991668,0.0719031802043306
36991669,0.07904908304690675
36991670,0.11901793499132379
36991672,0.08387829036608561
36991673,0.0856179233342293
36991674,0.11136049127466828
36995022,0.3254118165849165
36995023,0.32601127778354066
36995024,0.4069661538411721
36995025,0.16728436015697376
36995026,0.15434080749781243
36995027,0.37419196913099767
36995028,0.12550193919995925
36995029,0.15427204341268136
36959658,1.1122345407723473
36959659,1.1619638508460506
36959660,0.7012908254750772
36959661,0.6464422365995088
36959662,1.072939862630013
36959663,0.49259893517167197
36959664,0.5052265353330879
36959665,1.0817844094029536
36959666,0.35219237296096856
36974272,0.11427673701048058
36974273,0.09093610415888614
36974275,0.10182539083714967
36974276,0.08455011427214931
36974277,0.1075621626986123
36969999,0.05680608543513528
36970000,0.07748955300319008
36970001,0.07246135294915534
36970002,1.2364401984079991
36970003,0.06603300470496212
36970004,0.058568695816559324
36970005,1.2176028372052332
36970006,0.07195634258496209
36970007,0.14029873140299876
36970008,0.40910340887272534
36991484,0.5408536354994676
36991486,0.13922781017735905
36991487,0.17421333084569252
36991489,0.23142564543194472
36991490,0.1437035593698782
36991491,0.21244617438358915
36991492,0.49780302471827353
36965463,0.26805629981447743
36965464,0.11835831628840972
36965465,0.3939194725946528
36965466,0.1164998469969815
36965467,0.13939419892246324
36965468,0.11205332419878629
36965470,0.2913221420933003
36985024,0.38714292783022614
36985025,0.34994000416067994
36985026,0.42786900475665407
36985027,0.3508221328801466
36985028,0.22180662922917696
36985029,0.21759071093879115
36956478,0.157222927654378
36956479,0.08837000698025917
36956480,0.09238389616309871
36956481,0.07190775096087233
36956482,0.17000922740411215
36956483,0.08040821477164298
36956484,0.09534116354892018
36956485,0.24666588646243803
36956486,0.12762383700751584
36956487,0.08952201184497957
36956431,0.24147530502062506
36956432,0.23725068722716755
36956433,0.2687844474104371
36956434,0.09745219639458533
36956435,0.11213902625655349
36956436,0.18017815950355554
36956437,0.984087700108433
36956438,0.2518013847981092
36956439,0.12447481575310969
36980185,0.132576903903949
36980187,0.09556580275341102
36980188,0.08379888146170304
36980189,0.10241963595794991
36980191,0.24467643910365944
36980194,0.17318015717307236
36980623,0.05206150578879934
36980624,0.10819193310684863
36980625,0.15846185205252328
36980626,0.05679521118950896
36980628,0.10227450441824369
36964346,1.0761663796642702
36964347,0.24362524333773594
36964348,0.11668007107096748
36964349,0.2767646479531805
36964350,0.21766356250052765
36964351,0.5094012330062607
36964352,0.11390728454754698
36964353,0.3547237756930712
36964354,0.2913873183876941
36964355,0.6141698276337012
36960249,0.07628382617595117
36960251,0.13997167782123934
36960252,0.09281350366025425
36960253,0.07300441142273457
36960254,0.11600735886711327
36960255,0.07502295283489596
36960256,0.16994224667947674
37017590,0.2580152631738886
37017591,0.14098220681768073
37017592,0.3116892681537733
37017593,0.09812521168335465
37017594,0.09449927890460842
36968984,0.2760012129399528
36968986,0.27657744969420406
36968987,0.053505544345660155
36968988,0.04938942782480864
37006496,0.05154337070220892
37006497,0.036503484099100716
37006498,0.06301245959720325
37006499,0.0340038025316463
37015428,0.05900669668769108
37015434,0.1400405867080475
36980705,0.05748701930184089
36980707,0.05721181490119787
36980711,0.06550468437599208
36980712,0.06493615807224491
37017704,0.4481560592528364
37017705,0.3726447264730356
37017706,0.39765353804999987
37017707,0.403909621924472
37017708,0.7939619420818285
37017709,0.5671448856564066
37017710,0.622183353556596
37017711,0.6388910496571862
36998883,0.08675858731171054
36998884,0.08399057738757591
36998885,0.08553856592263974
36998886,0.08726834801231288
36977835,0.08987710122023576
36977836,0.0920089009695096
36977837,0.09258680731840925
36956028,0.20399665955800383
36956029,0.11279101568346481
36956030,0.2040592980230161
36956031,0.23081038377426213
36956032,0.12653539361976243
36960884,0.18653303461257703
36960885,0.3967735755097186
36960886,0.16921440929846499
36960887,0.1829245034593772
36960889,0.16570158195653512
36960890,0.44509818189251715
36960892,1.4020067709171111
36966359,0.10260216071529246
36966360,0.1650241628264648
36966361,0.18265956936011454
36966362,0.15088668524582205
36966363,0.11486143787501421
36966364,0.63140637849271
36966365,0.15257961524612848
36966366,0.17192094064403404
37017494,0.2765722189256865
37017495,0.2978073780402101
37017496,0.21760562701035144
37017497,0.28915218245562563
37017498,0.1806763211894362
37017499,0.20614772166450737
37017500,0.2630733127541958
37017501,0.3097131457681424
37021100,0.0620542999304305
37021101,0.23040549930980062
37021102,0.194231292533116
37021103,0.09465186970463646
37021104,0.07550178198541233
37018228,0.378363934338347
37018229,0.15824429841485124
37018230,1.0298869050707518
37018231,0.12044981872101879
37018232,0.5292614685824766
37018233,0.1255925126251649
37018234,0.17887249510022576
37018235,0.12732448116964915
37018237,0.4405848258318726
37019301,0.2043930293903633
37019302,0.06381716743545392
37019303,0.08128273053483001
37019304,0.0611569388528132
37019305,0.19458630107350794
37019306,0.07945445696139115
37019307,0.05457570092825567
37019308,0.28008734462559276
37017878,0.1247751526921643
37017879,0.3489785959900166
37017880,0.12032093246061643
37017883,0.15087804232834692
37017884,0.1394503680035128
37017885,0.3235017924188963
37017887,1.4181398448552605
37014426,0.0957005529338322
37014427,0.1001867593666625
36962686,0.424995934645126
36962687,0.19026189475741842
36962689,0.3602581080126492
36962690,0.7011061340461016
36962691,0.15645944282369528
36962693,0.20311089327280749
37021946,0.6731499771214
37021948,0.6526644526182102
37018555,0.06623126172438956
37018556,0.08229042557240474
37018558,0.05639752315823643
37018294,0.2985077997395243
37018295,1.5113140865211887
37018296,0.31828647616469047
37018297,0.6491928392950063
37018298,0.6923242067846909
37018299,0.24488196061154427
37018300,1.4673629005062525
37018301,0.2543338573627689
37018631,0.28863634554882067
37018632,0.18427149192267148
37018633,0.4576070190925697
37018634,0.4616451632962962
37018635,0.22982268393198893
37018636,0.2392061485858296
37018637,0.7153454773925979
37018638,0.21810523345377936
37016714,0.12716321056444174
37016716,0.0895024949388294
37007259,0.19928088799014776
37007260,0.13483391500887837
37007264,0.13658245859582152
37007265,0.19664001141303042
37008908,0.23584299586216192
37008910,0.08573932831716298
37008911,0.11788108053975675
37015984,0.1912692734059485
37015985,0.19891589587396002
36991068,0.08057064447222313
36991071,0.11947606255073266
37012628,0.15036865051860868
37012634,0.03133570413179965
37012636,0.02689846449828204
36973333,0.04100719600960759
36973334,0.0447888002311052
36973335,0.041285748988763894
36973336,0.039246106573736124
36973337,0.04239333847293736
36973339,0.042801826278939956
36973340,0.040065542629284814
36973341,0.042887691050009606
36973342,0.03801336635354333
37007651,0.31632414317803836
37007652,0.16013353339218853
37007653,0.21044732922910492
37007654,0.24686274469087846
37007655,0.2604632860910567
36960477,0.9870545689781303
36960478,0.3722056766259475
36960479,0.2372249825196753
36960480,0.34676845572972836
36960481,0.2307803294507741
36960482,0.34916281287495343
36960483,0.39333321546133215
36960484,0.236906999925984
36960486,0.22337060437482126
36977650,0.19419357814654317
36977651,0.1277024379124959
36977654,0.12599403080831462
36977655,0.1803264848771492
36984579,0.03119402257671262
36984580,0.06515553183847136
36984582,0.03910487354607661
36984583,0.13572244167808453
36984585,1.2468568204704034
36984586,1.0524935058435976
36987290,0.05652489090892334
36987292,0.45243641795831163
36987293,0.2613367208443768
36987297,0.5768566711080604
36991812,0.2553136024642233
36991813,1.710537234371319
36991814,0.05407919204702509
36991815,0.0798732958446018
36991816,0.1121627999840948
36991817,0.14512701284773494
36991818,0.2203890348853528
36991819,0.8291962205755709
36991820,0.397755996570309
36991821,0.16453503516630855
36995004,0.7875354645344438
36995005,0.41927892358556074
36995006,0.46255247494633156
36995007,0.19788661990571021
36995008,0.3981419277366944
36995009,1.2787382108808159
36995010,0.48566132536547296
36995011,0.41202612146448975
36995012,0.13679795513675563
36981509,0.3085545838877702
36981510,0.0548868374423514
36981511,0.054530335335914115
36981512,0.07135420591050073
37010453,0.37202801160256327
37010454,0.3329585035798079
37010455,0.11802949195095429
37010456,0.26396693914093605
37010457,0.09092689839211178
37010458,0.5317254445537757
37010459,0.3370585991478407
37010460,0.3003215662010119
37010461,0.10202623643034663
36988693,0.5430231328010436
36988694,0.13828075160426737
36988695,0.214325223933084
36988696,1.0822727047443292
36988697,0.5606283470011215
36988698,0.5411401628633098
36988699,0.14015046100808362
36988700,0.22136186671736355
36988701,0.1924328133118239
36981208,0.22117360873996345
36981210,0.11385292939145482
36981211,0.2149586292468172
36981214,0.12678303774441407
36981215,0.10882545240497077
36981216,0.17119254939166167
36966856,0.24875496838168779
36966858,0.3730220632053931
36966859,0.7580052171389665
36966860,0.40043408643526873
36966861,0.25963753313992427
36966862,0.31612741987133697
36966863,0.46079604815735686
36966864,0.3053718211121007
37006426,0.53357334577567
37006427,0.15748293670731697
37006428,0.6567143071457091
37006430,0.5626757257422637
37006431,0.420725349068618
37006432,0.523464232305701
37006434,0.45404374372638134
36981645,0.543736194323539
36981646,0.6466206091000027
36981648,0.6165603973025835
36981649,0.09270639199873947
36960932,0.07591405082910828
36960933,0.268125499725909
36960935,0.2285010959715749
36960936,0.18348850207349857
36960937,0.23427795723259712
36960938,0.3038673526543629
36960939,0.28381437361639866
36960940,0.3429826810922893
36969330,0.23059918080998446
36969331,0.10514926948854064
36969332,0.10010715258596926
36969333,0.09717027165871683
36969334,0.1595775432108231
36969335,0.1397875590696089
36994068,0.16883579997397763
36994069,0.11349758018583249
36994070,0.21670114826011172
36994071,0.1099977246090505
36994072,0.30952985062196026
36994073,0.14999673090081553
36994074,0.2745497626626723
36994075,0.10712856647892878
36994076,0.10352137442760306
36997013,0.1072841594585063
36997016,0.1748537769372501
36997018,0.21149900669033758
36999250,0.38514290605735324
36999251,0.3740457471015603
36999253,1.1213188301247088
36999254,0.4132443647710791
36999255,0.3331232335135588
36999258,0.43319644004293856
37015188,0.05623511143602223
37015190,0.043136290614919325
37015191,0.04642278966990728
37015192,0.04968933833350394
37013440,0.10889817048090149
37013441,0.036231381176278325
37013442,0.03410699451427448
37013443,0.09384100008857361
37013444,0.037149734297272335
37013445,0.03302542182690726
37013446,0.025871173665185536
37013447,0.09976082863136415
37013448,0.10079654052381729
37006786,0.07758814654051449
37016510,0.15016709186989724
37016512,0.16701149599529821
36966805,0.2156279101508654
36966806,0.08849428157635353
36966807,0.18657100171586224
36966808,0.09270720671602117
36966809,0.0937768532612845
36966810,0.089373519066709
36966811,0.21459878573605812
36971900,0.09536462455425117
36971902,0.09400225395188955
36971903,0.08452788529195365
36971906,0.07921602477027684
36996668,0.07326108919434034
36996669,0.1136185288562409
36996670,0.14446596613670518
36996671,0.09277808776113677
36996672,0.17173658375965625
36996673,0.07195882368947973
36996674,0.10889292461539869
36996675,0.09651733271023874
37018649,0.32525203894387494
37018650,0.3819755152240127
37018652,0.28573979159653085
37018654,0.43060378263141225
37006524,0.09285172301531024
37006527,0.1281180036791214
37014836,0.4679740059641201
37014840,0.4869000649813527
37014842,0.6562628168110305
37014844,0.3866096821609017
37014845,0.5071236886324778
37018477,0.41480187040997946
37018478,0.8967160205039373
37018479,0.27812878742905167
37018481,0.1959287641893965
37018482,1.1554337702748614
37018208,0.2583001609518729
37018209,0.19476755295084133
37018214,0.7831861556797467
37018216,0.15209148540426615
36989793,0.1075714371246884
36989794,0.3298792117351373
36989795,0.21824220148055007
36989796,1.1361712124465635
36989797,0.10486489028816876
36989799,0.1761375935176985
36974660,0.2431128989567985
36974662,0.20036117961573194
36974663,0.17224262792975945
36974665,0.24988910725962046
36999336,0.24132584998949436
36999337,0.3700967863889873
36999338,0.2111217417254283
36999341,0.23327791865378764
36988703,0.27177455306475085
36988705,0.20348765768854865
36988706,1.709436168495677
36988707,0.5505554964685749
36988709,0.13554903865089485
36988710,0.517776259180531
36988711,0.3137019193695839
36988712,0.15860884789685858
36968978,0.07719857268148865
36965044,0.2720575950815565
36965050,0.33404495066840434
36965051,0.19721941158420506
36965052,0.35794070313111426
37014830,0.24033680568245255
37014831,0.0524588681711394
37014832,0.06553038909604911
37014833,0.044085889161055505
37014834,0.04861482363965363
37014835,0.22263034335217194
36999265,0.10185331518898676
36999266,0.22518055658248473
37017315,0.19207578760355176
37017316,0.22417986937389092
37017317,0.20702774761581638
37017318,0.16909656642442125
37017319,0.2994831023765936
37017320,1.00373888438567
37017321,0.18712397060284613
37017322,0.35284915393214106
37017323,0.18639219119111944
37017324,0.16685309917663804
36963946,0.09304240529934933
36963947,0.08680805141073404
36963948,0.11274439862810558
36963949,0.05911879708416743
36963950,0.11142270074003498
36963951,0.06589439848957422
36970333,0.23075008800042177
36970336,0.40304868174803987
36970337,0.29297694773244976
36970338,0.12340166998094079
36970339,0.1825559167567019
36970340,0.16617393589257995
36970341,0.15043282645765987
37020471,0.26715175450014
37020472,0.1397717614290936
37020475,0.05363147259998388
37020476,0.1617792529544974
37020478,0.21819968434403061
37020479,0.13098188987359405
36964497,0.2745973596219179
36964498,0.3635316504458312
36964499,0.6138286296894123
36964501,0.2565006306096172
36964502,0.1510961129472357
36964503,0.6822237579205995
36964504,0.41405604838164023
36964505,0.3532611460344958
36964506,0.15064348153479853
36958810,0.30732964044959843
36958811,0.3968065508199185
36958812,0.335225149208913
36958813,0.2024564371947706
36958814,0.6511015969066584
36958815,0.6013912356924405
36958816,0.5534993757667457
36956699,0.49390686408451284
36956700,0.10302266837650323
36956701,0.10981626335148902
36961685,0.09163264840502312
36961686,0.4032226466629839
36961687,0.41789764576917593
36961688,0.5018794726664193
36961689,0.3583549091722147
36961690,0.4713377159254162
36961691,0.41226921463697674
36961692,0.12026794788972489
36961693,0.4847912162990189
36961694,0.09234364796620527
36959594,0.40598112144591375
36959596,0.4353465841827555
36959598,0.31349060555509445
36959599,0.40416147388667745
36959601,0.685297900013276
36959602,0.28966761714558265
36961030,0.2570333868123759
36961031,0.31415699753228793
36961032,0.23444474024970743
36961033,0.2144593303314237
36961034,0.4170362395810313
36961035,0.2052349554157556
36961036,0.24001761630136217
36964441,0.05180879318870067
36964442,0.05392275711263987
36964443,0.05150471382422979
36964444,0.038953666638981366
36964445,0.05769248146834578
36964446,0.07830682440728803
36964447,0.08912834237245806
36964448,0.06392909359484723
36964449,0.05900781181447986
36997414,0.22440822237844837
36997415,0.8470036634795954
36997416,0.353198220907271
36997417,0.1637705795959922
36997418,0.14567751071765966
36997419,0.21990518630004766
36997420,0.1440789094515947
37020330,0.2770327421369116
37020331,0.1602806922952973
37020332,0.16134858272321248
37016405,0.33016171932198496
37016406,0.3583866436321139
37016408,0.319364744912064
37016411,0.5540424702008346
37013852,0.11080020563987274
37013853,0.13376185451986472
37013854,0.10779493744139404
37013857,0.2759736219880938
37013859,0.11347254869904028
37018707,0.11942984312436329
37018712,0.36777914728661054
36982283,0.23166224296212903
36982284,0.20999703181285342
36982285,1.0571888767783035
36982286,0.46769174393948565
36982289,0.42798952436823645
36982291,0.15679525513570775
36973343,0.1410057425570343
36973346,0.22608120081410707
36973347,0.13441308794543785
36973348,0.21354708484670087
36973351,0.19225876623129706
36998797,0.0886780292112494
36998798,0.05736132177165379
36998799,0.13940753563122205
36978855,0.20176078477924922
36978858,0.09756055922630248
36978859,0.10451867305404959
36994470,0.11071236475789424
36994471,0.1085238941568635
36994472,0.1337981676928522
36994473,0.13302213525772494
36994476,0.12944060917272635
37011946,0.11377286181154281
37011947,0.23245649143973368
37011948,0.1712438338272841
37011949,0.20381191453709344
37011950,0.26462838978684367
37011951,0.15359947792962977
37011952,0.10944405554490534
37011953,0.36715439669385186
37011954,1.0959238134519522
37011955,0.9610837018273882
37015236,0.21097089109019887
37015237,0.935193486142509
37015238,0.3606901033901799
37015239,0.293769575869884
37015240,0.11278047944211488
37015241,0.18805671728174758
37015242,0.49734207306562284
37015243,0.15209324213475503
37015244,0.6360179918065374
37015245,0.10745483059768914
37015500,0.12164004750494628
37015501,0.14900339350236444
37015502,0.4622013900817511
37015503,0.7086320346093001
37015505,0.3097175846699146
37015506,0.5944616270529992
37015507,1.5121540604934085
37015508,0.14311429469446782
37013824,0.38944258555837613
37013825,0.16945204621967588
37013826,0.1562860467944687
37013827,0.9765055143473796
37013828,0.14958186001530444
37013829,0.7043940098084455
37013830,0.12352264592087783
37013831,0.19766885840570325
37013832,0.20133773624064205
36968768,1.0728598482000724
36968769,0.787066031444569
36968770,0.4579248434660257
36968771,0.18688347961824162
36968772,0.5661875061003718
36968773,0.5662633991010795
36968774,0.642270944716527
36968775,0.3313435153612336
36971113,0.061676175028648535
36971115,0.045345168237425744
36971118,0.05079047109532048
36971119,0.5042905104473903
37014970,0.8739036331817406
37014971,0.6458923922239774
37014972,0.3976873538085493
37014973,2.079019433238378
37014974,0.8390996348985789
37014975,0.23286499257824875
37014976,1.7408958289971521
37014977,0.8552673844701721
37014978,0.8644926829292561
36968461,0.20243436546528548
36968462,0.9634356682635777
36968463,0.11526895543177264
36968464,0.25576287683673404
36968465,0.13055212191692714
36968466,0.16624662969639736
36968467,0.17302566207824152
36968468,0.2311605432125255
36968469,0.20358747676113376
37013535,0.3842547731490061
37013537,0.16527656920813544
37013541,0.12301063494254622
36977739,0.07187930750319807
36977740,0.23559989674704582
36977743,0.10750648256419713
36977745,0.26776478417829697
36987392,0.7018941549405896
36987393,0.06411422971267201
36987396,0.08964395363365632
36987397,0.06382695925418976
36987398,0.7246436322180201
36987399,0.08897653693366385
36987400,0.6939075295204062
37011533,0.3086851507640123
37011534,0.258258719398706
37011535,0.9158442736914553
37011536,0.28502543378450473
37011537,0.4079810079938876
37011538,0.24412044802341792
37011539,0.20965711074810228
37011540,0.2596980836981763
37011541,0.23117384793132353
37011542,0.21028325732334505
36994772,0.16152784503888004
36994777,0.13660919712374206
36994778,0.13398554923956998
36994780,0.19859084973601387
36994781,0.1772975487017924
36991161,0.5727623354623732
36991162,0.5348061764621999
36991165,0.05600622427626226
36991167,0.4770464062644131
36975117,0.11643067395211884
36975118,0.032652833524815045
36975119,0.1583153935261365
36975120,0.0714294940204419
36975121,0.22054873784805384
36975122,0.1094665054313279
36975123,0.28304485414840425
36975124,1.340525709031791
37009507,0.13115234229118078
37009508,0.2474961106809631
37009510,0.12594469848179574
37009511,0.1543256893108623
37009512,0.15543720734962155
37009514,0.2972206597712622
36994706,0.3885898363231615
36994711,0.3173293494744162
36994712,0.38557491914703346
36976849,0.27182693780965345
36976853,0.15877177778649523
36976856,0.2837086638290667
36976857,0.10752906746426615
36979821,0.1457529486696548
36979822,0.07849616614582552
36979823,0.07088277053287662
36979824,0.08013686163044734
36979825,0.07752381796021307
36979826,0.1498189899589058
36979827,0.06827596239755936
36979828,0.2361478640472568
36979829,0.09942210265285929
36979830,0.1378481652964134
37011809,0.19542495621305786
37011810,0.22559672915108658
37011811,0.26972639704971674
37011812,0.15223145133707522
37011813,0.23175425337099687
37011814,0.728995256403223
37011815,0.49418622934871886
37011816,0.6563958792562652
37011818,0.3377043554642343
36963371,0.38441950570405536
36963372,0.15836604691303163
36963373,0.16806265423529274
36963374,0.1594239250771243
36963376,0.2538653365224877
36963377,0.19546672905597942
36963378,0.33417723283389333
36963379,0.46719526046027315
36972244,0.1465424144205868
36972245,0.9474624786770921
36972246,0.09178365321065289
36972247,0.14392456727537487
36972248,0.09774916148795756
36972249,0.12720963231348212
36972250,0.1601086529163344
36972251,0.1806229309135484
36972252,0.12613874385252874
36972253,0.0888998959140827
36967173,0.25763250425036904
36967174,0.1879318527095329
36967175,0.7388237618051169
36967176,0.2800528765981074
36967177,0.1847352894796958
36967178,0.6315568285197041
36967179,0.17865060905870003
36967180,0.1990981500947942
36967181,0.1757455122687132
36977351,0.19600325055302176
36977352,0.8160690889484694
36977353,0.725929437295537
36977354,0.8198448694811192
36977355,0.4791771532663196
36977356,0.18954317537413673
36977357,0.3242421824799563
36977358,0.8313311711483999
36977360,1.1470712042872186
37019080,0.08080754602735954
37019081,0.09535837654007417
37019082,0.072708114227679
37019083,0.5734127097938143
37019084,0.22970566924156435
37019085,0.2454954508609526
37019086,0.1069450486335112
37019087,0.10193221826039194
36998049,0.808747762488521
36998050,0.20597920335282477
37024260,0.3535979784156701
37024261,0.3300456095032375
37024263,0.29729780425644003
37024264,0.1255106312892604
37024265,0.2945184423330651
37024268,0.5024553102852339
37007396,0.3692151925126394
37007397,0.06134095466208731
37007398,0.3299532144665937
37007399,0.07129774466945776
37007402,0.27642235819036354
37013449,0.06555496166703798
37013450,0.10951386133284621
37013451,0.33817910824636416
37013452,0.06885726563644626
37013453,0.06932522568839002
37015587,0.04704686319396804
37015589,0.06216198214425107
37015590,0.06048453225465628
37015592,0.07244611075721981
37015594,0.06841193952495622
37019047,0.24117788147503708
37019048,0.3629400570357604
37019049,0.34940449670549056
37019051,0.20037033568219503
37019052,0.3694327354703735
37019053,0.33384257130859396
37019054,0.3534027025492325
37019055,0.2440628753506573
36966440,0.11787150566579666
36966441,0.7771497339008844
36966442,0.24451953084241218
36966443,0.5008267385417553
36966444,0.1430638165900633
36966445,0.2154091236890747
36966446,0.18931411880029517
36966447,0.1595194001469903
36988684,0.17213100249690214
36988688,0.6831864233274528
36988689,0.7045316936058538
36978297,0.221185051709825
36978298,0.13254837476245104
36978299,0.5197809521505937
36978300,0.1281901490066885
36978301,0.12421539153142498
36978302,0.10679850005952321
36994664,0.05964715598852365
36994665,0.06418668909016119
36994666,0.09686931800589976
36994667,0.08022862435517378
36994668,0.03934811773651313
36994669,0.10270111446389003
36994670,0.38764945364471465
36994671,0.08263195140612574
36994672,0.2738694758834468
36965887,0.4868080548964907
36965888,0.11196831503130386
36965889,0.5295698429860576
36965890,0.5257546746984603
36965891,0.4315134298284054
36965892,0.38592382406071657
36965893,1.0902350464372588
36965894,0.419552253734037
36960975,0.25052077130457295
36960976,0.1479297867440491
36960977,0.2110809508521242
36960978,0.7177880790407619
36960979,0.32808589888507267
36960980,0.12105497359376846
36960981,0.1309287839220763
36960982,0.5060017885057655
36960983,0.9013905124230133
36984901,0.1193964087486317
36984902,0.12265161251027341
36984904,0.11779733083790665
37010523,0.3375502652313832
37010524,0.1400386760399701
37010525,0.12234338406802986
37010526,0.1544509348879896
37010527,0.07181045276135761
37010528,0.0739050265199789
36974236,0.10350793330383454
36974238,0.49394888239950946
36974240,0.10164434177657564
36974241,0.09861189500994769
36974242,0.08080698369612577
36974243,0.0791659619663786
36974244,0.31940340434252645
36962222,0.19837284150094342
36962223,0.3606324863060047
36962224,0.37980544227007834
36962225,0.18564201508167238
36962226,0.3359256276041085
36962227,0.6619052653418863
36962228,0.17313832584388156
36962229,0.3415017520613027
36962230,0.3078635771372873
36985638,0.14595021507241823
36985639,0.09812930327173328
36985640,0.1629395354650514
36985641,0.11324603042969063
36985642,0.17109843605514005
36985643,0.11306530566386287
36985644,0.16696962518634176
36985645,0.12224557840522188
37023024,0.19608844631276087
37023025,0.6503949297087581
37023026,0.16171287889176456
37023027,0.19792550213978408
37023028,0.17858566278732005
37023029,0.7674241790269465
37023031,0.19479962543441418
37023032,1.410054943491817
37019998,0.061904329674448866
37019999,0.13523269986165187
37020000,0.05452077767985119
37020001,0.07575986065499572
37020002,0.10595431583637914
37020003,0.08795875625261126
37020004,0.5155130341435517
37020005,0.08102581205462689
37021172,0.1177801587581307
37021173,1.255317435631358
37021174,0.2727143505190748
37021176,0.4111874664120523
37021177,1.8252377943673008
37021178,0.11014926339990289
37021179,0.5010154546698665
37021180,1.8401753486653536
37018334,0.2115674585960524
37018335,0.8375618431881171
37018336,0.6094408287252359
37018337,0.8537201144053477
37018338,0.20321611842732742
37018339,0.20860740772731665
37018340,0.7687999063616904
37018341,0.5573896255791955
36989756,0.2197523316215293
36989757,0.15537011628766087
36989759,0.21248407294510996
36989760,0.39025969144293804
36989762,0.07287866708705289
36971701,0.11782937974639004
36971702,0.13592331811120326
36971703,0.13497774506297894
36971704,0.049253384311165216
36971705,0.10219028648444443
36971706,0.3303970583099937
36971707,0.09578034231229177
36971708,0.11654717763084635
36988822,0.13640957969017378
36988824,0.34896100371878896
36988825,0.20704520270447888
36988826,0.8892139405998308
36988827,0.2038898280611181
36988828,0.46765481817611715
36988829,0.6893973273081867
36987788,0.18749336026641836
36987790,0.322172286534082
36987791,0.3423941682769591
36987793,0.4539205919590929
36987794,0.49536940178918876
36987795,0.41192339169963277
36987796,0.40471857916378295
36982473,0.08133802244899481
36982477,0.061962997481174044
36982480,0.07032778256942768
36982481,0.06431267099521813
37013370,0.16674836427307252
37013371,0.030246358378983262
37013372,0.13038843993692018
37013374,0.13260397432683005
37013788,0.058361965846043244
37013789,0.08249746923219684
37013791,0.20522669622067247
37013792,0.06854774394030111
37013793,0.08093857638894726
37013796,0.1607147808603211
37013797,0.9073237861064953
37011696,0.12505815013732352
37011698,0.10488008478487297
37011700,0.07330374689818814
37011702,0.06738315717528633
36998218,0.2187734931583941
36998220,0.05965542460694821
36998222,0.17056338461794937
36974419,0.3300203073604494
36974420,0.059377778882841854
36974421,0.0721697615166237
36974422,0.13987388748432716
36974424,0.298678553167858
36993895,0.7389129632460881
36993896,0.5448547470559992
36993898,0.30232953847560445
36993899,0.48329681987409084
36993902,0.6127931506671409
36998171,0.07706449200716156
36998172,0.08175199498599875
36998173,0.21627647988037405
36998174,0.08219722173810806
36998175,0.3645407973768972
36998176,0.09581189635675463
36998177,0.2009956874843785
36998178,0.13096740005121424
36998179,0.23581976770992025
37012812,0.6280207421573236
37012813,0.17518325301295923
37012814,0.6932150553700012
37012815,0.3187934387434159
37012816,0.25984808784192676
37012817,0.46544725670423387
37012818,0.18209335660153375
37016435,0.4688096023370273
37016436,0.21867766227297986
37016437,0.42722280745914165
37016438,0.30408288819809715
37016439,0.6315046661715755
37016440,0.1388577815022506
37016441,0.37835738375680217
37016442,0.0993106132086348
36955873,0.10294475308399453
36955874,0.09740374937868794
36955876,0.11272318735431343
36955880,0.11576679731793671
36962529,0.855605520995304
36962530,0.6503282376331712
36962531,0.6039012782501255
36962532,0.7040967433599737
36962533,0.842157161121466
36962534,0.47713109663404846
36962535,0.4156198687134334
36962536,0.6135773865471156
36962537,1.541000170063634
36958857,0.5889312215130086
36958859,0.1789776513457979
36958861,0.5018595572607891
36958862,0.20268348227096017
36958864,0.15136550486666994
36964458,0.8835460154895808
36964459,0.13857733932860608
36964462,0.15325386867841484
36964463,1.1640982432397655
36964464,0.3081186228242176
36964465,0.5253551908191172
36975572,0.2174555908185113
36975576,0.136211174203846
36975577,0.13832541707734078
36975578,0.1312180602770248
36975579,0.22802394353171487
36975580,0.09626419666898323
37008799,0.6709058103306061
37008800,0.2760758411370634
37008801,0.5883977317687377
37008803,0.3339832991025721
37008804,1.3236021554420323
37008805,0.1851043609742421
37008806,1.2499927626498046
36969077,0.11986362835334952
36969078,0.20667108603991233
36969079,0.14344704877258072
36969080,0.21127743240251948
36969081,0.30058505019121196
36969084,0.20040342675578662
36969085,0.20274142526878022
37009778,0.4876290843157094
37009779,0.2685077276915807
37009780,0.35672152668080603
37009781,0.7359738433421703
37009782,0.5665764432676685
37009783,0.23710233930291655
37009784,0.18736252558023025
37009785,0.14183236743742944
37009786,0.3989821312356929
37012468,0.7524552230475493
37012469,0.22412422015712496
37012470,0.5010392092287888
37012471,0.19905699932234358
37012472,0.5395791301176669
37012473,1.2548480108895002
37012474,0.7010975215498672
37012475,0.6378069692303678
37012476,0.398726638198742
37012477,0.14486781973380033
36967676,0.22965997961193313
36967677,0.7176724581830353
36967679,0.18795580641848483
36967680,0.23112354189195874
36967681,0.22374050895491332
36967682,0.439792944064827
36967683,0.9374959655477975
37017579,0.2813838965651814
37017580,0.13422560545002266
37017583,0.13679517754490447
37017584,0.3847736142819713
37021147,0.33165158301091274
37021148,0.19948909942419124
37021149,0.08746425609449518
37021150,0.1903566130230849
37021152,0.31409576103700476
36958125,0.5393068098122054
36958126,0.727494856829825
36958129,0.574659511148799
36958130,0.7402900941860904
36958131,0.18678434456799542
36957483,0.44143446237114664
36957484,1.2668144455105528
36957485,0.18675796533662511
36957486,0.15395042778982357
36957487,0.2988375574483758
36957488,0.1365522178590108
36957489,0.1917302454196332
36957490,0.2409558452233297
36957491,0.17953482031449677
36957492,0.9928835688480315
36967435,0.13306586268609844
36967436,0.21804475302197632
36967437,0.2225257565168555
36967438,0.14069075246306695
36967439,0.20939913234681987
36967440,0.6676758149206337
36967441,0.18104279179183272
36967442,0.17896275135748263
37022260,0.2072946895287442
37022261,0.15798374709482552
37022263,0.17316291405333378
37022264,0.18557482767367817
37022267,0.15470075567305774
36958182,0.17454982540500555
36958183,0.13657496504592428
36958184,0.10390892767526495
36958186,0.4622214457958452
36958187,0.2895168720500263
36958189,0.17487247135331727
36958190,0.1187264791572121
36965205,0.11691977183561802
36965206,0.3069984580000357
36965207,0.29663153163392497
36965208,0.18174790666404372
36965209,0.21695938029383177
36965210,0.5119894047182548
36965211,0.18652653194018468
36965212,0.3267191327804692
36965213,0.21463427336654411
36997325,0.15874838889761128
36997326,0.6904951201475462
36997327,0.4031130541802347
36997328,0.4501763468437891
36997329,0.3538570408264406
36997330,0.6571099304767524
36997331,1.2447004628370475
36997332,0.4553628647464624
36997333,0.8250012004879598
36997334,0.20603644474421565
37008645,0.4056360561380532
37008646,1.3309222636415354
37008647,0.12978393338214525
37008648,0.8063794660452327
37008649,1.2926326730899627
37008650,0.33014402545307137
37008651,0.8814487254609101
37008652,0.4732818834600726
37009886,0.4043531529198223
37009887,1.3999718227215152
37009888,0.40315469828045686
37009889,0.3425628025412635
37009890,0.15259842380320637
37009891,0.4130471858355848
37009892,1.266937889592128
37009893,0.46878741648663946
37009894,0.623549422954374
36961041,0.20822121332113802
36961042,0.21476055410344533
36961043,0.748303133055391
36961044,1.2071759697105977
36961045,1.0722755132805042
36961046,0.2936340145460893
36961047,0.7635485839540468
36961048,0.2918031534452882
36999222,0.34896285238010294
36999223,0.22455742280677002
36999224,0.18063203344705298
36999225,0.17825259082280845
36999226,0.12533558820202276
36999227,0.38857940372487937
36999228,1.6244476082187356
36999229,0.2968802359135311
36958201,0.6600690143127167
36958202,0.6618020165197919
36958203,0.36667095222452734
36958204,0.9649420681419847
36958205,0.7190343031951584
36958206,0.26003536953151707
36958207,0.46648451217689857
36958208,0.2847062278126095
36958209,0.28416561138473606
36958210,0.7027493815158149
36955066,0.16999722231559558
36955067,0.17506246609372222
36955068,0.1650859622047087
36955069,0.44009191505075534
36955070,0.20898396662692745
36955071,0.17602650156125002
36955072,0.16971901172810885
36955073,0.1722056986423865
36955074,0.206123233989756
36987183,0.10652814176327939
36987185,0.17885429957288787
36987187,0.09937395299299943
36987190,0.09335737254629609
36987191,0.09967616060939401
36979764,0.33530839001640567
36979766,0.28930131836104267
36979767,0.2871080266679545
36979768,0.9003592385930886
36979770,0.32778910797963295
36958688,0.11770556342915918
36958689,0.19821745876975255
36958690,0.708823342370087
36958691,0.1003759994000299
36958692,0.17819706231138685
36958693,0.6257749537349977
36958694,0.5264831605720192
36958695,0.09171363997071647
36958696,0.12601079099243437
36958697,0.42162820925468536
36967042,0.5321332221393441
36967043,0.11087782947120932
36967044,0.1290259512893956
36967045,0.19731580182059597
36967046,0.09665725376157248
36967047,0.1033222706055504
36967048,0.10941818613545727
36967049,0.5573940243159166
36967050,0.28854423758306774
36967051,0.10136960412669811
36988016,0.798710056380574
36988017,1.2019866066058131
36988018,0.0834205244153405
36988019,0.7371267369112754
36988020,0.11677319923971562
36988022,0.11414488860238946
36988023,0.08496065909711889
36988024,0.789385881255764
36988025,0.09076885507137618
36995879,0.12477014152524032
36995881,0.11267605032771036
36995882,0.1062020037976566
36995883,0.11238977160358063
36974106,0.3692932866663578
36974107,0.22717198826197943
36974108,0.24884726453681646
36974109,0.7989506781016541
36974110,1.019254350823998
36974111,0.05963423470614464
36974112,0.5132944281758772
36974113,0.40482844862126227
36978340,0.060037861725570164
36978342,0.0720157584287599
36978344,0.0866403310540796
36978349,0.05765706083583115
36962194,0.10051194065299601
36962195,0.10813777075070646
36962196,0.10098728619791544
36962197,0.2691201315162929
36962198,0.11794765762428809
36962199,0.14233185211366126
36962200,0.3288458595349623
36962201,0.1257911089387663
36962202,0.12804491675431212
36963803,0.20662203447811583
36963804,0.24505171770120432
36963805,0.3806171566139933
36963806,0.23570649023074158
36963807,0.5138063068824092
36963808,0.24873923317519536
36963809,0.19467901436484247
36963810,0.4180387670830351
37023600,0.10028460457674543
37023602,0.06213504136942538
37007403,0.03315638969670752
37007405,0.0820485231804912
37007406,0.05016867643787714
37007407,0.08066611084634227
37007409,0.05872548350372276
36960588,0.9310694601703189
36960589,0.7417796416918723
36960590,0.14727444575529838
36960591,0.3308700197078213
36960592,0.29773491321465806
36960593,0.45114521498963667
36960594,0.3304764129578335
36960595,0.16138623390989093
36957429,0.2694329731426381
36957430,0.3676494395697754
36957431,0.35063201701296165
36957432,0.10721713465356224
36957433,0.12522111732628421
36957434,0.4825328294742044
36957435,0.1788471628198594
36957436,1.0052544338347364
36982563,0.06402669684380287
36982564,0.37790566642062573
36982565,0.42618136784464444
36982566,0.15180783612264334
36982568,0.3328453689101874
36980168,0.19210147421659832
36980169,0.07545764233901835
36980170,0.23554305858275473
36980171,0.14600495541615885
36980172,0.10175036327186075
36980173,0.09289423206836411
36980174,0.09851030323314022
36980175,0.41033053277107073
36980176,0.13736173350253325
36987146,0.2601709032071201
36987147,0.11014999524441213
36987148,0.26283894420721066
36987149,0.06623289753586518
36987150,0.15358660831354054
36987151,0.27579865780040885
36987152,0.24562773379461192
36987153,0.10500759737419472
36987154,0.10896349098006111
36987155,0.10444671385105893
36984640,0.18396096302410236
36984641,0.23321280497706537
36984642,0.17219650834935554
36984643,0.16833974639113838
36984644,0.15241556325332062
36984645,0.1315888674505365
36984646,0.20306151852147514
36984647,0.22017634591479193
36984648,0.26013240478342886
36983528,0.6156767518096726
36983529,0.0923301665904953
36983530,0.5975072511795546
36983531,0.08624122565574827
36983532,0.10660719219533397
36983533,0.07781162877991393
36983534,0.11974612403079427
36983536,0.09129404479094982
36995741,0.2706070742167615
36995743,0.24528152862095148
36995744,0.29231444077317753
36995745,0.32345187528180164
36995746,0.35659997779335845
36995747,0.14571039301665145
36995748,0.23683644121753977
36995749,0.3462780386952943
36961479,0.1462734340665989
36961480,0.15377293651192592
36961481,0.21518608727698155
36961482,0.17016131543560206
36961483,0.3435716326166423
36961484,0.2516597430851643
36961485,0.24452307798925282
36961486,0.2561025573637791
37019896,0.12907650821013691
37019897,0.07294900841951277
37019898,0.08947467248520674
37019899,0.047666136309101964
37019900,0.03440102738668088
37019901,0.04361610670887853
37019902,0.09706903820788422
36968248,0.12892801758896089
36968249,0.09998550614022429
36968250,0.2695726982093768
36968251,0.644853486129917
36968252,0.3205438241085146
36968253,0.11856866554205865
36989956,0.3017799204874759
36989957,0.35447099900206425
36989958,0.3695572319520307
36989959,0.41274571819090317
36989961,0.07908177147538765
36989962,0.08786154233911539
36989963,0.2813108371615048
36995289,0.08171079168239803
36995290,0.09411480375098114
36995291,0.12074589905846128
36995292,0.07284747707029549
36995293,0.09110814703433531
36995294,0.07769163397017653
36995296,0.09153867091201937
36962348,0.12425944364231459
36962349,0.17911908089094075
36962350,0.7757084602319725
36962351,0.15967235981494873
36962352,0.09396317417480363
36962353,0.30186289743378814
36962354,0.15309838055871464
36962355,0.2906896136320259
36962356,0.32505993969320396
36962357,0.10441958546999812
36968955,0.11563380970420878
36968956,0.8070969943346108
36968957,0.08758789146522501
36968958,0.7961700116039293
36968959,0.7297368685305426
36968960,0.1269152625552922
36968961,0.16742128391662725
36968962,1.2030579817264901
36967015,0.6637632571693898
36967016,0.12309566359944286
36967017,0.46549432678947644
36967018,0.5723510722499483
36967019,0.11605103683513912
36967020,0.3716424771545026
36967021,0.14645301582277742
36967022,0.09124202914184705
36967023,0.16057128461424872
36967024,0.1143264180604399
36965259,0.8824085993289518
36965260,0.162397931475746
36965261,0.6025846393267579
36965262,0.06260219015146407
36965263,0.0620763587176152
36965264,0.1654371909267134
36965265,0.5331404007953112
36965266,0.15272459500660215
37016018,0.08602384069096297
37016019,0.3897214640606894
37008221,0.24210594702007263
37008223,0.4386663389243619
37008225,0.06551266951179459
37008226,0.27483414764194924
37008228,0.0902426951520055
37015669,0.06730709458635985
37015670,0.08109031525356424
37015671,0.06780486915816293
37015672,0.07873591385497099
36990029,0.5022992615313535
36990030,0.5362971455758568
36990036,0.36050617826693515
37015769,0.18973870715846822
37015773,0.19000629977364977
37015997,0.09794784391847886
36991014,0.2818914464680862
36991018,0.2993121209844812
36991019,0.2923257865134907
36991021,0.2691723931953789
36984658,0.11508346573809802
36984659,0.11392167251548505
37015036,0.04592864769732947
37015037,0.16205026526388608
37015038,0.17075062029108296
37015039,0.21163755287605512
37015040,0.21962525701314486
36972584,0.1351001314449514
36996615,0.31531913647506427
36996616,1.7998049874764162
36996617,0.0897507479529011
36996619,0.2971801383253584
36996620,0.19056958419744324
36996621,1.4940173011462758
36996622,0.09396978815026016
36996623,0.16356051116291473
37014048,0.1864641314351232
37014049,0.19170470466848621
36992648,0.11882024668165564
36992649,0.10237842679030353
36992650,0.11350197459886863
36992651,0.10479394789617184
36961239,0.09029480877213973
36961240,0.2586033556052357
36961241,0.11119244441977531
36961247,0.08627630175831273
36977096,0.08499891356360936
36977097,0.09100261400500369
36977098,0.09759015962080923
36977099,0.0810909808202818
36977100,0.10082108175077871
36977101,0.086705826385803
36977102,0.08544093590008567
36977103,0.08881017668003925
36977104,0.105299005406756
37019970,0.07995599533657174
36993754,0.504605412297284
36993755,0.4390755178547382
36993758,0.4535159384507017
36993759,0.5187275971161315
37019225,0.057879010147954595
37019231,0.17043259116760343
37019232,0.04686478344683726
36962598,0.15218095305716944
36962601,0.10307359703919543
36962602,0.10013689430911792
36962604,0.07519144324072173
36962605,0.12048099394661312
36964005,0.1757526686997325
36964006,0.15731987015170495
36964007,0.1627345982070463
36964008,0.39052723317160826
36964009,0.16046735448126237
36964011,0.1630615494038163
36964012,0.17546465603563624
36964013,0.1646814613822817
36985135,0.4778869329389282
36985138,0.5037349161398375
36985141,0.573622081925181
36985143,0.5642422003706846
37016273,0.18121365184472685
37009421,0.18758184440534217
37015437,0.16883439075183207
37015438,0.18014518697573284
37015439,0.16874226754392208
37015440,0.12202669219425902
37015441,0.183830958670265
37010506,0.07906977835568371
37010507,0.09593216498030147
37010508,0.6534936014929903
37010510,0.13124001783022882
37010511,0.1296348152729503
37010512,0.6535477017335638
37010513,0.08985658118858586
37010514,0.09396779008829274
37015641,0.13060687096929266
36992706,0.13865757814955423
36992707,0.5136220065524609
36992708,0.13466594561716114
36992709,0.1022454218087119
37010024,0.23687638742328154
37010026,0.5121531082202434
37010027,0.23149125713550775
37010028,0.446914078153886
37010030,0.41592855681306967
37010032,0.056587289057684106
37016361,0.07553059647792584
37016363,0.07652140397423961
37011460,0.6612992613696236
37011461,0.3972332122500604
37011463,0.3882420777155671
37011464,0.6199871793138131
37011465,0.3415346154903539
37011466,0.08155194301591544
37011467,0.41803893073134757
37011468,0.5679515979971438
37008117,0.7553834674264546
37008118,0.11614850809235608
37008120,0.2499689751162361
37008121,0.3074218377756635
37008122,0.24294230208733542
37008123,0.19558289691104094
37008124,0.09545557204184542
37008125,0.13538754275802872
37008126,0.32090083945085845
36974889,0.37692707034774486
37016895,0.10099730861190481
37016896,0.10346838989791436
37016899,0.13455337554438979
37016900,0.13752464105087464
36978444,0.38256660589518676
36978445,0.44763105313025725
36978448,0.3936437394863841
36978449,0.10974139671441781
36978450,0.4063527058369687
37006974,0.4103951454036222
37006976,0.4344451100031697
37006977,0.36625248622490325
37006978,0.3108193359615477
37006979,0.3659339895283758
37006980,0.530261157430569
37006982,0.30647307439822985
37006983,0.36103065552193814
37017539,0.23653907919041978
37017541,0.2310210399512512
37017542,0.2453633287338365
37017544,0.22404963888525495
37017545,0.23101139225456013
37017546,0.2257187986340767
36974505,0.035139920900195916
36974506,0.027345474570872805
36974507,0.027406905129781535
36974508,0.035184010578174975
37021105,0.08998476354029684
36958289,0.08888938845302108
36958290,0.09526254352957778
36958291,0.1657937886019565
36958292,0.1625562970046517
36958294,0.11545752220438868
37020372,0.048032826473735385
37024242,0.2176793193991591
37024243,0.18610125162480523
37024244,0.21882442577926642
37024245,0.18569208816242097
37021084,0.06813005731384059
37021085,0.06264950674701746
37021086,0.06540042643953103
37014044,0.08650626514018693
37014045,0.08049613868225138
37007039,0.09313628923988201
36985794,0.04917710151989813
43423735,0.12258123733581919
43423738,0.2710042208467255
43423739,0.3396311974745169
43423744,0.3280621180710314
37010039,0.05530122400849864
37010040,0.0545951493415234
37014961,0.41485704739270607
37014962,0.41416692340582284
37014969,0.17515514017821432
37024355,0.03517319127141603
36997909,0.3079780887114364
36997910,0.10764059186891556
36970436,0.03411575866654994
36970437,0.06721650817799313
36970438,0.06929342159732443
36970439,0.033774176249245856
36998115,0.4967773005683823
36998116,0.08117794579663043
36998117,0.07691851055165903
36998118,0.08480668266447315
36998119,0.4931326483171561
36998120,0.08707466105591014
37011750,1.8033956364471784
37011751,0.6138464528629919
37011753,1.0270142970715337
37011754,0.1799732057635912
37011755,0.2234763356434604
37011756,0.27928286980343614
37011757,0.7871067039396745
37011758,1.5076807153262644
36970862,0.059324183312830965
36970863,0.05867453955664108
36999393,0.07141820298468547
36999394,0.06521425099704661
36974975,0.12414317892683373
36974976,0.1418830143786092
36992909,0.7849450803918833
36992910,0.7641171154747437
36992911,0.1438101588901189
36992912,0.1356504113651875
36992913,0.11440754702470983
36992914,0.10596895678821491
36992915,0.14186978842805456
36992916,0.12136618732755296
36992917,0.14994305172908062
36992918,0.11574931673266994
37020228,0.24924949623147408
37020230,0.18940314151919732
37021465,0.07024821053965477
37021468,0.07081590531763553
37018559,0.11143281936986042
37018560,0.11527331456251168
36994456,0.12416913850139438
36994457,0.13168587050763902
36994458,0.11786733626048053
36994459,0.12362446678177276
37021478,0.14023149450551634
37021479,0.13705993505268882
37021480,0.07068159182586574
37021481,0.14481994927433703
37021482,0.049284423304158755
37021483,0.06589854368898199
37024481,0.09426250080680679
37024482,0.08098592394713826
37015003,0.10934840153184837
37015004,0.09855731538992857
36961403,0.1269378525915689
36961405,0.4803684837043288
36963442,0.2062825448832461
36963444,0.07720603490077921
36963445,0.10195995679455155
36963448,0.07726007482066385
36982312,1.0554326271094348
36982313,1.0767253457778196
36982314,0.970863550894792
36982316,0.9950891967274117
37017798,0.2382246213648674
37017800,0.347680101085644
37017801,0.2710926325290989
37017802,0.2901463139538763
37017803,0.2634079905307066
37017804,0.14670823020992174
37017805,0.12714135137446717
37023972,0.06818556271617669
37023973,0.08230998564505768
37023974,0.08386199250497103
37020670,0.15413753637750977
37020672,0.16495846428380406
37023413,0.5249708466535917
37023414,0.4713999500820803
36994910,0.11012708383269429
36994912,0.10727099286890947
37012086,0.1336628345859181
37012087,0.11654686088377697
36955741,0.08944222107316957
36955742,0.08021157547187997
36961457,0.056598538456010095
37024480,0.06827864544515494
37022990,0.11988432781621805
37022992,0.13176284201579724
37022994,0.13356486829444217
37006882,0.12813975600214478
36988944,0.105465993752989
36988946,0.7879059652090407
36988948,0.08798280628037099
36988950,0.10536997142731683
36988951,0.07282131999878287
36988952,0.07623543652700872
37020914,0.16048257075665293
37020916,0.1165286308966671
37020917,0.17977505405987773
37020919,0.11420351991471225
37024350,0.10419001236839533
36992698,0.43119396746553895
36992700,0.4208390316670472
36992701,0.08160109303562921
37024413,0.06369599279953626
37024414,0.1035627223526042
37021608,0.15997690514744745
37021609,0.35780668439685015
37021610,0.3457697542837495
37020942,0.1663545191459461
37020943,0.13439007286042412
37020185,0.19699297887910777
37020188,0.10910970323502825
37020189,0.19376399262097577
37020190,0.1790620850428625
37019686,0.15154662070968375
37019687,0.152731417318938
37018124,0.9644641258977068
37018125,0.9211757127932153
37018128,0.1343775274822223
37018130,0.9954894037914919
37018131,0.07656026517126849
36974759,0.1076346021417086
36994525,0.10111072699372392
36994527,0.06710643254988308
37018776,0.10332695844054547
37018777,0.09681705125227193
36974953,0.11639672020329765
36978894,0.16149123616718564
36978898,0.1130029577361396
36978899,0.11096082341322928
36978900,0.16367708591050495
36956801,0.5650921765025633
36956802,0.6658193330155371
36956803,0.8486263527632437
36956804,0.9966361349828995
36956805,0.4341408223202307
36956807,0.27603412456515114
36956808,0.6816708112607941
36956809,0.5023670230855056
36956810,0.516083584765269
37013000,0.17732085018743815
37013001,0.1292461078472718
37013002,0.1989484390620225
37013003,0.16909248545900524
37013004,0.1645269135000987
36990110,0.12921963440870549
36990111,0.29091177190529977
36990113,0.3040317280938755
36990114,0.2946570672747941
36992216,0.361601324908387
36992217,0.1565905174424984
36992218,0.2797383873173937
36992219,0.18227608742597265
37012038,0.6098309771486833
37012039,1.5398202762896036
37012040,0.6108255922569454
37012041,0.5731147426912856
37012042,0.10456468427448878
36955102,0.12709477844655484
36955104,0.08908312483948702
36955105,0.1806494549854099
36955108,0.18227458985039877
36955109,0.20174635732965918
36970640,0.12490783296051312
36970641,0.07258962792567485
36970644,0.07462977364932492
36970645,0.06912012667636291
36970647,0.05558774759570744
37014813,0.21501428611010784
37014814,0.14786441958450092
37014815,0.20324518748978931
37014816,0.2128822246983934
37014817,0.1301041308664605
37014818,0.17849940343545354
37014819,0.18746878952339965
37014820,0.152953383813128
36991139,0.11654623574158353
36991141,0.11969957387206848
36991142,0.14409435190245928
36999162,0.035829515200914284
36999164,0.2112248150152155
43433088,0.31815044409400456
43433089,0.12048915986745294
43433090,0.1476011494253792
43433091,0.2839084716938102
37015613,0.35710996418460633
37015615,0.4213069118310484
36974842,0.045543853429478046
36974843,0.07646030766007317
36974845,0.07882264461423305
36974846,0.07654502579810063
36965307,0.44694510295920825
36965314,0.05186551571861667
37010681,0.6159308350573562
37010682,0.663303473911026
37010683,0.5483629364319607
37010684,0.47757144407094404
37010685,0.46412308240354855
37010686,0.5764249364868078
37010687,0.6098322239395221
37010688,0.5550681205246057
37010689,0.4171993218697683
37023917,0.24569375957517414
37023919,0.08480873193557813
37023920,0.09439651268380603
37023921,0.09332837719876788
37023922,0.08395644995242471
37008292,0.06888534710520872
37008294,0.12490951827382551
37008296,0.12789267222009382
37008298,0.24818778382103124
36965267,0.38651471431310563
36965269,0.27373324858908776
36965272,0.19460495835212632
36986992,0.2658947056159951
36986993,0.3018519988445715
36986994,0.29836130179895
36986995,0.2978136071773099
36986996,0.3992728941489401
36986997,0.3320027881069223
36986998,0.7881401329840928
36986999,0.28033441767257383
36974050,0.060439768624301705
36974051,0.17864002026531464
36974052,0.10426982066380222
36974053,0.0960392982613513
37014739,0.28351871956670877
37014740,0.31204115585781167
37014741,0.6557725524072657
37014743,0.37368154315235785
37014744,0.3147945533340935
37014746,0.32133466409122813
43429556,0.11684745834603125
43429558,0.25567884411809
43429559,0.07307439625659388
37011045,0.0375698509952685
37011046,0.030023013138613407
37011269,0.19568223935799298
37011271,0.11060354568570513
37011272,0.27401293516308395
37023656,0.238958888091236
37023657,0.20317998667517612
37023658,0.22488157183387508
37023659,0.20657898338730696
37023660,0.2523402859446028
37023661,0.17214701520162154
37023662,0.22287807108579563
37024347,0.20631246109738013
37024348,0.20903571018221165
37024349,0.1826162190686579
36975002,0.06104297243610761
37019249,0.05786028418332331
37019250,0.05875190551303624
37006957,0.2579349663234843
37006959,0.23823730625002104
37006960,0.27054181994593574
37006961,0.15888557120501548
37006962,0.1261699207905848
37006963,0.24184067982421312
37006964,0.2718644085246838
37024164,0.09379624998971585
37024165,0.19323362810070255
37023313,0.055938205275742704
37023314,0.05529181834530764
37023887,0.06249987232352543
37023888,0.06405781295353435
37023889,0.06261618686283815
37022172,0.21607925542873713
37022174,0.2232789545690784
37023198,0.1816361079270742
37023199,0.1941878945945194
37022422,0.1435111603903566
37022425,0.14000422278932959
37013334,0.1331972797757057
37015183,0.15705488414043756
37013140,0.10395388679844093
37013141,0.07020241761651522
37009691,0.3386542404975684
37009693,0.34596173553665766
36966078,0.1565119621629383
36966079,0.1181704599342448
36966080,0.09196769654391031
36966081,0.07872076261866072
36966082,0.11673808798342099
36966084,0.13127041727322752
36962073,0.13233775512754156
36962074,0.1525560248659476
36962075,0.16203164447293847
36962077,0.15136822675456343
36962078,0.16950072124210272
36962081,0.20444156443221004
36962082,0.18520462659465237
36999016,0.13075924053977878
36980888,0.09903052798776946
36980889,0.07410535353630232
36980890,0.23041164953405216
36980891,0.21973988838425187
36980892,0.06871554207307132
36980893,0.11217029715824436
36980894,0.11605925537799781
36980895,0.10291129372304479
36998539,0.14520846867205728
36998540,0.15305767161459818
36998541,0.16029172468189373
36999132,0.25133189690117397
36999133,0.2429984899920977
36999134,0.27996637257479456
36999135,0.28251170131193143
36999136,0.24947841063857465
36999137,0.2579336006633907
36999138,0.2614658676877726
36975616,0.16422912648166074
36975619,0.07030311657088009
36975620,0.15925817287069546
36975621,0.09758347858938589
36975622,0.06991753204887535
36975623,0.1011175580631468
36971448,0.11649965130077004
36971450,0.09410131600827618
36971451,0.10838520644316835
36971452,0.06135063122547282
36980854,0.3044563994037603
36980855,0.2976116542793592
36980856,2.3224526703474413
36980859,0.24596853584195502
36980860,0.12198664687561753
36981974,0.17591666930677433
36981976,0.16181933938636409
36981979,0.17934088510676494
36981980,0.15431538109425494
36981981,0.22438091005803054
37010799,0.47016011335317176
37010800,0.5383310023087006
37010801,0.19669181636904334
37010803,0.32615451476916657
37010804,0.19958642279754238
37010805,0.1706693668225342
37010806,0.1951925108208582
36956218,0.18906533018366886
36956220,0.2656093192484448
36956223,0.3571775905351163
36956224,0.24399737776058397
36956225,0.1727643583954142
36962509,0.15624634331280524
36962510,0.1444125419146015
36962511,0.9391867711012678
36962512,0.12736207566149815
36962513,0.17536613772568774
36962515,0.15934682588670798
36962516,1.43735589083173
36962518,0.14235199827051784
36984731,1.0623404647770875
36984732,0.25557076046264515
36984733,0.2322464839595125
36984734,0.30138014295887827
36984735,0.31841493376891367
36984736,1.0344522074254414
36984738,0.2185236202362024
37007246,0.29978499796839475
37007247,0.5481672648501958
37007249,0.12554342540058094
37007250,0.6648392122961045
37007251,0.8994245365359753
37007252,0.3781137095948179
37007253,0.5213290484122469
37007254,1.2295116531899777
37013159,1.1396958215968824
37013160,0.4430230623966659
37013161,0.2831262051674895
37013162,0.3338895155535848
37013163,0.43586870028606617
37013164,0.35636207797645
37013165,0.43877624394591896
37013166,0.2487224276722355
36968525,0.33872838279104484
36968526,0.16011500356438535
36968527,0.1542981617394162
36968528,0.17149936504854604
36980510,0.16728386357951014
36980511,0.03019612965283017
36997783,0.09189164099257394
36997784,0.2184445019654253
36997785,0.16035621116536902
36997788,0.6498906941250362
36997789,0.1010954466453041
36970570,0.13003237153531638
36970572,0.2162954415726599
36970574,0.37495206257237607
36970577,0.06430880314293592
36970579,0.3708004218986948
37011320,0.25278895151015396
37011321,0.09429224166824833
37011322,0.08905255665553594
37011323,0.11092381913830562
37011324,0.08042028933510735
37011325,0.14491675319562938
37011326,0.10845858000236266
37011327,0.08822388334230284
36956392,0.06119875691949201
36956393,0.06295406103225475
36956394,0.06017686708595629
36956396,0.06493257665512962
36979305,0.16223985296739454
36979306,0.2024802940370182
36979307,0.23390770601020036
36979308,0.16864423846059193
36979309,0.14013844347983784
36979311,0.2103463784862475
36994295,0.20412823764018126
36994296,0.20206457939233485
36994297,0.10897011804135853
36994298,0.11542455728698188
36994299,0.15889403725691575
36994300,0.06192344519145437
36994301,0.33046371479099074
36994302,0.3727735036291536
36994303,0.1864429095163532
37023814,0.23095659664443172
37023815,0.4481267961690987
37023816,0.13794135765019488
37023817,0.16491915747850472
37009016,0.1389816674105682
37009017,0.12845017125117264
37009018,0.05795895630087441
37009020,0.13677146844348492
37016520,1.3620580842904522
37016521,0.2674124258061502
37016522,0.0984352512309531
37016523,0.22039468588472752
37016524,0.15098830135754215
37016525,0.34828211588074687
37016527,0.09675093828362513
37016528,0.40678646441049043
37016529,0.33264044809226884
37016793,0.25926031710020664
37016794,0.4408016122630165
37016795,0.1287922829771346
37016796,0.3143881151681584
37016797,0.10950000869619685
37016798,0.29265922142204703
37016799,0.2821210747117225
37016800,0.20922287979652351
37016801,0.16975881770317092
37016802,0.4063145278616968
36960585,0.1152729130451111
36960586,0.09212778665052837
36960587,0.11460887817336214
36961853,0.11721709670496054
36961854,0.12300635745444959
36961855,0.1309389811875414
36961856,0.07270869209282957
36961857,0.09662183260156067
36961858,0.7113509429041063
36961859,0.09098559933256817
36961860,0.1964374661269505
36961861,0.1150009928481685
43429594,0.14101623379223183
43429595,0.08972556836193689
43429596,0.06680748367602145
43429597,0.07009994243097996
43429598,0.0878184041063985
43429599,0.13450705612474415
43429601,0.1291689091655493
43429602,0.0981826849853482
37016272,0.08535365562639045
37024485,0.05757620529414249
36970561,0.04526366862976825
36974993,0.08762013533909462
37011715,0.1827981185409726
37011716,0.16808825479592904
36974879,0.04862233883031897
37024470,0.10792560757379496
36974198,0.0758055148623495
36974199,0.047350660517987316
37014262,0.07714561982080324
37014264,0.07548331913470613
37012688,0.22306773036997646
37012689,0.2364654747724936
37012690,0.12731094426849074
37012691,0.13533503617775822
37012692,0.16182327767029347
37019743,0.2679099240314408
37019745,0.31415161822019627
37019746,0.33538398067409647
37013916,0.5976795462742556
37013920,0.5741206806168835
37013923,1.2177303089369897
37018608,0.11931740469890974
37018609,0.09551430035959112
37018610,0.11354385832093872
37018611,0.11575392280896823
37015903,0.4394135659370895
37015906,0.43679269190243886
37016076,0.8821971673451976
37016077,0.4586947559281528
37016078,0.864727403555572
37016079,0.4570072680094959
37015861,0.21240358544974666
37015862,0.24736325872089293
37015863,0.9882562358468495
37022250,0.27614686800057264
37022253,0.29510302602146427
37022256,0.2337540558440816
37022257,0.1784470757084408
37022259,0.12304780698600283
37021418,0.14602024313409445
37021422,0.15713251442981122
37021423,0.4086813332188408
37021425,0.15127472778904466
36978879,0.1951248647823231
36978880,0.1483834384013958
36978881,0.1324772524642928
36978882,0.17700392360158562
36978883,0.21305689915210577
36978884,0.22817742694646065
37024407,0.16200425319217596
37023282,0.17804903259711963
37023283,0.17941254456246236
37023284,0.191393894832637
37024390,0.25014536640518475
37024391,0.2495030071591769
36974054,0.03405475788845927
36974055,0.06251672753815718
36974056,0.06117728473251045
36974057,0.03568190387894183
37023710,0.049444974498870434
37023711,0.057293852047649835
37023712,0.04947132712082391
37023713,0.08564842278972173
37019140,0.08872013896840358
37019141,0.07276413391339488
37019142,0.07331524124070296
37019143,0.11133952337451529
37019146,0.09653124073900358
37019649,0.2322619812008584
37019650,0.47585865635077595
36995479,0.0510829517860261
36995481,0.08269697152071495
36995485,0.06659790973347379
36995486,0.057468024296838185
37017790,0.32913010946742427
37017791,0.18628408426699766
37017793,0.13828423472362744
37017796,0.2713391703404284
37017797,0.45970336297935244
36979128,0.19669661251960005
36979129,0.22203926911905114
36979130,0.11591574181491297
36979131,0.27176952358869355
36979132,0.1495951225768946
36979133,0.12222415662806503
36979134,0.15422288554571337
36979135,0.1301179467906726
36979136,0.14590600533174877
36988351,0.14038781637150954
36988352,0.4742558090128241
36988353,0.35691645665799127
36988354,0.25636461821808454
36988357,0.3411032630569905
36988358,0.13512580623892442
36988359,0.23941440609048897
36999190,0.5542566688298899
36999191,0.13850105641458724
36999193,0.18759770878786544
36999194,0.18431211780740342
36987507,0.09959137933992006
36987508,0.09205563105110041
36987509,0.11808742054451891
36987510,0.11351136621309423
36981838,0.5218345203484324
36981839,0.1684731435746997
36981841,0.1992779834758683
36981842,0.37158378994461244
36981843,0.2087203191795249
36981845,0.3225095226375175
36981846,0.44842855886385363
37024333,0.1024469031945961
37024334,0.10218827558390157
37016193,0.5457471562927312
36993354,1.441163363966385
36993356,0.15790316476664504
36993360,0.1295275738721586
36993362,1.264598481435143
36996792,0.33456476390693923
36996793,0.4956788713909431
36996795,0.36073822663691424
36996796,0.32775251712109466
36996798,0.3305802550492151
36996799,0.6773250069343268
36996800,0.3169320691627725
36994439,0.284056269947792
36994440,0.1116861166990134
36994442,0.11416339298950472
36994444,0.26586465156992783
36994445,0.11855869045792179
36994446,0.3246846173947549
36977517,0.11243176776891112
36977518,0.23756552677282497
36977519,0.20709945322536052
36977520,0.20515130334712206
36977521,0.21181933289746427
36977522,0.30621032718583424
36977523,0.19248757861914625
36977524,0.2857787244548124
36977525,0.08444023610789478
36957591,0.2354693214110617
36957593,0.238814172260957
36957594,0.32500696751739866
36957595,0.17566425136793204
36957596,0.27017876649055816
36994510,0.2864142253421623
36994511,0.16985160595635707
36994512,0.19905292488272122
36994513,0.16973572648442312
36994514,0.25275077506965504
36994515,0.24601937834614404
36962844,0.5159605126167582
36962846,0.6214837406312326
36962847,0.6327544459117751
36962848,0.6551400612795935
36962850,0.6527706738708705
36962851,0.5996519380364669
36969918,0.8790735740474221
36969920,0.19695251439030687
36969921,0.09376691112059975
36969926,0.2699352995193512
36969927,0.20962053642151413
36971245,0.16450635597685906
36971246,0.1979728569335872
36971247,0.3828291304505181
36971249,0.13395209272894573
36971251,0.35517128254385355
36971253,0.12349997904531544
36988060,0.39842811982616505
36988061,0.18156119798997933
36988062,0.12136370982531332
36988063,0.2803352287225809
36988064,0.16736197313902842
36988065,0.12922529082102363
36988066,0.1604298231265592
36988067,0.12797001258538035
37014681,0.18859997765684267
37014682,1.0420874889431389
37014683,0.18486120040798937
37014684,1.117725962230409
37014685,0.26969659034337423
37014686,0.27328521398550415
37014687,1.4649759002097613
37014689,1.490646143213369
36972351,0.041183313005962424
36972352,0.1284016874410222
36972353,0.08386432876276884
36972354,0.3510667604556829
36972355,0.4370174290508777
36972356,0.650662564306898
36972358,0.06167151574608987
36998071,0.24996372611300138
36998072,0.25050424217971184
36998073,0.23815831302334411
36998074,0.33514243497260227
36998075,0.3143592993907722
36998076,0.2357267953053875
36998077,0.38739575053353537
36998079,0.250032556756363
36969582,0.26258099918272193
36969583,0.2103523583200406
36969584,0.4941851306943368
36969585,0.39156911699180114
36969586,0.46290289745203395
36969587,0.2699087312510618
36969588,0.2872916661047522
36976983,0.5188056907733458
36976984,0.29357907506727804
36976987,0.43966518939371246
36976988,0.26306773352547214
36976989,0.24404114694777646
36976990,0.6256259582853206
36981468,0.06141324605501359
36981469,0.10341810580033217
36981470,0.09656426253243074
36981471,0.14142859191311843
36981472,0.09472317625464215
36981473,0.058093068122742876
36981474,0.07468813507052596
36991900,0.20577247012914793
36991901,0.16340471981978363
36991902,0.2737171173898442
36991903,0.2120388913056204
36991904,0.1896081455991944
36991905,0.32352308256410955
36991906,0.20031242090722942
36991907,0.2551348333813031
37012493,0.05106229820876851
37012496,0.04900275343017208
37013324,0.35996034193784493
37013325,0.2614878330607077
37013326,0.37201694211675923
37013327,0.23675221916243408
37013328,0.3198808709552757
37013329,0.2436802384491177
37013330,0.24520980085702096
37013331,0.3173746358331893
37013332,0.34411808171177666
37013333,0.25339125120810624
36960367,0.2970948860061065
36960369,0.21327990489479398
36960373,0.22200736325048526
43431000,0.08301331218560792
43431002,0.09775233812262742
43431003,0.09589115737044729
43431004,0.13599254523442586
43431007,0.10355342156568997
43431008,0.08766472224538563
37014352,0.16458433013009427
37014353,0.16480548921433147
37014354,0.16552790948839646
37014355,0.14784418397797297
37012727,0.1822381976642711
37012728,0.1399379004042151
37012729,0.16737995145357373
37012733,0.17116319021943519
37020920,0.04941468102957771
37020921,0.04871342551644267
37020922,0.05855603728949752
37020923,0.050679826161088695
37020924,0.05984213343620642
37020925,0.061392552034701696
37020926,0.05964219292321661
37020927,0.04981011829272658
37022343,0.2086515002131982
37022344,0.11085883162658601
37022345,0.1694824226663347
37022346,0.09448919442115737
37022347,0.16871316260941666
37022349,0.14298076746454574
37022350,0.11117234334048696
37022351,0.20427342570527707
37022352,0.2536435425268208
37019821,0.10444437173042967
37019822,0.14201532176722945
37019827,0.5449656430651927
37019828,0.0812531093928951
37019509,0.09185871586086923
37019510,0.09210320550443926
37008968,0.49883229120082856
37008971,0.3106300841174981
37008972,0.35409182174105064
37008973,1.2330208069234176
37008974,0.409834568723235
37008975,0.4353059547082407
37008976,0.4089814319688787
37024249,0.07941253788736419
37024250,0.1383643303065082
37024251,0.24057663987427433
37013645,0.5661615263527207
37013646,0.22517406169891743
37013647,0.687119339261831
37013648,0.9648119636346095
37013649,0.8945320530127835
37013650,0.5714857595771305
37013651,0.5648443736536829
37013652,0.8293553941627999
37013653,0.16664051409188452
37011338,0.3166127034744895
37011339,0.3740996058042528
37011341,0.310913488116076
37011345,0.4883469517596883
37024402,0.5938836732492973
37024403,0.4755433789176982
37024406,0.1629473362827633
37019056,0.07859572848584714
37019057,0.07184871902232609
37019058,0.10118932621746261
37019059,0.08357258508484114
37022063,0.16539324189570312
37022065,0.22143220115229933
37022066,0.22990330033246148
37022067,0.27415452842331034
36972376,0.0948993944992939
36972378,0.09778689336884737
37018163,0.08083470746736969
37018164,0.11966749742681096
37018165,0.26290314922115426
37018167,0.12443118708707027
37018168,0.6714365645837564
37018170,0.7666896993844322
37018172,0.08067726929319527
36972173,0.037060517636266416
36972174,0.034059281346555004
36972175,0.4123951290763955
36972177,0.05233729217491896
36972179,0.09881805012288264
36972180,0.07013470056814888
36972181,0.0715783366205463
37024026,0.1990539406747128
37024028,0.6286110881250329
37024029,0.297006457783562
37024030,0.057746495603190846
37024031,0.05981990090183598
37024033,0.17891591469634244
37024034,0.2005291261413304
36973600,0.11200288764084045
36973603,0.07673259125748516
36973604,0.13993190475094833
36973605,0.12766937697582387
36973608,0.21245081091889859
37015648,0.10568295359173797
37015649,0.17633787182676078
37015650,0.06911707695427355
37011776,0.1265672512503985
37011778,0.13287264569235677
37011782,0.824495560645475
37011784,0.12876489153365822
37011011,0.18248846471210772
37011014,0.2336555016693738
37011018,0.2767583365307417
37011020,0.2687333329436096
36982037,0.35812804872302234
36982038,0.2606981242535438
36982039,0.07415704089883927
36982041,0.5417595939944015
36982043,0.7635769588604391
37010494,0.44589494484826947
37010496,0.4518382786554826
37006611,0.37216315619995216
37006613,0.3782563194027231
36978817,0.21477379011867687
36978818,0.1369962242663808
36978823,0.06270660244061167
36978824,0.07973330507425713
36978826,0.08836891050405228
36971208,0.13116798403949562
36971210,0.210272632920459
36971211,0.10544550128224822
36971212,0.2103191213319533
36971213,0.5751912049120758
36971214,0.22861867742768288
36971215,0.16052028703337648
36971216,1.2989603413132838
36999268,0.43640061519712664
36999269,0.28793877073032625
36999270,0.299806222648824
36999271,0.12552217186215986
36999272,0.07365592870195053
36999273,0.91425925644919
36994831,0.3179131563970068
36994832,0.35269955051854446
36994833,0.2553691867857236
36994835,0.2568704128012513
36988785,0.11620810425801337
36988787,0.22384393089803004
36988790,0.13668422837439032
36988791,0.15982684930454533
36991119,0.17470175132447527
36991120,0.14488118676257106
36991121,0.17948796955389515
36991122,0.18888552996042626
36991123,0.20427466906172043
36991124,0.14445618969793453
36991125,0.15662607888903
36991126,0.15847407763495627
36991127,0.17601068409816745
36992040,0.1209668249453674
36992041,0.09618239781650308
36992042,0.11299872299213258
36992043,0.1429467193044248
36992044,0.15266026964960375
36992045,0.08855214303451836
36992047,0.06880048041414538
36992048,0.16593606312859452
36984206,0.30095749706134617
36984207,0.21670609026344545
36984208,0.19491975691261415
36984209,0.20824918268372836
36984210,0.3076402912787194
36984211,0.24359123350648784
36984212,0.21248735770560617
36984213,0.28877059562291624
36984214,0.22725521899690967
36984215,0.32546651120481074
43420480,0.3865260941169011
43420482,0.08709619244094526
43420483,0.69248336283703
36965930,0.3742128284079246
36965931,1.6257960423389077
36965932,0.40872797103899966
36965933,0.25339156594902085
36965934,0.2107447147419351
36965935,0.370567175843587
36965937,0.2669781158643466
36965938,0.33037574873106146
37015459,0.11663799161676189
37015460,0.1386416140398368
37015461,0.23976438192859983
37015463,0.14196987894749585
37015464,0.11266846068652912
37022890,0.20726424248550998
37022891,0.1908447868617388
37022892,0.13311608970949818
37022893,0.18600977994867504
36996089,0.19949118449692374
36996090,0.19399087856009917
36996094,0.3692540759297997
36996096,0.4931817057507174
36990315,0.23980930960075575
36990316,0.7491443918938185
36990318,0.3379821213634611
36990320,0.14687204029557302
36998844,0.07169919059971802
36998845,0.12960055104129622
36999051,0.3501164891379494
36999052,0.23307398971843424
36999053,0.180922614320151
36999054,0.22773678228102526
36999055,0.22569931553402794
36999056,0.1779982991632654
36999058,0.2182453843524656
37006947,0.14170404732423358
37006948,0.14410870217351993
37006949,0.2436867180936512
37006950,0.15347377782715077
37006951,0.1086289350997634
37006952,0.10364347488990437
37006954,0.12471959134765663
37006955,0.11883095005715778
37006956,0.14141349129878156
36988161,0.10987464982730064
36988163,0.07578450661551007
36988164,0.060825980999726935
36988168,0.08366706105475614
36968499,0.2490716043784817
36968500,0.10598102818970895
36968501,0.07078317571337862
36968502,0.04214620201104305
36968503,0.11650562490635238
36968504,0.10033918730776058
36968506,0.03738162917215354
36968507,0.06383478257885357
36998774,0.12062593609120488
36998777,0.12496082257226007
36998778,0.1172657311607976
36998781,0.13130637575815188
36961787,0.5637044107358701
36961790,0.5690823982286446
36961791,0.20814927249295387
36961792,0.19397993475719333
36961795,0.11528156026557712
36986459,0.11254990586199318
36986460,0.0995672581928946
36986463,0.08819528802344971
36986464,0.0796632803719445
36986465,0.06401155057628122
36986466,0.08263315897305147
36986467,0.06639791655438261
36971198,0.0944951283815297
36971200,0.9557694500485128
36971201,0.25532991697134666
36971202,0.22885977574295138
36971203,0.06812792992824986
36971204,1.0338408588078596
36971206,0.2855051381935459
36971207,0.08296328837559493
37013723,0.1212681243946479
37013724,0.15504403614192822
37013725,0.11456746368825524
37013726,1.0299776479000513
37013727,0.25143614993441094
37013729,0.3003704627587429
37013730,0.11407030137031161
37013731,0.692930458970572
36993714,0.3149889842547436
36993717,0.44441875591626023
36980412,0.4044392978187058
36980413,0.5864313336061037
36980414,0.4356571144634227
36980415,0.4436672393912896
36980416,0.5038805623988457
36980417,0.4355974229450693
36958847,0.26887487044056824
36958848,0.09277734744013924
36958850,0.09629250751671853
36958851,0.2370737654708557
36958852,0.10781122724868951
36958854,0.22720225315044737
36958855,0.38219446500676196
36958856,0.0995648046862826
36975973,0.13866761781050924
36975974,0.26075467554734194
36975976,0.1967867663693457
36975979,0.3199164476507685
36975980,0.2204506079214143
36991683,0.16879763064056386
36991685,0.1500943394578979
37015089,0.08575407290449708
37015091,0.11618257629738786
37015092,0.10538900529050453
37015093,0.08356174613091678
37015094,0.11701423434941431
37015095,0.08706302636151293
37015096,0.10555635168754847
43433139,0.19035574563397345
36990047,0.8974028665626761
36990048,0.13230492646232003
36990049,0.0727102287899096
36990050,0.07194168847781997
36990051,0.30047487307877047
36990052,0.08765369934481707
36990055,0.6289140621683347
36990056,0.1737375578794698
37020539,0.09635272792973529
37020542,1.100409659777314
37020544,0.09140057682835522
37020545,1.3332383228584257
37020546,0.08411530966721854
37019835,0.10778869823941116
37019837,0.08510273393025473
37019839,0.16279292837009057
37019842,0.07874081587370092
37019843,0.08096601260495194
37022808,0.4763031464091671
37022810,1.6445545976907086
37022811,1.6833729841375746
37022812,0.18668017873637677
37022813,0.12547434640306582
37022814,0.19515389746109307
37022815,0.5625425482017191
37022817,0.513247429549563
37023456,0.17012122758487916
37023457,0.13991367288132833
37023458,0.12601223511240434
36977388,0.07639800990506714
36977390,0.07753303802635153
36974958,0.13000106934327227
36974959,0.12534436710756588
36974960,0.1533465316950133
37020023,0.6473756713849974
37020024,0.34952841085409386
37020025,0.25414954677121476
37016110,0.16620509944007172
37016111,0.16502770600112932
37016112,0.09632731775996389
37015379,0.2953008176233674
37015380,0.35408501482250226
37024353,0.07986396864959673
37024354,0.10221321412714475
36969659,0.11467960990147766
36969663,0.1648746882633802
36969665,0.14649541800075686
36969666,0.34478068955980645
37022531,0.39665626822580374
37022532,0.22360524393816347
37022535,0.19530150210469
37022536,0.14348724177079314
36971030,0.21731879069077314
36971032,0.04452535176188732
36971033,0.20453759230654128
36971034,0.26995868814014534
37010106,0.24913469109094993
37010108,0.17000881091498934
37010109,0.1626957488753478
37010110,0.15587049692606544
37010112,0.1152602999484263
37010113,0.16304481504404225
37010114,0.11619741852308359
36981158,0.10295755085900146
36981159,0.10153221537726753
36981160,0.35781772319827687
36981161,0.09298349584029288
36981162,0.14610418076915924
36981163,0.1296961004469479
36981164,0.1362664434992695
36981166,0.09473629109929778
36981167,0.15282809648965778
36999397,0.0923519731052145
37023078,0.037713970032677735
37023079,0.07886124282469112
37023081,0.09960473535683018
37023082,0.055793935237608165
36970747,0.15334110643027446
36970749,0.15216106078639807
36976784,0.0726599131475871
36976785,0.08476989851666315
36976786,0.16726115435290553
36976787,0.12414757828455622
36976788,0.18169263334209193
36976789,0.2309282790170121
36976790,0.21231506793272928
36976791,0.13627700805748738
36976792,0.23375263184067213
37021264,0.07134577308900783
37021266,0.056786899671761606
37009375,0.17462266341308716
37009378,0.15420470055362523
37009379,0.17871692252657767
37010738,0.19141711816645907
37010741,0.25254940815040683
37022436,0.3745353891589894
37022440,0.10224092288469913
37022441,0.40480926757916513
36970580,0.5884153622714291
36970581,0.6776124413802119
36970584,0.6585713448329296
36970585,0.6027056414636325
36970587,0.19240810173909073
37019622,0.14288080252404656
37019623,0.14810931267655214
37019626,0.1414309555962112
37019627,0.1481347277253851
37018120,0.15616955052404982
37018122,0.06542984901737196
37022454,0.1888912310741764
36993961,0.08939238474215118
36993962,0.19590893794232891
36993963,0.1513887641289924
36993964,0.19797778619821005
36983554,0.09031916304969699
36983556,0.2326651235842493
36983557,0.20871110217303174
36983558,0.07597275573464052
36983559,0.20520684374543843
36983560,0.09399968532958777
36983561,0.08958983930700917
36983562,0.07961973991656734
37016114,0.14046124668056403
37016115,0.1303485556738603
37016219,0.026868911785570136
37016221,0.02592332890836748
37016222,0.032209388856001976
37007255,0.03123486289927049
37007256,0.032901973532118
36989446,0.3398403814092757
36989447,0.12290540250350944
36989448,1.0922238405717908
36989451,1.1597600174839418
36989452,0.1421156159876881
36989453,0.12748063145141453
36994059,0.2311361733523686
36994060,0.14982810790982862
36994061,0.27328410727755614
36994064,0.17684165609426455
36994065,0.16169111999438274
43419267,0.3071668287847149
43419269,0.20701681020486445
43419270,0.226585499760711
43419271,0.22682363034174047
43419272,0.39920238435847666
43419273,0.37859645450159746
43419274,0.2740056045238283
43419276,0.12195614059952219
36992554,0.2861355328841769
36992555,0.25960566260249224
36992556,0.11963807140046741
36992557,0.09767143254873163
36992560,0.11504993498689899
36997339,0.12858751781121638
36997344,0.12245885646666593
36997345,0.11902735972276916
36971439,0.2071851036177479
36971440,0.2737309373699835
36971441,0.12234717784513699
36971442,0.11000906430564876
36971443,0.2788350974484946
36971444,0.31428545788721796
36971445,0.15339873862473044
36971446,0.4227312148862148
36971447,0.08159982166209145
37013309,0.14212776966066087
37013310,0.15451534475130985
37013311,0.17255393860083448
37013313,0.13194417569746317
37013314,0.14805190024909443
37017756,0.20974545176826784
37017757,0.27271565864216585
37017758,0.2500321033826829
37017760,0.22417292534170796
37017761,0.2221881565311858
37017764,0.19091663777932932
36962732,0.25474170763873655
36962733,0.17982625691321846
36962735,0.20997140147855964
36962739,0.3643653701453916
36962740,0.19642287725193405
37014064,0.13428350061735944
37014065,0.08767856799375566
37014066,0.08685144725590269
37014067,0.13634376598497522
36991100,0.4609232838545371
36991101,0.5287276940312158
36991102,0.5292445622401744
36991104,0.5183280130257442
36991106,0.5196484175236681
36991107,0.421719950783153
36961526,0.3723911501157585
36961527,0.20624700268121648
36961528,0.14793390345136018
36961529,0.2266360236466828
36961530,0.2660286238445268
36961531,0.2549767358044967
36961532,0.1347664880798455
36961533,0.20821666713653728
36961534,0.17367660559906015
36984035,0.08027542202593438
36984036,0.08970039660703509
36984037,0.09130431375839532
36984038,0.0926286762286969
36984040,0.30756111977533634
36984041,0.07898294966455963
36963450,0.3505810419214153
36963451,0.4461843297146284
36963452,0.4412131746953254
36963453,0.15470669775256982
36963454,0.0877490320616515
36963455,0.34287552133335686
36963456,0.16602125241696034
36963457,0.26195169325643547
36993087,0.08763679570156273
36993088,0.08802234419224714
36993092,0.08164782457143424
36993093,0.07684171072986148
36993094,0.08445257479484976
36993095,0.09556898802259811
37016136,0.11222372140499372
37016137,0.09166318649930107
36997160,0.6302021782499295
36997161,0.5541225929094235
36997162,0.24882397515786983
36997164,0.3315950792739465
36997166,0.46391897280365163
36997167,0.4914122603546336
36997168,0.5795723364883479
36997169,0.5633956635252905
37018929,1.1837862166176945
37018930,0.42181506637269534
37018931,0.20356543634829807
37018933,0.24430475058169693
37018934,0.23258915419461526
37018935,0.3428303250796071
36970810,0.05435813344501452
36970811,0.0827812576586522
37023995,0.07919801929321159
37023997,0.07485106252902717
37023998,0.09510611245500189
37023999,0.08490910168749904
36998955,0.04935323643870564
36998956,0.05218587981566736
36998957,0.036466527599537925
36998958,0.065215115202512
36998959,0.04901094703452144
36998960,0.2981470131589132
36998961,0.32681838719668277
37014022,0.21260012723783114
37014023,0.3552285049260937
37014025,0.4368001192569978
37014026,0.42478959175230613
37009239,0.06134154162043509
37009241,0.06708301450313325
37009242,0.07215663314681366
37009244,0.05545553246959937
37009245,0.3079710175870566
36972518,0.11595996276730536
36972519,0.13127109656855587
36972523,0.11261761073711173
36972526,0.12725118197760324
37018668,0.1578890481225012
37018669,0.11022376814863083
37018670,0.21488576968648018
37018671,0.11842454677421817
37018672,0.39476474990471005
37018673,0.22850452456516848
37018674,0.08355752561322019
37018675,0.06819581493594294
37018676,0.23527151182309572
37018677,0.41872744139630796
37015015,0.19952605785728106
37015017,0.20295955405473104
37015018,0.11510429177828746
37015019,0.12318840205389303
37021983,0.25136921235496623
37021985,0.23990207703996622
37021986,0.21590285273881263
37021987,0.32209236357732995
37021988,0.3205395701777198
37021989,0.19494186657529985
37021990,0.22138156862464775
37021991,0.3748478899257055
37012532,0.2896860912284906
37012534,0.2052487265024961
37012536,0.20244540222784996
37012541,0.11732344456413468
37021823,0.16834654199828458
37021824,0.38587033372193913
37021827,0.6555658959466918
37024221,0.10196949103236788
37024223,0.08583658911853458
37017390,0.4217760893376874
37017391,0.21723008544404404
37017393,0.1526829524043771
37017394,0.18911714542672148
37017395,0.3431430241537272
37017397,0.14451440346270245
37024127,0.14912085397275585
37024128,0.14781419316132172
37024129,0.14737774117228292
37023604,0.14549502768058617
37023605,0.14576824855103745
36989615,0.2706573016294561
36989616,0.2952050627067216
36989617,0.5319049046332782
36989619,0.32017744857582936
36989620,0.3176398057316562
36989621,0.30016345735003236
37022717,0.3032291982307874
37022720,0.3148687190374027
37022725,0.2672221617537413
37022193,0.6273644478446982
37022195,0.08132508325831471
37022197,0.1203392346624305
37023663,0.1429228368965563
37023664,0.12775629477160672
37020499,0.2758922866818072
37020500,0.18631888991375997
37020501,0.18713643907723865
37021623,0.627166045361747
37021630,0.5972404992227119
37021631,0.35585939864285093
37018514,0.06978349242630312
37018515,0.251081870547845
37018516,0.067960858067846
37022117,0.15823045120210644
37022118,0.17615517936704106
37022119,0.3317670481382841
37022120,0.13206901908653063
37022121,0.42765491059781463
37022122,0.08808592996495092
37022123,0.26607898430154225
37022124,0.33841040567886443
37012269,0.07735057928932684
37012270,1.2354645886281135
37012272,0.3430365907477181
37012273,0.074207525705841
37012275,0.32442816960277526
37012276,0.07418291137812723
37012278,0.34235044969849393
37013803,0.21885200954551146
37013807,0.20829481232078098
37023806,0.22824087872033338
37023807,0.1720106604892963
37011745,0.3274730234084519
36981428,1.360463127670461
36981429,0.9389590541691429
36981430,0.20469759905025964
36981431,0.39396511727566197
36981432,0.22339001834585512
36981433,0.7654706762209345
36981434,0.7938736103704308
36981435,0.3722880176301013
36981436,0.8035420029730059
36981437,0.10479126231515928
36961155,0.14429760770026798
36961156,0.18123198308524646
36961157,0.1507620891191396
36961158,0.1799173287921863
36961159,0.14893205637913653
36961160,0.1847645390244614
36961161,0.20196279163070105
37012786,0.16431606279935046
37012788,0.11197276364448895
37012790,0.15988260669007068
37012793,0.16496291041553932
37024075,0.058138563506704294
37024076,0.6879559275793954
37024077,0.11611731673796753
37024079,0.6472560195424719
37024080,0.12055133872938814
37024081,0.07007592936902463
37024082,0.05868390744256145
36972410,0.11766206108607838
36972411,0.11774554036635984
37012167,0.12460512092803683
36980873,0.20080705790095493
36980874,0.21643300300419044
36980876,0.40865437452425873
36980879,0.31473322204361404
36961287,0.5877949489300309
36961288,0.2320772109994976
36961289,0.28921888537720647
36961290,0.2728267526155606
36961291,0.05232149499893961
36961292,0.29548839969177587
36961293,0.0831817675336169
36961294,0.16837448675914102
36961295,0.11875699211101087
36961296,0.11756888445330302
37022767,0.22592367432654437
37022769,0.2360980663138635
37022770,0.1436331865495721
37022773,0.24008344646137983
37022774,0.36081577178666374
36998663,0.9227283855693503
36998664,0.7147567288484628
36998665,0.9058967542565048
36998666,0.48329000507138237
36998667,0.3583545001041202
36998668,0.21168399208887567
36998669,0.460215652719822
36998670,0.20488688471146477
36998671,0.21413687095040268
36998672,0.2764985100208369
36987627,0.5339213958262129
36987629,0.050083355336494016
36975203,0.09335873096128078
36975204,0.19077695150279883
36975205,0.219469512174693
36975206,0.2121083844565622
36975207,0.21405167282793713
36975208,0.24152374381035244
36975209,0.2577222711814686
36975211,0.188202459225692
36965832,0.14032480471763348
36965833,0.872408640072147
36965834,0.1911841755050011
36965835,0.11080733577194608
36965836,0.22503771330167538
36965837,0.19134780292825537
36965838,0.9609488669401063
36965839,0.4201541378217975
36965840,0.8902531603886119
37020390,0.45319488056893065
37020391,0.42121540722943346
37020394,0.2434546591659424
37020395,0.2538796308555277
37020399,0.5393513875201639
37020311,0.10147157814501939
37015832,0.12603496796798053
37015833,0.08293480137060157
37009866,0.2737091945638718
37009868,0.168485541058683
37009869,0.22194983949664912
37009870,0.1747964368503704
37009871,0.2822562982833356
37009872,0.1810550287388805
37009873,0.20299525346506725
37009875,0.9599759427449326
36973505,0.107583963153655
37015324,0.038468098005251215
37015327,0.037923010991908125
37015328,0.03972923525672929
37015329,0.039634514267870145
36977953,0.06509915468614007
36977957,0.7323241778798876
36977901,0.33651808988961585
36977902,0.3268146526991219
36977903,0.12297663947597859
36977904,0.10657816245020399
36998485,0.1272586519298228
36998486,0.072501941728991
36998487,0.1425037102120649
36998488,0.12701177039877626
36998489,0.1603724544597198
36998490,0.14606460549904188
36998491,0.08354874271340691
36998492,0.12999960850465475
36976187,0.19979375939232377
36976189,0.11727722808891351
36976192,0.1832240574583467
36976193,0.20072315155780526
36983859,0.13626093045930293
36983860,0.12332579500227529
36983861,0.07380813314932715
36983863,0.11055548369293473
36983864,0.40993184188800696
36983865,0.11460962339475295
36983866,0.11634073530918379
36983867,0.08532393495183659
37019554,0.14134824641830868
37019555,0.1835955828876281
37019557,0.13769429912246434
37019558,0.14037841642955928
37019654,0.19759636950543877
37019656,0.06879789750398435
37019657,0.15583619922909187
37019658,0.2543949607065306
37019659,0.4237100200089652
37019661,0.08314349766669467
37019662,0.3285589113925159
37019663,0.19041928565155797
37021202,0.23199975109448626
37021204,0.26106107966102093
37021205,0.28717618260309025
37021206,0.3386485360992327
37021207,0.28326228308706086
37021208,0.24923640487358412
37021209,0.15437349827133884
37021210,0.4905455144794066
37021211,0.8221683788466227
37018572,0.37284904901205856
37018573,0.4017182008659987
37018574,0.7050427130316188
37018575,0.10252349848868607
37018577,0.27516294223417764
37018578,0.556350397810455
37018580,0.21891115261217575
37018867,0.23701672601907717
37018868,0.05254559062498226
37018870,0.20148853565297128
37018874,0.07612307620606137
37014916,0.08650254226341184
37014917,0.08022023526141178
36984249,0.3436911926656256
36984250,0.5665026843049935
36984251,0.21167652639990278
36984252,0.40390678072271946
36984253,0.3584162295120153
36984254,0.16148046028575105
36984255,0.16277520651919572
36984256,0.40871409977278683
36984257,0.4101148002402302
36984258,0.3959770991308504
36982373,0.2331461007422724
36982374,0.5346478990050104
36982375,0.33732712036623314
36982376,0.47386930130239086
36982377,0.2469972411176949
36982378,0.34752875905892433
36982379,0.2488661828678751
36982380,0.4656750082578135
36982381,0.23870453778634185
36982382,0.4172295186926574
36956339,0.16252190761101362
36956340,0.12189435643486278
36956341,0.1153398165264316
36956342,0.11128045864190557
36964412,0.5380653353495661
36964413,0.093368480611152
36964414,0.1393751567302085
36964415,0.3243368121798923
36964416,0.10755010541126561
36964417,0.3855386948327417
36964418,0.0864720727253481
36964419,0.17430087321829096
36964420,0.34193412836801446
36963979,0.10020311040877207
36963980,0.09735123984040828
36963982,0.09081123745112203
36963983,0.08380131033344218
36963987,0.0846210711411012
36963361,0.22580414952444822
36963362,0.20824037625898523
36963363,0.15700243057575958
36963364,0.1113655607009242
36963367,0.16519715937179202
36963368,0.10092766733583557
36956362,0.1501739815999767
36956364,0.14469148547006822
36956367,0.1319375864303814
37015294,0.18397864432029773
37015295,0.186166132567263
37015254,0.08198510271732952
37015257,0.09561818441956535
36975184,0.1967761554048628
36975186,0.2856835189201914
36975187,0.11783929509237573
36975189,0.13312101499554163
36975192,0.1319695435813818
36999298,0.12413876671698196
37021341,0.0853670997999515
37021342,0.1780288807063551
37021343,0.13924750655058477
37022429,0.29873030411825785
37022430,0.4282394300798717
37022431,0.7361217153163309
37023225,0.41066450579521535
37023226,0.9659670453862537
37023227,0.41860737911757007
37023228,0.4121209796143946
37020342,0.22199174831816362
37020348,0.4963791864937563
37020763,0.15864701795786498
37020764,0.1720170421344707
37020770,0.47668906119535176
37020772,0.2826282434098509
37017267,0.11167376426830493
37017268,0.10914317957393681
37017271,0.35658479100398666
37017275,0.09958631104427094
37022432,0.049477527142248165
37022433,0.44730968840278823
37022434,0.48956206541103375
37022435,0.3351301462023557
37023011,0.3610796421698333
37023012,0.3497317715716499
37023014,0.35008395264584613
37017682,0.06248825591739823
37017684,0.13525780326899323
37017686,0.07305629659458604
37017688,0.19220741123212207
37022904,0.08183701678770977
37022906,0.1361755762404845
37022908,0.08201988846661526
37017240,0.2679935499153614
37017241,0.1134291775395427
37017242,0.1165349279001668
36990384,0.044315201720314494
36990385,0.05476322831956151
36990386,0.07711210592972198
36990388,0.08680539909936301
36990389,0.06056675496903711
36990390,0.06935556888171632
36990392,0.09617395082376887
36990393,0.051766963578737286
37021844,0.1133618615929279
37021849,0.1934937255282669
37021851,0.05959212156613163
37021852,0.09540035243111153
36974630,0.020866598981643177
36974631,0.022421692105644882
37006884,0.06475644996138781
37006885,0.02624413438301002
37006887,0.16889659294115916
37006888,0.02590063607296151
37006889,0.02725877818329502
37006890,0.02276976202486501
37006891,0.059683351121738996
37013970,0.14635652059321377
37013971,0.12608863718245536
37013972,0.1137617305251641
36977630,0.6753334667957773
36977631,0.7777206722106901
36977632,0.2431372169232871
36977633,0.55244028755341
36977636,0.5086253826125227
36977637,0.16323635223285116
36977639,0.6483895655921876
36977369,0.1679176975478787
36977370,0.2881470508313991
36977372,0.19651142226585094
36977374,0.30311372073749665
36977375,0.32167460422175304
36977377,0.2851216254941536
37013569,0.26874344873296485
37013570,0.18300750173128155
37013571,0.22095742253355083
37013573,0.7001609573921443
37013574,0.2367121334187152
37013575,0.24902531894626856
37013576,0.4126024472255379
37012734,0.22543540735062317
37012735,0.5835901055259031
37012736,0.429876739169698
37012737,0.3777849094772592
37012738,0.18159918355001306
37012739,0.17030915748700476
37012740,0.6866300774456779
37012741,0.8365115269382384
36989809,0.12548333012006296
36989811,0.6192156745494539
36989812,0.7810555741135308
36989813,0.15080571091715506
36989814,0.6063408303074611
36989815,1.4919672459647222
36989816,1.1563693949914033
36989817,0.6886064423669959
36996963,0.3385182432272371
36996964,0.1733020323056035
36996965,0.3274538295725812
36996966,0.5211656718719199
36996967,0.2228897782845707
36996968,0.5424770181130799
36996970,0.21623590401692355
36996971,2.2029649489884338
36982082,0.6961057477223005
36982083,0.20570632885100162
36982084,0.8746138066082548
36982085,0.22835287050563913
36982086,0.785099438104612
36982087,0.4294008236286095
36982088,0.8168951936363514
36982089,0.7147532075274468
36982090,0.6929275469264006
36982091,0.24183591239023494
36988169,0.5402547117325014
36988170,0.6272278322391971
36988172,0.22416941589549153
36988175,0.2972921553218951
36988176,0.2798528124693675
37019097,0.10571395953921488
37019098,0.2397127446136682
37019100,0.21117950998568105
37019101,0.2911547420442093
37019103,0.09351634722428126
37019104,0.15458363001929817
37019105,1.2805628280607826
37019106,0.6761827967484826
36962490,0.5216599714941448
36962491,0.17122700314075034
36962495,0.558549160334439
36962496,0.3593181250873638
36962497,0.3996050386987226
36962498,0.47703773080648393
36962780,0.3240832008295517
36962781,0.14131022490333556
36962783,0.7565926080315896
36962784,0.826987930134649
36962785,0.34675571020799656
36962787,0.3307488012596056
36962788,0.3196397731485523
36962789,0.9077279229563265
36964111,0.4349506801668066
36964112,0.7790316045476593
36964113,1.0829757185728965
36964114,0.5184192523884775
36964115,0.6422819432239231
36964116,0.32583874460339113
36964117,0.5174770334542108
36964118,0.6549437743554719
36976623,0.0586929845180718
36976624,0.10471769679112894
36976625,0.08612621289169206
36976626,0.09007511203546413
36976627,0.07871677817533539
36976628,0.08850483863547118
36985254,0.06979299117869336
36985255,0.063831903925944
36958958,0.18193589864463974
36958959,0.21329563165373217
36958960,0.10260701564359809
36958961,0.09907725194866109
36958962,0.11689804573582913
36958963,0.11795989302702846
36958964,0.2601654681503414
36958965,0.10353851542368152
37013547,0.29661753307378674
37013548,0.4478714612202938
37013550,0.13514960238875917
37013551,0.10910273400653235
37022465,0.10615851692198061
37022466,0.13716920123513948
37022468,0.34778347612421684
37022469,0.18374031011326675
37022470,0.10357313887355436
37010444,0.2526503555274111
37010445,0.24011284231251825
37010446,0.06405251053587316
37010447,0.25021923162279114
37010448,0.028231934959874937
37010451,0.13508838169800824
37010452,0.34296431350569806
37014410,0.06015768966649813
37014416,0.05743968319027552
36974652,0.057409415631018854
36974654,0.061341312835304126
36974656,0.061534617400009387
36974657,0.057869364740395085
37008837,0.08871343333747256
37008838,0.06050873536808533
37008839,0.06531481752029639
37008840,0.0616866501484547
37008841,0.061560366064886
37008842,0.06551076765236158
37019963,0.1653002541324922
37019966,0.4303983644156035
37019967,0.3691586591375777
37019968,0.26141635259132584
37019969,0.3562597168177108
36993401,0.2094521407538644
37022854,0.26267092539725706
37022855,0.1494572068178782
37022860,0.12670191712225587
36985975,0.10518310012559673
36985976,0.14918686875007797
36985977,0.10288662414647826
36985978,0.12502889569836828
36985979,0.12753470077895296
36985980,0.09884687957151976
36985981,0.12982813990186956
36985983,0.1600973600013911
36969449,0.24343299454280404
36969450,0.11193811612900387
36969451,0.19381646784392012
36969453,0.3017546698073348
36969457,0.23843369401805667
36961658,0.22679757197381367
36961659,0.20411045065904254
36961660,0.09624138479098081
36961661,0.16285772059810072
36961662,0.09776124707456275
36961665,0.19994917832993706
36961666,0.21718532428218645
36961177,0.0878435182085787
36961178,0.08532216264484155
36961179,0.225193255571028
36961180,0.1841723265845065
36961181,0.07279545643983873
36961182,0.14209675268003447
36961183,0.14017731976940667
36961184,0.08387413220731729
36961185,0.1305951438355194
36973953,0.13675969801506996
36973954,0.13786585376692603
36973956,0.060827992150505425
36973957,0.0552498113078678
36973958,0.1489547727932125
36973959,0.08694459825010944
36973960,0.12830232088206198
36973961,0.11557976238331917
36973962,0.07701621237660744
37022876,0.08601493771379638
37022878,0.18568308197175534
37022879,0.08180817586011678
37022880,0.06277505044438421
37022881,0.3488901066322007
37019795,0.372812977264376
37019796,0.1828736656069675
37019797,0.4022263504887863
37019798,0.5113777720306141
37019799,0.2925795886673487
37019800,0.6692674108116294
37019801,0.24585341643324443
37019802,0.2769897045994055
37021744,0.28460093887100335
37021746,0.08771840112978707
37021748,0.2802428434001465
37021749,0.059074700558580794
37021751,0.4507302422060166
37018366,0.15282074267757936
37018367,0.1748141603026528
37018368,0.09221805125665974
37018369,0.06668764648560542
37018370,0.15703470864568625
37018371,0.10134946073593823
37018372,0.2090053971040864
37018373,0.16158554068597758
37018374,0.24308543882689265
37018077,0.3081753944877973
37018078,0.3746338233775034
37018079,0.37156684260589234
37018080,0.07415242757777422
37018081,0.06261224301365986
37018085,0.07810087242313006
37018086,0.0840996375346219
37016561,0.6428835169359858
37016562,0.11016552111083455
37016563,0.21595146131549353
37016564,0.7947631711588719
37016565,0.5758449476520567
37016566,0.18647521428807953
37016567,0.12105242719327564
37016568,0.11318517926414745
37016569,0.46404384666057713
37016570,0.18492582659269857
37010653,0.30488638087338965
37010654,1.2763495429776646
37010655,0.11495744394694403
37010656,0.07853979646926593
37010657,0.3154478949934618
37010659,0.1639674384053996
37010660,0.08803546445724375
37010661,0.15149389369546548
36988362,0.18777297928714098
36988364,0.2881954089665627
36988366,0.1859563024552116
36988368,0.31606592743726825
36988369,0.24897099531017003
36988370,0.13127632440497006
37009702,0.16585035152925748
37009703,0.141647288136768
37009704,0.09702972006270175
37009705,0.09400042685942242
37009706,0.13869547825380862
37009707,0.04223854423644447
37009708,0.10333547329134968
37009709,0.04276829895508563
37009710,0.16757871474858524
37009711,0.05550554227105318
37010089,0.2502209385939103
37010090,0.6264110147184611
37010091,0.23896331273040358
37010094,0.8385630108435168
37010096,0.4953231758204257
37011300,0.2403050935992819
37011301,0.12432235539785477
37011304,0.0864918028495565
37011305,0.12766280660613333
37011306,0.2318303880711686
37011309,0.24954444528253125
37016060,0.23302192976618963
37016061,0.1905001977062853
37016062,0.19680736449196007
37016064,0.24601490587564115
37016065,0.25138927159230107
37016066,0.2287312141294908
36975235,0.25506351948181966
36975236,0.09885406939637112
36975237,0.08987680026177257
36975238,0.08329144031705854
36975239,0.10322842421749501
36975240,0.08881818406419587
36975241,0.09703666379594955
36975242,0.11941812372742051
36975243,0.18057733548973898
36975244,0.07985926716740417
37012287,0.7629748799305531
37012288,0.22481830032330533
37012292,0.7436438818241086
37012293,0.2436307275405171
37012295,0.741284224786792
36985917,0.17908892843896432
36985919,0.19951627605134217
36985920,0.275806678042949
36985921,0.11056779744144327
36985922,0.10742996212892518
36985923,0.11010028607454442
36985926,0.17481923367511534
36997052,0.2745747861931002
36997053,0.3211674600220458
36997054,0.19571533888302312
36997055,0.30130970338448376
36997056,0.2341306308458213
36997057,0.8899913663712431
36997058,0.28908473710482707
36997059,0.22410645978292967
36980363,0.25341421024489874
36980364,0.5715523603192733
36980365,0.2499428009636914
36980366,0.11172031382243484
36980367,0.34333905134973486
36980371,0.46242720135490284
36980372,0.524091568656804
36979899,0.3130302723484079
36979900,0.3394439310023733
36979901,0.19518457035477343
36979902,0.3263428428266869
36979904,0.43436300022619767
36979905,0.4080317710525974
36979906,0.797140361704026
36979907,0.4902412501051127
36979908,0.8585001004826376
43423991,0.15136001765125934
43423992,0.22448140640141276
43423993,0.5491006037170806
43423994,0.10636626778908626
43423995,0.1571455698223554
43423996,0.13457155818607702
43423997,0.40045215243427623
43423998,0.12221798763303239
43423999,0.11312903748149404
43424000,0.7735696713946612
36961880,0.18823740794326227
36961881,0.11677514116619159
36961882,0.09480631754089779
36961883,0.20349576907257744
36961884,0.3420454229186518
36961885,0.08000709625644241
36961886,0.12110828615893941
36961887,0.08049127146591994
36961888,0.13528283268074442
36984448,0.6093635943379935
36984451,0.14781921574216597
36984453,0.2758280759528826
37010854,0.43596717041190874
37010855,0.2540260712957676
37010856,0.14267331830775457
37010857,0.13568265410225036
37010858,0.1414147156256246
37010859,0.21733940992909273
37010860,0.11259974801057285
37010861,0.2143214093279396
37010862,0.3022474367571941
36958817,0.10430448152513337
36958818,0.10834041211559732
36958819,0.08427646434095463
36958820,0.19564145705731098
36958821,0.17709140434600332
36958822,0.2694395460187398
36958824,0.13043959390271967
36958825,0.12277042685288775
36958826,0.3962063694800593
37017519,0.23917486579010586
37017521,0.19673734935820963
37017525,0.18866453953348775
37017526,0.16636875083517808
37017527,0.2911030469874701
36975529,0.6819210753385566
36975530,0.5586015532685064
36975531,0.5400910131395231
36975532,0.05911598980560312
36975533,0.3544065708786025
36975534,0.056628858819078705
36975535,0.78845655858914
37012612,0.259908603601367
37012613,0.28604324236162465
37012614,0.4573399238151664
37012615,0.15746956529470135
37012616,0.2726951693640583
37012617,0.16577230369987525
37012618,0.2595762946158221
37023621,0.05011765151878146
37023622,0.09627785156731655
37023623,0.05279364047692959
37023624,0.04878318555231013
37023625,0.09534731648319919
37012183,0.1447332947239726
37012184,0.19438609501949164
37012185,0.1208788763944593
37012186,0.09479605644743398
37012187,0.10084608752083707
37012188,0.13236947678956537
37012189,0.13434245861608174
37012190,0.09491719085824683
36976840,0.1082864295259411
36976841,0.12338394730123305
36976843,0.10344407744610767
36976844,0.09343575550156223
36976847,0.09572718034866663
36961734,0.33261940311290467
36961741,0.38144804813729954
36971820,0.20813542080270273
36971821,0.22323388685323678
36971822,0.07892629559088879
36971823,0.1576911911382743
36971824,0.18193416619897093
36971825,0.24991887438022992
36971826,0.299280585279938
36971827,0.1985238499065507
37019467,0.24524038206887222
37019468,0.26665687905670943
37019472,0.40339263443457
37019473,0.3560332276780799
37019475,0.39207134183724424
37019476,0.3149748050408603
37020982,0.039599287710379204
37020983,0.04138181772127973
37020984,0.14296506995701205
37020985,0.03633047979953598
36988469,0.2777028168842216
36988470,0.27747503571278753
36988471,0.27306850431096924
36988472,0.16159104971194993
36988473,0.5162666876131864
36988474,0.4853122979292751
36988475,0.3277465615285778
36988476,0.5555589188322871
37018759,0.22250748180125923
37018760,0.26156764774251673
37018762,0.287839829074594
37018763,0.22797677358918766
37018764,0.2793986203950216
37018765,0.22497972193253402
36982002,0.08638146843984208
36982005,0.1942484217639111
36982007,0.19203043572489886
36982008,0.2446481901185758
36982009,0.09086199022928743
36982010,0.09485082006274252
36982011,0.16059115573469243
36992588,0.24260142558738684
36992589,0.17797647991479854
36992590,0.24507886057306433
36992591,0.3486640900727729
36992592,0.3316443800826003
36992593,0.21679019266623847
36992594,0.12448793844109715
36967098,0.9108152721703802
36967099,0.1563401811546811
36967102,0.13810300236593218
36967103,0.40510234771751613
36967104,0.26397339094599537
36967105,0.2597803486504356
36967106,0.1623608948281985
36967107,0.16827630073365196
36968079,0.4061157002965813
36968081,0.208556927434632
36968082,0.4758492255529719
36968083,0.15139394536351172
36968085,0.5320223854637296
36968086,0.09898269236386051
36968087,0.2061003977040409
36968088,0.26410021701022
36993670,0.3108014067854979
36993671,0.5828940955789143
36993672,0.6166734232525369
36993673,0.5992726637986135
36993674,0.2786756281313892
36993675,0.38621147122618105
36993676,0.3967129876000625
36993677,0.19270534971764408
36993678,0.767374720413762
36993679,1.620107137435359
37017398,0.24838114691505683
37017399,0.3140693771301531
37017401,0.09292921998073626
37017404,0.060438104606344634
37017406,0.17959470911999625
37017407,0.19921029496988465
37022456,0.07839476321548605
37022457,0.14119421262698476
37022458,0.08527997937003827
37022459,0.056448216398594396
37022460,0.0784268539965528
37022461,0.0978583341814115
37022462,0.14982317180391644
37022463,0.8328888576085431
37022464,0.0616373254249417
37022381,0.11300605250358817
37022382,0.1074406577265309
37022383,0.22802118979027117
37022384,0.1937768493197684
37022385,0.21384947470695606
37022386,0.21691170354203612
37022387,0.7330277319321126
37022388,0.06777630269077636
37013335,0.16597805145726646
37013337,0.19279023824373565
37013340,0.2614768469851659
37013343,0.3714351888294188
37013344,0.13608470417781143
37017276,0.3574720880245126
37017277,0.6414451828625167
37017278,0.711590313623542
37017279,0.9171314402797593
37017280,0.7207856132790423
37017281,0.6590069381724968
37017282,0.5030609061865323
37017283,0.5923544595390636
36956320,0.3970255883637261
36956321,0.06914283905647353
36956322,0.5225040799414049
36956323,0.09402466950769366
36956324,0.12918373061872945
36956325,0.4459011987592627
36956326,0.3946118652315295
36956327,0.1185866514383519
36956328,0.11099344003482392
36956329,0.06987578748595598
36963793,0.11516665078541446
36963794,0.08102722185115196
36963795,0.0998148130809483
36963796,0.09091923072737881
36963797,0.10032520006986101
36963798,0.12932609550943558
36963799,0.10487223650703581
36963800,0.1785322980515431
36963801,0.08014496109986219
36963802,0.1737767510832239
36961972,0.19534785337318228
36961975,0.16266935153448311
36961977,0.15640585976349397
36961979,0.18901491817129049
36998229,0.23989757767950018
36998231,0.5061924812491145
36998232,0.06995988336500295
36998233,1.1720473425755245
36998234,0.29043362549447227
36998235,1.12881150414304
36998236,0.31172199547798685
36973294,0.18301772536994937
36973295,0.1931945515459175
36973296,0.5803428013968328
36973297,0.5999203599758849
36973300,0.817683469651006
36973301,0.1921478519141971
36960148,0.21820734810327966
36960149,0.12426470563122793
36960150,0.09625024752226002
36960152,0.2419693500446201
36960153,0.10463584079873613
36960154,0.3020743084237064
36960155,0.10298458222432737
36960156,0.08934079507473115
36960157,0.3858390927227192
37023177,0.07300178453831403
37023178,0.05729448240767961
37023180,0.6370986268521879
37023181,0.07377566004012993
37023182,0.09971212222288428
37023183,0.14934272836718437
37023184,0.11046344912575039
37009743,0.3168754087934156
37009744,0.2672695568077702
37009745,0.27093894847602296
37009746,0.2819506831145715
37009747,0.36994703598674084
37009748,0.932575770237312
37009749,0.10049179374990014
37009750,0.1555822118252523
37009751,0.2525346232030773
37009752,0.26391825428411697
36992994,0.716932566003946
36992996,0.1111415688737521
36992998,0.12043300126595456
36993000,0.09607497267331784
36993002,0.6656657507549313
36995081,0.16258400865506165
36995084,0.15670643427968373
36995087,0.13290750948049526
36995088,0.11986646807787313
36995089,0.1577935035191287
36995090,0.11918709545343824
36979574,0.19629953100387526
36979575,0.24563511560568074
36979576,0.23088794171291452
36979577,0.10630607233530452
36979578,0.2087550837593563
36979579,0.3144028767252131
36979580,0.22353691849514432
36960848,0.29959616252200494
36960849,0.4076481330154938
36960852,0.31841008950444966
36960853,0.40988445581893374
36960854,0.2689296260300786
36976691,0.14013581425752292
36976692,0.2419044911621424
36976693,0.12247373751648694
36976694,0.10187596340105885
36976695,0.15249825441000647
36976696,0.25040139502284975
36976697,0.16036070342292175
36976699,0.2299971522131466
36976700,0.13252551953468186
36988855,0.13046318065084572
36988856,0.19931996079624456
36988857,0.11572187710096957
36988858,0.3094482254180664
36988859,0.11088813212715275
36988860,0.11190769980153244
36985186,0.41142453633501463
36985187,0.19406415400743757
36985188,0.1621639751262087
36985189,0.15517762574285549
36985190,0.14627332848340835
37018767,0.34555516003139225
37018768,0.11588765199486804
37018769,0.12073942326753163
37018770,0.9628219567149189
37018771,0.09873390866093011
37018772,0.08804983758808804
37018773,0.5013685285465916
37018774,0.4969544985197422
37018775,0.7741046541896234
37021660,0.18398028586751577
37021663,0.11687950562391813
36990813,0.11744537387810673
36990814,0.14490708389863252
36990815,0.07756991235466677
36990816,0.13099452190088073
36990817,0.12141263697571271
36990819,0.07694862440678771
36990820,0.15801755607944032
36990821,0.10698685482964077
37012056,0.1706017178201764
37012057,0.2086279475646569
37012059,0.2338092564820537
37012060,0.23297195892237085
37012062,0.2291528929345227
36966812,0.14414910638822392
36966814,0.13576359076370298
36966815,0.14969457022549107
36966818,0.1271191474128007
36966820,0.12461969062167484
36971828,0.06428242038648638
36971829,0.5248065824070084
36971831,0.07299890957613167
36971833,0.06545223532974895
36971834,0.5472985525839039
36971835,0.09704417992827187
36971836,0.09787552800422536
36980249,0.5054148233907543
36980250,0.122776806383352
36980251,0.2512031176755617
36980252,0.11836395963532836
36980253,0.10039737944522972
36980254,0.12107651399358735
36980255,0.2112531970733234
36980257,0.18848161888304607
36980258,0.11178129668069754
36995047,1.2179615616545223
36995050,1.0164890214373337
36995051,0.18139539198602733
36995052,0.5404326261305856
36995053,1.264488179651868
36995054,0.1504795440091199
36995055,0.14055095438288587
36996491,0.0529207317094912
36996492,0.04899130579456639
36996493,0.12397828232465026
36996494,0.06000796328943
36996495,0.06352639780243474
36996496,0.09494330462785941
36996497,0.05632029492634995
36996498,0.05055649409040181
36989622,0.19555326183981725
36989623,0.13546125976405027
36989624,0.1806515753566326
36989625,0.19961518472108888
36989626,0.1073358885502543
36989627,0.2101394365921331
36989628,0.21385408597898004
36989629,0.22781173531907947
36989630,0.2383036488966912
36989631,0.5588837104392331
36996147,0.26608241529324655
36996148,0.2542859712164741
36996149,0.13743043238737832
36996150,0.3805439410432403
36996151,0.19336321408009907
36996152,0.6371683094688306
36996153,0.22616731284129835
36996154,0.32720228529882156
36996155,0.2777569112619063
36996156,0.2294124859462067
36992482,0.14559398746191882
36992483,0.09851303005754805
36992484,1.9042780822435577
36992485,0.2433794113364536
36992486,0.1758900275974284
36992487,0.25925390039463914
36992488,0.11775569980610674
36992489,0.1287751512366897
36992490,0.1421575543224644
36992491,0.15765254932332348
36979849,0.10088272215708984
36979851,0.5095359904506985
36979856,0.06101498036644059
36979857,0.06613770552383487
36979858,0.05231123584866129
37022677,0.6141804717705862
37022678,0.12079267869499448
37022679,0.7583534934484241
37022680,0.7892210653623193
37022682,0.11557224350376852
37022683,0.5290562019027625
36995414,0.148597402938289
36995416,0.1554643012469557
36995417,0.19642688551007526
36995418,0.18222432048431683
36995419,0.21665346640383648
36995420,0.208414488774791
36995421,0.16845209032756503
36995422,0.27686296946457306
36995423,0.1948815408657109
37010067,0.21868717322398204
37010068,0.20062612898439888
37010069,0.1000221452480407
37010071,0.16058054998633498
37010072,1.1179911634890098
37010073,0.08596790915430019
37010074,0.13094468609627827
37010075,0.10555633062931372
37010076,0.10390197095101227
36963214,0.17005808678809117
36963215,0.2321885362864186
36963216,0.24862530716428285
36963218,0.4195271758465106
36963220,0.1251008005362093
36962480,0.19285389188487628
36962481,0.6848362479028302
36962482,0.33379881045080706
36962483,0.3979809946931585
36962484,0.201866685494341
36962485,0.17554086168104754
36962486,0.49403835213312464
36962487,0.5390673572476748
36962488,0.7399015816783808
36962489,0.11834501415638311
36968326,0.7154373379751093
36968328,0.7176674458577609
36968329,0.06080480220874454
36968330,0.24414242674640843
36968331,0.18774776457305073
36968332,0.22894604822802894
36968333,0.2339113588948874
36968334,0.26868685288237815
36967691,0.22664801784815583
36967693,0.24155559514866418
36967694,0.22849501326333083
36967695,0.21709266530978516
36967697,0.2218615043403468
36967699,0.22734261697489835
36968559,0.100258742365057
36968561,0.20778578876499362
36968562,0.09911602114724494
36968563,0.18768684181613252
36968564,0.18617973145151534
36968565,0.33600451393772773
36967190,0.07630171949404549
36967191,0.9418315700038443
36967192,0.33411888844800836
36967193,0.8933541266957509
36967194,0.18063208125650396
36967195,0.08510354206085825
36967196,0.370951039588112
36967197,2.103414101635308
36970018,0.2996242776025282
36970019,0.22046919867795217
36970020,0.23009513454889907
36970021,0.17253757347292667
36970023,0.3406349128416529
36970024,0.15714032350206894
36970025,0.13424536395196704
36970026,0.2949261641858026
37022927,0.5179219850085803
37022929,0.4954238248794767
37022931,0.38290119648293003
37022934,0.5046617630960464
37011480,0.7590710982533931
37011481,0.6209288379577406
37011482,0.22646557595350283
37011483,0.17698673530837286
37011485,0.15094061342619164
37011487,0.4583502872548002
37011488,0.6847551832817214
37018052,0.22236624494996288
37018053,0.16206795921590475
37018054,0.24290686579531443
37018055,0.1282705766671773
37018056,0.0679641954776689
37018060,0.2559533145446198
37018061,0.08696470043083492
37011986,0.9154120847422955
37011987,0.9114372815926223
37011988,0.25869705111761665
37011989,0.24576651032735652
37011990,0.2132017797351491
37011991,0.7453514453666175
37011994,0.17977531629883284
37013949,0.33008974506422567
37013950,0.21782775781125005
37013951,0.22134205394881792
37013952,0.28673165444650855
37009063,0.23969055738687683
37009065,0.2939066502923813
37009066,0.2636973838884277
37009067,0.1638650579885533
37009068,0.27623749642475454
36972219,0.043889831451619184
36972220,0.05605410972522252
36972221,0.18695733565845132
36972222,0.04645080909778329
36972223,0.15940644450692687
36972224,0.03612354518107146
36972226,0.04351030613820292
36987579,0.30253666635707727
36987580,0.520511896303085
36987584,0.1360182942385619
36987586,0.2639408514011108
36990227,0.5009143780174371
36990229,0.1294548833632069
36990231,0.094469947323398
36990232,0.08000558227460795
36990235,0.06956817978545642
37017528,0.13489626278459296
37017529,0.10431353766389358
36990852,0.16595187135307943
36990853,0.14075034581189605
36990854,0.07711412887320639
36990855,0.10314627479513695
36990856,0.18238619299702646
36990857,0.33487671417645587
36990858,0.06901953842886606
36990859,0.16974644616516113
36990860,0.2033757688578965
36990861,0.06362168251923338
36955030,0.10220557684233104
36955031,0.0921919906243292
36955032,0.10359958020683642
36955033,0.1513146411517943
36955034,0.15784219739226524
36955035,0.2904522065289063
36955036,0.12430686514630554
36955037,0.1357583863264774
36955038,0.27406071589385056
36985154,0.14059083922929924
36985155,0.14914641573780324
36985156,0.5438383654763858
36985157,0.1707997075098874
36985158,0.13506661617505036
36985159,0.16515972662233955
37023677,0.12116484438626743
37023678,0.3388408432278128
37023679,0.2539372807609882
37023680,0.326930014825009
37023681,0.22311563964987682
37023682,0.23399415119363193
37023683,0.18396978442266443
36987990,0.09904388457815284
36987991,0.06219412219231174
36987992,0.11239154977409208
36987993,0.09995877946647375
36987994,0.20037953859655128
36987995,0.08186248378387471
36987996,0.11547625451104795
36987997,0.22070886257342587
36987998,0.09963854298176308
36987028,0.4091693005005769
36987029,0.2688092769241411
36987032,0.43511728881948075
36987033,0.26770510582008805
36987034,0.37902163062243593
36987035,0.39113504241551444
36987036,0.20416628650081076
36987037,0.44297306480657717
37013094,0.16222755577542294
37013095,0.6282865135084607
37013096,0.3000183469040772
37013097,0.8326616482791757
37013098,1.2597903862356081
37013099,0.4865916886254968
37013100,0.49866943060279356
37013101,0.45475792317749225
36965546,0.10152091943062104
36965547,0.1360148418133614
36965548,0.1158186733278319
36965549,0.45371955499151084
36965550,0.4748432853993077
36965551,0.15160379091404708
36965552,0.1401427553401927
36965553,0.1339125566218345
36963195,0.20731005266823843
36963196,0.22612916933046193
36963197,0.15481383688095676
36963198,0.25708861242074815
36963199,0.18224459907792942
36963200,0.1595394857111024
36963201,0.23563316326414221
36963202,0.23382390714861814
36963203,0.16802404002131807
36985664,0.08207386005935564
36985666,0.05354989126487548
36985667,0.11212260534310098
36985668,0.8467410415671441
36985669,0.05134124339454711
36985670,0.14621067580654692
36985672,0.05328562477277696
36985673,0.07220866954712946
36981276,1.112924932454772
36981277,0.2202475622033714
36981279,0.4213305259059284
36981280,0.6155867325832375
36981281,0.18645020643067628
36981282,0.5946487799319019
36981284,0.47428958834874074
36984134,0.16816186913497586
36984135,0.09101887513536096
36984136,0.2288817383978635
36984137,0.16606342684819303
36984138,0.13372954507848703
36984139,0.16614417900217415
36984140,0.07797401455076099
36984141,0.18358530107508778
36984142,0.14445599299981998
36997999,0.626950629408007
36998000,0.21410396147429686
36998003,0.29369246997656895
36998004,0.26128112452358415
36984216,0.1441575287222828
36984217,0.10804886916736021
36984218,0.15957710549141965
36984219,0.11821758134943314
36984220,0.2061079098009013
36984221,0.11547712191258788
36984222,0.12409501063827186
36959633,0.08068097713596493
36959634,0.08376823454783579
36959635,0.09320405608927723
36959636,0.405260144148999
36959637,0.17174992623346005
36959638,0.08561410124592615
36959639,0.540939722992139
36959640,0.5661280405168865
36959641,0.45090891807503874
36959642,0.15869741793689887
36954828,0.9207860172334781
36954829,0.19530000388286547
36954830,0.28381504789613476
36954831,0.1750550605835959
36954832,0.31578918701893155
36954833,0.22850004167326957
36954834,0.18757408216805654
36954835,0.13234962524871433
36954836,0.14619470430254022
36954837,0.1984893615150989
36958903,0.08450556839320295
36958904,0.12434700055547537
36958905,0.13924451401109822
36958906,0.1274021050773688
36958907,0.1276622756900079
36958908,0.11042706961338476
36958909,0.20833600636517646
36958910,0.20790140646254235
36958911,0.204804267401976
37018345,0.10507523126576081
37018346,0.1058614818256989
37018347,0.6530524297791243
37018348,0.32136329755284787
37018349,0.12226878466258173
37018350,0.20365541431653125
37018351,0.2521008526773873
37018352,0.627741328630291
37018353,0.07764283069234774
37018354,0.8852304121473432
36998424,0.47823297650897933
36998425,0.4304380919675387
36998428,0.32256894025096544
36998430,0.1342807850591886
36998431,0.14818435358550017
37019700,1.0033516394229227
37019701,0.137414584120774
37019702,0.2254538610179502
37019703,0.17305151987636103
37019704,0.0787449763614796
37019705,0.27135720888571563
37019707,0.48685247654078345
36956557,0.1262160748441316
36956558,0.13652156581473837
36956559,0.1378312622071896
36956560,0.12571172380912585
36956561,0.3908644969718318
36956562,0.12556439205246392
36956563,0.7853728872901322
36956564,0.16692437536780716
36985907,0.4205432123177884
36985908,0.42232276698689225
36985909,0.26434238589782677
36985910,1.1575583461923782
36985913,0.14019080816687032
36985914,1.1587334106334786
36985915,0.15358401568166846
36985916,0.4116563965881868
36959928,0.08810849563947944
36959929,0.12388007274842974
36959930,0.10041514052578521
36959931,0.08515796726223913
36959932,0.07031491282656342
36959933,0.13979008861559822
36959934,0.43936319170321114
36959935,0.10659457091769814
36959936,0.1541418416002239
36980024,0.20029593854945663
36980025,0.08720385700172094
36980026,0.0849443844588084
36980027,0.08109851902480769
36980028,0.12626416139684307
36980029,0.08085231418173144
36980030,0.6486784271369556
36980031,0.0812149266788716
36980032,0.07023636330752898
36990074,0.09058011296659418
36990075,0.07045621297318029
36990076,0.11069957424870448
36990077,0.10244854419163593
36990078,0.09799924307104767
36990079,0.09730431899740433
36990080,0.1094888615919757
36990081,0.24284804130264967
36990082,0.07376620198058588
37010333,0.16119931765103576
37010334,0.2748060001040778
37010335,0.2780931464472773
37010337,0.2710708706220742
36989431,0.056451725767733316
36989432,0.5313451395971419
36989433,0.12042784630211227
36989435,0.05076235578800681
36989437,0.11539315319249996
37011365,0.4694698511526927
37011366,0.21091022625797576
37011367,0.5136640653329798
37011368,0.7071064961460066
37011369,0.6580735875805254
37011370,0.8892800099350582
37011371,1.4318621331660413
37011372,0.2617381212345946
37011373,0.4716130806552179
37011374,0.5026387035657208
36955118,0.1467212547393197
36955119,0.2806336710114064
36955120,0.10621497070781792
36955121,0.1386101208094
36955122,0.2708979051994908
36955123,0.19437258080511446
36955124,0.16007326382885673
36955125,0.14482449304306347
36955126,0.10408345226335632
36968722,0.23390042306133813
36968725,1.170027074856372
36968726,0.7559535998663282
36968727,0.23095051412810713
36968728,0.720894954300522
36968729,0.7056874686616422
36968730,0.32728221575004846
36968731,0.3222757251143981
36960329,0.56813060162982
36960330,0.2536148314819889
36960331,0.14307683934612003
36960332,0.1414833235604606
36960333,0.1754059744052044
36960335,0.23744281433715278
36960336,0.12787965038798826
36960337,0.13415751455930988
36960338,0.3497556859469599
36958549,0.16796986410234893
36958550,0.10981806754662118
36958551,0.2923486698473011
36958552,0.18842076490894352
36958553,0.18551353927980774
36958554,0.16837253293109797
36958555,0.3795878360684608
36958556,0.91691740108008
36958557,0.19837360178800773
36957338,0.49741058639705
36957339,0.5374921124733613
36957340,0.25264493733464044
36957341,0.45814182745851134
36957342,0.5214436299969559
36957343,0.8132114183828746
36957345,0.4930640372877065
37019126,0.16182762075403953
37019127,0.6604068020323156
37019128,0.11890437582255957
37019129,0.13089876593584446
37019130,0.1459335234054817
37019131,0.1547140181714295
37019132,0.1232146255922109
37019133,0.1420091271771306
37022312,0.5572892176153926
37022314,0.08898119571651116
37022315,0.2344130073530749
37022316,0.09281050236104846
37022317,0.06362212073083015
37022318,0.13512956170538332
36981524,0.1047024602900004
36981528,0.12720016212406923
36981531,0.10617587798357565
36981532,0.10786970330860356
37023511,0.6620071583118617
37023512,0.09417352950239129
37023513,0.14312958818651653
37023514,0.25040885317843836
37023515,0.05161329613870715
37023516,0.3001529718531773
37023517,0.06397998575138217
37023518,0.2796831404938308
37023520,0.18747179469729294
36994902,0.3293677137815511
36994903,0.06369308880950195
36994904,0.21180270010309635
36994905,0.10241647521850376
36994906,0.22476968048895754
36994907,0.07551461792691541
36994908,0.23041720881781297
36994909,0.05644094814571345
36963650,0.09358055301522758
36963651,0.08731525169734308
36963652,0.07572878781310466
36963653,0.37349533904709736
36963655,0.2777536334004509
36963656,0.10192439387133845
36963657,0.09537707774931785
36963658,0.11610229494412173
36994503,0.7881151038391733
36994504,0.3509883594256969
36994505,0.23081323287584998
36993740,0.06892312145059493
36993741,0.06652019621823266
36993743,0.07312297103168311
36993744,0.07159167596483636
36993745,0.2845457300777264
37007865,0.14619570959862108
37007866,0.08539076517430019
37007868,0.09683121958646819
37007870,0.13176990966099383
37007871,0.10119581979265395
37007872,0.14930584461219087
37007873,0.1366158498012828
37007874,0.13235496388214021
36982237,0.09069687180424542
36982240,0.08940271381505022
36982241,0.114009429616514
36982242,0.27577506265672597
36982243,0.11153398004226829
36982244,0.09245696764760862
36982246,0.8308490602774187
36983155,0.6764182641525696
36983156,0.2693533675810979
36983158,0.08446735988926765
36983159,0.12158948899978708
36983160,0.16157198044409973
36983161,0.05992076606208262
36983162,0.11880079933338641
43420952,0.9309503958062002
43420953,0.3586905879321511
43420954,0.6482382127624159
43420955,0.27463528125196635
43420956,0.3152321321225
43420957,0.4195596045057714
43420958,0.49612300098056894
43420959,0.1855459026270215
43420960,0.1328954535317441
43424375,0.09316476538744521
43424376,0.14574326465282803
43424377,0.10370226796810808
43424379,0.0893943262537345
43424380,0.42067714562079894
43424381,0.3224262543375059
43424383,0.2096760353832421
43424384,0.2446854187228377
36976373,0.16903506296176193
36976374,0.1198852217116515
36976377,0.12144450062793836
36976378,0.11349903330766063
36976379,0.1889830433792115
36976380,0.150167173209318
36976381,0.09068686382440992
36976382,0.11087319693327262
37008380,0.18367572451305725
37008381,0.1131256458152618
37008382,0.1817576107527557
37008383,0.26186626792186857
37008385,0.183431643687124
37008386,0.3727334834832544
37008387,0.197289051312145
37008389,0.4475614327085135
36989274,0.23468078270165135
36989275,0.34338144220142114
36989277,0.11714331115742878
36989278,0.09549567680107571
36989279,0.08462797235427616
36989280,0.14788169946683846
36989281,0.8305886439015663
36989282,0.2311606276473935
36965823,0.253866643756459
36965824,0.30774597922076175
36965825,0.3057876333326468
36965826,0.2650992403489293
36965827,0.1614404685168506
36965828,0.37972652926367667
36965829,0.2065776701946719
36965830,1.0085620568607663
36965831,0.2344385721627922
36965805,0.49348932386324346
36965806,0.1660497457296741
36965807,0.18135188501992752
36965809,0.20745023576433544
36965810,0.3739185510218367
36965811,0.37740206820874767
36965812,0.20967506951866755
36965813,0.49051111427251826
36955771,0.341919281725773
36955772,0.3808953533507242
36955773,0.4533766866580157
36955774,0.4148219775020981
36955775,0.3568822507042438
36955776,1.3501829789614168
36955777,0.11082343575351393
36955778,0.3692518119630126
36955779,1.5628576495424138
36955780,1.0137268748356258
36979087,0.1548681337898501
36979088,0.1573633214569575
36979089,0.2030906328543678
36979090,0.162107348388018
36979091,0.529103590251034
36979092,0.18145561208859728
36979093,0.6873615489756085
37010623,0.11742076918714446
37010624,0.5534916386536
37010625,0.5053939764892775
37010627,0.28256484932944625
37010628,0.6789137801372765
37010629,0.5964712663649808
37010630,0.18823836518218584
37010631,0.3264420002305371
37015442,0.19402471349581463
37015443,0.29300282298695046
37015444,1.2554666986722998
37015445,0.23811875643189506
37015446,0.6833659896177315
37015447,0.3634203317499735
37015449,0.6857267277566584
37015450,0.46402422512584834
37015451,0.5560760103259972
36954976,0.344248369369892
36954977,0.2422535766833129
36954978,0.2417374923239538
36954979,0.21101815910663985
36954980,0.4618037462443633
36954981,0.11421782319558686
36954982,0.1366560780987885
36954983,0.17268865041039705
36954984,0.21256286468578378
36961257,0.4946880641631276
36961258,0.8226464717303346
36961259,0.1469058300549583
36961261,0.16353968392478618
36961263,0.38053362083636627
36961264,0.19060366892084388
36961266,0.15397263011177098
36956581,1.3788500836768744
36956582,0.12770749218938987
36956583,0.14582199590561476
36956584,1.0356034067792474
36956585,0.2661227792311644
36956586,0.35221348722040013
36956587,0.222253263381317
36956588,0.12680922468973502
36964715,0.2144967106921457
36964716,0.19584811747645967
36964717,0.19378584737378232
36964718,0.283979852325815
36964719,0.06588961051154893
36964720,0.8282038219502077
36964721,0.26890950276631365
36964722,0.2196034800004545
36959881,0.4873671407280566
36959882,0.19948653980379075
36959883,1.2660851855620703
36959884,0.5109802186455907
36959885,0.362336369055377
36959886,0.5088155932677844
36959887,0.19818510379809468
36959888,0.5412341666291184
36959889,0.20526167881292467
36997777,0.0631229129695769
36997778,0.10383902848326208
36997779,0.11758471557913691
36997780,0.24234804467041277
36997781,0.09233141442322058
36997782,0.1696999911444875
36956075,0.1784673743403844
36956077,0.1789726588155481
36956078,0.48044993808153347
36956079,0.1045308556510822
36956080,0.1586392540287021
36956081,0.26257876492437565
36956082,0.24543619846011283
36958039,0.5410127944072398
36958040,0.5222827934302413
36958041,0.4937990255819021
36958044,0.519037757517976
36958045,1.1506861990632187
36958046,0.39371543233154743
36958047,0.5212247056244939
36958048,0.45272770181431327
36991726,0.13132341386171045
36991727,0.09218934379783968
36991728,0.14563241758828563
36991729,0.0847448929668576
36991730,0.1610614073441682
36991731,0.1838062653420124
36991732,0.3561763171539285
36959455,0.14732924214772986
36959456,0.10339910281445946
36959457,0.13029398874273476
36959458,0.09776365397592202
36959459,0.18059149528766996
36959460,0.3015161280179535
36959461,0.1356040756522982
36959463,0.08987384601853957
36994995,2.032587527456101
36994997,0.0997224898364462
36994998,0.08623574205271171
36994999,0.07962659286490996
36995000,0.07620172150344877
36995001,1.0952369446302856
36995002,0.4598694146332407
36995003,0.11210310434028554
36957652,0.12833614817271594
36957653,0.31863940635213983
36957654,0.1235858443864412
36957655,0.13395990165491037
36957656,0.2067975241916706
36957657,0.25582365650747
36957658,0.1984266224867765
36957659,0.14541270101281217
36957660,0.38280359933412156
36961835,0.14434334261762286
36961836,0.08799762301330956
36961837,0.10478653478381365
36961838,0.24436615200750192
36961839,0.09150759094079357
36961840,0.17030177674791858
36961841,0.7155297967834164
36961842,0.15081972028699148
36961843,0.23715205781100474
36961844,0.11399995538423463
36997400,0.35297418089558047
36997401,0.2629596372222411
36997402,0.10759624249541636
36997403,0.15480303890676014
36997404,0.23028634759821415
36997405,0.08078174700106744
36997406,0.14722425673409184
36997407,0.3331549636021769
37023723,0.21272039422161018
37023725,0.09167791070034048
37023726,0.20878495356560425
36971254,0.07024374683932579
36971255,0.07135481596505074
36971256,0.0759304542624192
36971257,0.056226307176892525
36971258,0.0907368421968836
36971259,0.05579962109997349
36971260,0.06891122272813933
36971261,0.05610319855067861
36971262,0.07783605394992842
36971263,0.06723223795954893
36988732,0.1288799029677501
36988734,0.08827166949265842
36988735,0.17614521018681395
36988736,0.181418467307831
36988737,0.32921890035855883
36988738,0.34939019159902435
36988739,0.12229866339283979
36988740,0.12297134066416876
36963694,0.1185009208528912
36963695,0.16850443238926052
36963696,0.18144391177334787
36963697,0.11545875653749359
36963698,0.4009984367105812
36963699,0.14692473789030863
36963700,0.5871194637474617
36963701,0.11633608985324849
36982058,0.7580940838895986
36982060,0.07237623453835546
36982061,0.6245923504914287
36982062,0.4365241661065355
36982063,0.10047307394399461
36982064,0.6228489232188077
36982065,0.5892919617680215
36982066,0.07517095997511626
36982067,0.12199046506266528
37006930,0.04827608728661821
37006932,0.04605853646289919
37006933,0.07981646125091925
37006934,0.06054058160916863
37006935,0.41999605152407943
37006936,0.03763162909825905
36989869,0.24585892574913776
36989870,0.14842985828079863
36989871,0.1654531971111599
36989872,0.1351739929250869
36989873,0.15086761616808153
36989874,0.10120776498344401
36989875,0.15629793242741344
36989876,0.8256970753380769
36966848,0.2239484781356503
36966849,0.3267760213116118
36966850,0.269837685437031
36966851,0.19118038593039866
36966852,0.11589844263019727
36966853,0.29264138920414495
36966854,0.9115177815271657
36966855,0.5260884435229751
37012579,0.17188738449498409
37012580,0.05678975825319299
37012581,0.0724533379913841
37012582,0.0776266886075141
37012583,0.07191009183122675
37012584,0.1400970129077824
36965764,0.26877424414404333
36965765,0.25817195821850997
36965766,0.5426337429881726
36965767,0.559199670027653
36965768,0.20980954653253345
36965769,0.17928254643038158
36965771,0.2428778235220289
36960031,0.17689838431523708
36960032,0.20637027480273465
36960033,1.08877013454572
36960034,0.10504818782745466
36960035,0.3692041948379723
36960036,0.16188318665049414
36960037,0.5483680900609416
36960038,0.2293352233234102
36960039,0.812036971155641
36962111,0.3447697174557387
36962112,0.16218206162995202
36962113,0.11810842083067614
36962114,0.25243584021647614
36962115,0.36968386505683004
36962116,0.13162800505099637
36962117,0.5153259992767492
36962118,0.16558972246423176
36962119,0.1977165399029363
36960062,0.18562321611102003
36960063,0.25458660226237106
36960064,0.15706158415273935
36960065,0.10523628367216877
36960066,0.22976692416428623
36960067,0.36236556383333735
36960068,0.3208579650316582
36960069,0.15486756400705767
36960070,0.36737003380758726
36960071,0.3420389923999118
36958426,0.16450540470497976
36958427,0.13104273711074618
36958428,0.5373547048662818
36958429,0.3989369184469474
36958431,0.3994259204364075
36958432,0.1827589885572614
36958434,0.777032473331364
36958435,0.49470969017951266
36960231,0.16205232050323487
36960232,0.09244465939519515
36960233,0.4051596096112907
36960234,0.6206877120019555
36960235,0.1710810075617914
36960236,0.3468381497367826
36960237,0.13117509702235192
36960238,0.5418359588811968
36955012,0.09417126355775833
36955013,0.7430789282109853
36955014,0.39111053622951814
36955015,0.509020863549919
36955016,0.14994188572713135
36955017,0.10883410971578089
36955018,0.07618411928749365
36955019,0.32815915499987325
37016164,0.03880729491359891
36956033,0.4921778767376287
36956034,0.16753829362290865
36956035,0.3859129428103923
36956036,0.23756565589757553
36956037,0.26228729511282706
36956038,0.18547229618129743
36956039,0.23489258290852993
36956040,0.48103574820629785
36956041,0.24747390883603415
37023892,0.03585201821096909
36957526,0.5541275195960602
36957527,0.17433231236787922
36957528,0.11782406807589824
36957529,0.09186821226059605
36957530,0.08007730911611673
36957531,0.03946369732707384
36957532,0.04063154124725375
36957533,0.4911428428690769
36977361,0.22034293089734314
36977362,0.19540563349548792
36977363,0.21603756773171642
36977364,0.16896530468262236
36977366,0.6694075508730591
36977367,0.6525844035858716
36977368,0.6380918165295191
36987462,0.0939175236801972
36987463,0.12304478468822741
36987464,0.13157046099390982
36987465,0.25810874297884495
36987466,0.12986879867238899
36987467,0.1817366763261234
36987468,0.28390180323782405
36987469,0.14885862977216985
36987470,0.0874613271438797
36991541,0.5691453656068286
36991542,0.6159916380045236
36991543,0.2421077796598165
36991544,0.3673517876334774
36991545,0.33093299736880866
36991547,0.22482654433338867
36991548,0.34138038190039943
36969109,0.0816680619502797
36969110,0.5406742052778961
36969111,0.9063927121410608
36969112,0.14776799066753046
36969113,0.0897546488066272
36969114,0.4319456085278577
36969115,0.1730823871172853
36969116,0.40258091097968457
36961806,0.1700181907767413
36961807,0.11997073021598421
36961808,0.09587528722029144
36961809,0.08417485186623658
36961810,0.11380607349575383
36961812,0.12061871763299749
36961813,0.09627605149234206
36961814,0.12937187799218663
36961815,0.15222062189838417
36955191,0.3473820477189615
36955192,0.7290798170084591
36955193,0.23673881782089173
36955194,0.12301559351480071
36955195,0.8490493563418723
36955196,0.2493416855565743
36955155,0.38252741431189075
36955156,0.24714597171073188
36955157,0.3224548150325452
36955158,0.5151308657337537
36955159,0.23247154156020639
36955160,0.213419610989176
36955161,0.1761471351405668
36955162,1.017791381771356
36955163,0.14257757813078167
36958793,0.07474867002669243
36958794,0.19500428863138555
36958795,0.2708037819470205
36958797,0.2533764634880812
36958798,0.08229414908324208
36958799,0.11219887550453242
36958800,1.0798168035096882
36968517,0.08271007475853724
36968518,0.6231239563398059
36968519,0.10363377696324573
36968520,0.0699101074461813
36968521,0.12318357414249177
36968522,0.2603706929299855
36968523,0.09097376106131656
36968524,0.1053963567171094
36963289,0.1777884097862674
36963290,0.09975342960650078
36963291,0.12953683684674083
36963292,0.3063805764780491
36963293,0.14101794353227637
36963294,0.3392593575609579
36963295,0.17158147115985278
36963296,0.284034752614693
36963297,0.17060624814247483
36998140,0.5209268042841614
36998143,0.42736680718559306
36998144,0.4737881883459671
36998145,0.41737575200242133
36981918,0.09413453771175657
36981919,0.0688895415234474
36981922,0.06917575073801767
36981923,0.09527469625469404
36985115,0.09882328552787353
36985118,0.08205300429412153
36985119,0.10035401103230344
36985120,0.07922587137723627
37015073,0.08712784967624364
37015074,0.06511882272103495
37015075,0.06588201846285228
37015076,0.08212958678431759
37007768,0.1600745805807928
37007770,0.2029759064576068
37007774,0.20391758650665004
36997619,0.19323548612137828
36997620,0.19432314170800682
36997621,0.0913000683983093
36997622,0.09352332189955227
36997623,0.07367315683177922
36997624,0.2237663127024228
36997625,0.10091505566717872
36997626,0.3316742974918558
36997627,0.24995807830998706
37016169,0.09893138617307731
37016170,0.10417738766339042
37016171,0.0798669963752983
37008282,0.08672083751596675
37008284,0.445895650953656
37008289,0.08669849336284129
36995854,0.05754427687561642
36995855,0.04525307948103094
36995856,0.04772107683762999
36995857,0.05792772339663817
36996466,0.10035399533937718
36996467,0.09886110209640206
36996468,0.15448983606587072
36996469,0.09010823925432888
36996470,0.0869545521198547
36996471,0.09904155265228287
36996472,0.17519960558337372
36996473,0.14939868171512907
36996474,0.43699207182609123
37023543,0.08166487792550446
37023544,0.07999379247932094
37023545,0.05845093875693298
37023546,0.06309056374241734
36980535,0.13614940303267642
36980536,0.1435048266630195
43433128,0.09319318654368022
36983502,0.309515368215551
36983503,0.3133272315487446
36983504,0.3208408979202428
36983505,0.2931767456662342
36983506,0.32461752074188716
36983508,0.2920147671951619
37012666,0.12335206583373291
37012667,0.1255899805665658
37012668,0.09050205771694465
37012670,0.09400965448267838
37012671,0.11372264037807163
37012673,0.11807318557341988
36978967,0.0663021913492677
36978968,0.08415404798282407
36978974,0.4022725927271961
36978975,0.06646488672585947
36974988,0.07172277660916344
37015528,0.2238638857737028
37015529,0.2297139640384895
37023140,0.0791767411113805
37023142,0.511898996675892
37023144,0.4372144034402757
37023145,0.44249513274404206
37023146,0.0658310092715554
37023147,0.254886936444613
37023148,0.28526754329858084
37023149,0.8865179111379442
37023261,0.26154351953229016
37023262,0.2322180019465781
37023263,0.3012177507485937
37023264,0.24596985961657125
37009439,0.2513364319734299
37009441,0.25721335939646733
37021653,0.13132053361429086
37021654,0.16599348961273552
37021657,0.16876016346260062
37021659,0.12765958534204092
36984649,0.35901992719996245
36984651,0.39175738898763757
36984655,0.41824561986358355
36984657,0.4142664938841817
43422839,0.14799105278827737
43422840,0.1131980812405127
43422841,0.17158134043213866
43422844,0.17627000166547413
37012231,0.03835504491915463
37012233,0.05338453868628936
37012235,0.04114589300136681
37012237,0.048895404923126176
37017361,0.07449260482268483
37017362,0.07750310372830448
37017363,0.11109097527018284
37017364,0.07413615079803443
37017365,0.08015061704535807
37017366,0.160990770850456
37017367,0.08279561880928346
37017368,0.10677990627908326
37017369,0.1739169392678811
37017370,0.09057751578721657
37021313,0.23751283841211554
37021314,1.3691589686271386
37021315,0.2525404299267982
37021317,1.3611841503561313
37021319,0.12439488776877088
37021322,0.12701332509254645
36974091,0.11731423903564597
37021727,0.13201870421002665
37021728,0.13919717225714653
37021729,0.12584278716640337
37021730,0.13115557826875376
37022715,0.08738439336764846
37022716,0.158329452705341
37015694,0.031766768025883005
36996676,0.131905737701803
36996677,0.25116862297675285
36996532,0.07078350062132913
36996533,0.08125216714270611
36996534,0.0508733972269606
36996535,0.14745812417214366
36996536,0.15562431467002746
36996537,0.08409590215540992
36996538,0.04992367317404445
36977476,0.1840048842765127
36977477,0.20066387639120048
36977478,0.22242885895211653
36977479,0.20614665626536896
36999362,0.07740745342351371
36999363,0.07056027336443324
37023422,0.09046400869563835
37023423,0.14274990335356907
37023424,0.12744208013283528
37023425,0.08666211625546018
37023426,0.08883701329868998
37023427,0.133532465385784
37023428,0.09153407761690718
37023429,0.13624825775366406
37017444,0.06005610999456134
37017445,0.021809217405708972
37024102,0.4399163606459124
37024103,0.5863312908749867
37024104,0.15702148975538793
37024105,0.15786859245660556
36990001,0.06385617387866224
36990002,0.1707123422671476
36990003,0.2941562216786108
36990004,0.07244306810672281
36990005,0.08801679802879606
36990006,0.15296537132982996
36990007,0.0891184641597654
36990008,0.2720640028305257
36990009,0.06742639512801318
37017484,0.06881312195026489
37017492,0.06771684774853491
36972379,0.05847710597424948
36972384,0.05872677958508555
36972385,0.055337033177454024
36972386,0.0641728880091728
36972387,0.0395153096399488
36972388,0.03865449527423979
37010218,0.20116438240190992
37010223,0.18522458189599111
37010226,0.12801917302688395
36998180,0.10063443766940998
36998181,0.10171909991587873
37017588,0.171289852320356
37017589,0.07256999298327058
37024453,0.06112296953435069
37024454,0.063384361854664
37017786,0.05810813426373661
37017787,0.058623361333565736
37017788,0.05918257677701418
37017789,0.05946462618743086
43424644,0.20057491272583572
43424646,0.4553561544844359
37021428,0.15322137576413933
37021429,0.12734958309611266
37021430,0.36704171651412576
37021432,0.12052049572712382
37021434,0.19236334176117917
37021435,0.15409752808957652
37021436,0.14571904860030938
37021437,0.14265098570389773
37019844,0.05641401052110399
37019845,0.08357694577950768
37021133,0.47928672348308893
37021134,0.4888658840190238
37021135,0.8701581324698057
37021139,0.8902423569844851
37023083,0.07648033558911363
37023084,0.07595730383364803
37019935,0.4443657054279155
37019936,0.464895600895042
37019941,0.4057987227559758
37019942,0.4074153583085701
37024328,0.058123989939031485
37024332,0.06980324489567137
37019449,0.263282700269903
37019453,0.15712669369365187
37019454,0.2484849384080865
37019455,0.15795593933653426
37024018,0.09654358573146216
37024019,0.10275845393802074
37024020,0.05855586787240311
37024021,0.05937015188466068
37024491,0.08922475636104862
37024492,0.080346521513387
37023200,0.16221242445941972
37023201,0.16955588053171694
37024474,0.07827195756375994
37024475,0.055135343270310146
37023901,0.0991591461932112
37023902,0.0716619140272562
37023903,0.06672924616750847
37023904,0.07259625470474501
36979628,0.3838942991513582
36979631,0.3522506862195041
36979632,0.111012832033073
36979633,0.4258278547872896
36979635,0.12218515920596777
36979636,0.29569959097711934
36982880,0.44248738691388534
36982881,0.20655709145907653
36982882,0.41558651586217654
36982883,0.5035227143363671
36982884,0.5132638179307641
36983659,0.21829714808912978
36983664,0.3725437700360443
36983668,0.17313879431677423
37009544,0.3548928883323985
37009547,0.3559299069200382
37009549,0.3571737495802991
37009550,0.28395447881852454
36976509,0.06985806474106056
36976512,0.05661166238448595
36992146,0.46468110533614715
36992148,0.24693362451695464
36992149,0.184415444570327
36992150,0.3814300564957036
36992151,0.4049538658378031
36992152,0.4449682703143629
36992153,0.39979873748960465
36992154,0.40667258642475274
37010369,1.0471522524742076
37010370,0.12099455122163257
37010371,0.45810049762656674
37010372,0.4353390741313576
37010373,0.4660121603648384
37010374,0.46033950330865103
37010375,0.3795123555962834
37010376,0.44511368102239124
37022909,0.11549914543843272
37022910,0.08397204871769401
37022911,0.09494481343558489
37022912,0.12306241502340459
37022913,0.11170543615575558
37022914,0.06947252360432747
37022915,0.11607981151922676
37022916,0.12652042044082956
36971859,0.19129871087036981
36971860,0.33538124874038083
36971861,0.21382073041430194
36971862,0.2452108509363629
36971863,0.30485840938418607
36971864,0.251423140622568
36971865,0.26895269477640416
36971866,0.3040302186037519
37022569,0.06274374553398906
37022570,0.04876488346656972
37022571,0.062433542760690484
37022573,0.0529210159943646
36996265,0.23054266079845065
36996266,0.10956414863158039
36996267,0.10915080668417343
36996268,0.331495801436599
36996269,0.20368196952834466
36996270,0.25370374936594114
36963685,0.06788942583273695
36963687,0.0811984807343457
36963690,0.08077176120495946
36963692,0.11831463125286427
36969566,0.08154887335103798
36974217,0.08509356721455064
36974218,0.06430791590857939
36993746,0.5250363534010603
36993747,0.4762938166211662
36993749,0.5116611953590413
36993753,0.4876838218400539
36976909,0.43726813729704395
36976912,0.457064051633753
36976915,0.14728474603856884
36976916,0.17521536113734712
36976917,0.15968417076754898
36976918,0.17534982931912313
37006937,0.4432976670517832
37006938,0.29337910551895335
37006939,0.36045655072541355
37006943,0.4410229068147022
36986529,0.4325306368325496
36986531,0.36943078797886947
36986533,0.18529812677116103
36986534,0.1498859648787433
36997628,0.19557499643059834
36997629,0.19801957970731887
37020954,0.09616855211742953
37020958,0.11500218405928597
37020959,0.09923622116821185
37022485,0.09846647899071426
37022486,0.07222908714852261
37022487,0.27772672313770796
37022488,0.07791452297688947
37024084,0.12297229610143057
37024085,0.09468729257008436
37024086,0.0929768273316266
37020261,0.20984020252815228
37020262,0.28839890541720536
37020263,0.20925265414025238
37020264,0.28845452713105735
37023157,0.22366681080054104
37023159,0.23348381792337677
37020352,0.26152486862304236
37020354,0.2714488042928991
37020356,0.2691947205690407
37023975,0.15145001760591287
37023976,0.1584039829784767
37023977,0.1567165154043409
37024358,0.0743727026720918
37024359,0.06760783476329374
37023099,0.23658720230235947
37023100,0.18154142781473107
37023101,0.1758679925120155
37023102,0.20738315214530437
37021055,0.1658381644893984
37021056,0.16743205093620728
37021057,0.16340874517477613
37021059,0.16702366492423
37021956,0.20457418700196914
37021957,0.1237017853373311
37021959,0.200349607595038
37021960,0.17205761333536607
37021962,0.12033758537954112
37022524,0.6114710205914607
37022525,0.5803410024635236
37022526,0.6059968387154456
37022530,0.5643401356189407
37007618,0.10706271218664408
37007619,0.07346699491788658
37007621,0.10677002134732355
37007622,0.07604791321262969
37007623,0.06880563585442562
37007624,0.12079636207014881
37007625,0.06911090117449131
37007627,0.10782073541956412
37015633,0.22276658924947165
37015635,0.2463406658516037
37015636,0.1668299794138484
37015637,0.17301779554814786
37009103,0.09909788698542764
37009104,0.09770858262203293
37015526,0.04173033735578947
37020427,0.1176434941960875
37020428,0.07656092701241596
37020429,0.136032973447127
37020430,0.07775556569953827
37021064,0.2720513523839141
37021065,0.27226334779206446
37021066,0.1919986244288409
37021067,0.099163887640452
36989503,0.20159728989281622
36989504,0.3494679740819429
36989505,0.10889921705019745
36989506,0.5472522076190632
36989507,0.13982934547425507
36989508,0.17901667930134788
36989509,0.8976243502053323
36989511,0.24017740650762406
36989512,0.2509571186469175
36997799,0.06240612901505523
36997800,0.13039783197112398
36997801,0.13064614780438932
36990686,0.18257204864738732
36990687,0.09218980750056845
36999391,0.13079721877001124
37011705,0.5402073427602198
37011706,0.29583248828027175
37011707,0.3299707592650829
37011708,0.350933778454866
37011709,0.36521610630378537
37011710,0.28768373107913764
37011711,0.6192710364730715
37011712,0.25406980912300464
37011713,0.3950197842504045
37011714,0.07903876846252596
36962259,0.2923252899724086
36962260,0.3365927995852152
36962262,1.0878121513142696
36962263,0.9328586893811838
36962267,1.1963569398335512
36962268,0.8133188403234913
37015424,0.1508578534336885
37015425,0.15965452812830755
37015426,0.15296359386445604
37015427,0.1492826644177903
36965454,0.5015428164450362
36965455,0.2880113737165736
36965456,0.38136787459651206
36965457,0.18937569266696516
36965458,0.4236194593295762
36965459,0.35256418260116607
36965460,2.2689578572169737
36965461,0.5640991440190233
36965462,0.4786862752430071
37024409,0.10081187917426758
37024410,0.10045457120440035
36973911,0.07122736025061899
36973912,0.035342642289862995
36973913,0.03431837625546169
36973914,0.08469641859792129
36974079,0.28589866973025596
36974080,0.11395160967749975
36974081,0.5395943491270904
36974082,0.49029615411095173
36989561,0.10954666540560602
36989562,0.1719351136606959
36989563,0.36756382765632845
36989564,0.3073135757340123
36989565,0.3309556265696879
36989566,0.12446224277698956
36989567,0.2262045274853706
36989568,0.18532911808261868
36984152,0.280479464031333
36984153,0.21026765294031238
36984154,0.2890113315003113
36984156,0.283910523241198
36982751,0.19334120646471317
36982752,0.107436354555537
36982753,0.09595911929997583
36976383,0.27948336220211817
36976384,0.3550998345870753
36976385,0.27929837197039026
36976386,0.2745305586582182
36976387,0.3069477136090568
36976388,0.3397891174874654
36976389,0.24041420890622156
36976390,0.2442435228788433
36976391,0.2967226612873727
36976392,0.25510490175330003
37022596,0.0945655928293312
37022597,0.12630164900660065
37022598,0.06884987522828821
37022599,0.11755752821551271
43428879,0.11891995637040231
43428880,0.10951914780481051
43428881,0.118971774932375
43428882,0.07796421277502721
43428883,1.0683797908282542
43428884,0.14858262337386427
43428885,0.11111886085279414
43428886,0.11268370654604298
43428887,0.08382461563467783
36985441,0.2177153564000585
36985443,0.5441401831474598
37019429,0.3781815217934012
37019430,0.10738493481863443
37019431,0.03784392918954565
37019432,0.05394119113819143
37019433,0.8377399422886216
37019434,0.23003717370771248
37019436,0.8391007497525357
37019437,0.2626881849757546
37023821,0.060380677050975926
37023822,0.04221354206530257
37022308,0.05111216247278248
37022309,0.04602049427862031
37022310,0.12044704193064888
37022311,0.14623954187748106
37021632,0.09836838228479274
37021633,0.09614702277702392
37021634,0.14614270248845207
37021635,0.13277155768509558
37021636,0.11419039534812599
37021637,0.11542125256197232
37021638,0.13752614284987802
37021639,0.15938062003556952
37021640,0.15830529452325018
37021219,0.0288830130189275
37021220,0.2704840115144473
37021221,0.026189341765878435
37021222,0.27698556877780306
36994044,0.07197459939496574
36994045,0.07211769309926225
36994046,0.05404079445382221
36994047,0.06948053209239509
36994049,0.06441462200206823
36994050,0.07419977959708836
36994051,0.06588555920047637
36974989,0.06976256887195582
37013552,0.22751366788670263
37013553,0.21374650228085226
37013554,0.10812844724611761
36992642,0.2264522133669376
36992644,0.15001231704212145
36992646,0.14581390972772773
36992647,0.16795218006161597
36979063,0.6095014250106754
36979064,0.3046853886605504
36979065,0.47689773956648407
36979066,0.37822404679716043
36979067,0.19338140839188656
36979068,0.17972689964533395
36979069,0.6555739698046241
36979070,0.15937441847779937
36980462,0.10940738105438759
36980463,0.10295969768282381
36980464,0.31239014852272845
36980465,0.11517445564746485
36980467,0.10122714442241297
36980468,0.24501789169796032
36980469,0.35458444490286967
36980470,0.19696594646266077
37021231,0.1296543410593041
37021234,0.08132752163332771
37021237,0.38379548163051674
37021238,0.3454683640467056
43421027,0.21864860076737186
43421028,0.23512908139874508
43421030,0.22487745853426266
43421031,0.7278074173218054
43421032,0.11281580715449381
36975361,0.3179956672506192
36975363,0.10451933799213248
36975364,0.10764217278103208
36975366,0.10910001388253276
36975367,0.12357383434862519
36975369,0.1113286236982184
36975370,0.11393952342706397
36969086,0.47857940591114817
36969087,0.44394885881449375
36969088,0.20049578602581702
36995628,0.19163423382753397
36995629,0.11181280449314507
36995630,0.07127686414415549
36995631,0.06636054670424445
37011797,0.12230160253753257
37011798,0.11598865157283768
37011799,0.27230302856766253
37011800,0.24571215491553325
37011801,0.10646139620978456
37011802,0.17773236875550985
37011803,0.08247422823199997
37011804,0.12229917400738961
36987163,0.3695968132487789
36987164,0.570655070171851
36987165,0.7923947345794892
36987166,0.39838783173337816
36987167,0.2678601837938323
36987168,0.3700245739510023
36987169,0.3731805773049096
36987170,0.30746666359468583
36987172,0.32239478143859635
36981085,0.23505659416209143
36981086,0.47183287773070337
36981087,0.4660184434393518
36981088,1.0542185790534757
36981089,0.25790192251124944
36981090,0.7771200279606687
36981091,0.31411709523525533
37022505,0.04246269516509096
37022506,0.17494148543218113
37022507,0.18410243705311885
37022508,0.041197325941970724
37023641,0.12991429038667118
37023642,0.1247122364969035
37008602,0.06676297763871882
37008603,0.06705189796653108
37009568,0.14273891343909126
37009569,0.36032944832792874
37009570,0.4962028297542835
37009571,0.08746346769093641
37009573,0.41123250227544406
37009574,0.44793078326053554
37009575,0.6554121279962553
37009576,0.09898309159206377
36981883,0.12820153958401154
36981884,0.3093332783629518
36981885,0.5049233713076289
36981886,0.5026134360526905
36981887,0.10494654310291388
36981888,0.12748880414020847
36981889,0.30038901548533103
36981890,0.12609625454640278
43431497,0.1070502654112074
43431498,0.1839152786485548
43431499,0.07039825203883446
43431500,0.10922419641691608
43431501,0.1294051223215484
43431502,0.17198007681644176
43431503,0.10803447400410872
43431504,0.1191401295242947
43431505,0.11707296782359744
36999143,0.074956301921612
36999144,0.07433337572938327
37014944,0.2343068352109228
37014945,0.11553793258153669
37014946,0.21426657015288492
36968199,0.21360422943846294
36968200,0.23769287471738582
36965580,0.11291207689222485
36965581,0.10782690152298754
36965582,0.11461822564492623
36965585,0.10338526335880632
36999379,0.12322713491550073
37011165,0.05615935714145906
37011169,0.09374141443027564
37012317,0.28393537702371335
37012319,0.48878424698018613
37012320,0.25449319508867985
37012321,0.4851276684066484
37012323,0.7224754872270354
37012324,0.5007937179280345
37012325,0.2841787852251763
36992282,0.16391844178478923
36992283,0.16789749838572238
37021366,0.6613220427579019
37021367,0.14350787483261407
37020202,0.0864049535618775
37020203,0.0890650449510398
36980834,0.1000832992948766
36980836,0.09964343564318971
37020225,0.03588758766598111
37020226,0.043036554359909364
37023893,0.04453084472957612
37024429,0.11495024370361127
37024431,0.10578600591438242
37022512,0.20947938928575938
37022515,0.24318145106590716
37022102,0.11242915696996643
37022104,0.1452299158934771
37022106,0.1098399069249332
37022107,0.13055017572455063
36998614,0.08328480186101478
36998615,0.13106719969331496
36998619,0.13492019748620562
37020385,0.1604657138659471
37020388,0.05426540515594342
37020389,0.06489150243618655
37019848,0.06732420803929624
37019853,0.07476066594355395
37024288,0.1703271280737417
37024289,0.18997228006896485
37024290,0.1834791646335787
36971325,0.30509540864742524
36971326,0.2058145679544162
36971327,0.2066896307774444
36971328,0.1878064430732596
36971329,0.35666236722939054
37024371,0.5996888061811142
37024372,0.19361464491910266
36955818,0.187917954198931
36955819,0.25315103047346094
36955820,0.15422574416813653
36955821,0.1801771245455641
36955822,0.1921344480305471
36955823,0.14952949199616647
36955825,0.2542093502155197
36955826,0.12418475929601343
37010421,1.1401902134506117
37010422,0.7458127209156419
37010423,0.21903199288462064
37010424,0.46541400788217707
37010425,0.6747884996946275
37010426,0.5255710287866743
37010427,0.4745624768788494
37010428,0.26162496937204593
37010429,0.422112520464229
37010430,0.5020847691903759
37023754,0.1532302287358845
37023756,0.2349263648449076
37023757,0.2386090013644389
37024373,0.09733401513126065
37024374,0.08865408959640918
37024370,0.09511804133770697
37023672,0.03124909812294466
37024003,0.08533744681057398
37024005,0.29746670982026224
37024006,0.28604110611065187
37022035,0.1280402274283226
37022036,0.13716752074382715
37009712,0.052940553936169456
37009713,0.05660776476079694
37016015,0.04165043552086149
37016016,0.03820439294862514
37013900,0.050979866187877705
37013901,0.05778009520441018
37013902,0.05855638770600157
37013903,0.05066975397144248
37016269,0.09996174191614363
37016270,0.12140936988207893
37013593,0.20825794633844802
37013594,0.07649447968353325
36991964,0.11760673522778077
36991965,0.2901008264686695
36991966,0.09397571175926621
36991968,0.11510950344695546
36991969,0.273726206987547
36991970,0.08786489885637769
36991971,1.0037897073409974
36998591,0.08055931213974764
36998595,0.08481025090932647
36962299,0.7325655165683969
36962300,1.118001145237327
36962301,0.34253760755736595
36962302,0.3898786616066099
36962303,0.39666810216252
36962304,1.6720019622884437
36962305,0.2818213630791207
36962306,0.46552344689847325
36962307,1.7154774037364575
36970401,0.12078550329633557
36970402,0.13358046237112722
36970404,0.5734292894791965
36970406,0.2072911781866645
36970408,0.12260851005445159
36970409,0.3515762952378485
37010350,0.2816733262923254
37010351,0.275445841618129
37010354,0.08055685150149489
37010355,0.2969324247562656
37010356,0.3697066047539335
37010357,0.3462827410827514
37010359,0.04799230449867898
36981300,0.3767332665363414
36981301,0.23356846252646035
36981302,0.24258914350055
36981306,0.2994658400660523
36981307,0.2320767490023219
36981308,0.2895248037350882
36981309,0.2969916359114406
36970055,0.13319681188130172
36970056,0.10172628021028861
36970057,0.11636773425470545
36970058,0.08191963526291174
36970059,0.08798110943850344
36970060,0.09780276006148732
36970061,0.09928292008523747
36970062,0.09791318975653816
36970063,0.10204441169069613
36970064,0.2022947512417277
37006854,0.2111458450486144
37006855,0.18804630473225215
37006856,0.19117077557703893
37006857,0.19212933037570312
37006858,0.17604453703594075
37006859,0.19966204975044977
37006861,0.17698950463845398
37006862,0.15481526711502397
36984660,0.3459648544685744
36984661,0.366491217055246
36984662,0.2569085226025647
36984663,0.24401386386561763
36984666,0.5145277966735236
36984667,1.372584302466102
36984668,0.2636206989538212
37008500,0.17001277904903112
37008501,0.15503311372642106
37008502,0.19029433167665127
37008503,0.1504083679100485
37008504,0.1729760768410556
37008505,0.17350941646066106
37008506,0.18695301933186387
37008509,0.17377158816657595
36961172,0.13465689864558322
36961175,0.11900798139244319
36996979,0.5248945831798526
36996980,0.1623195333017615
36996981,0.16523510212479928
36995465,0.23701945886803227
36995466,0.256606481814664
36995467,0.3161436383513326
36995468,0.2856513768778097
36995470,0.34527553483789564
36993312,0.5729304336729825
36993314,0.12854513261120085
36993315,0.12639651138892216
36993316,2.14172592207615
36993317,0.17459758135077072
36993319,0.4893349197444584
36993320,0.5077181132899908
37015857,0.4947659977362833
37015858,0.37464886342695136
37022656,0.2626615111465795
37022657,0.1521349487022248
37022660,0.7980098853198038
37022661,0.2709949569256384
37022663,0.19584135534133787
37022664,0.8335433943291819
37022665,0.8200289333718168
36976195,0.17831166215009933
36976196,0.12014880270439239
36976197,0.17998758414590496
36976198,0.18468811608305424
36976199,0.18831450611270054
36972847,0.11653261088734035
36972848,0.16194196789131943
36972850,0.0993222861847633
36972851,0.10770130030769536
36972852,0.08181105934799812
36972853,0.055394627302903864
36962165,0.08573168286052742
36962166,0.12831621363246395
36962167,0.16124874844059947
36962168,0.16439949620733957
36962169,0.11202671518296611
36962170,0.5999539196156509
36962172,0.2112920576984011
36962173,0.11710441130173328
36981484,0.10979637727961682
36981485,0.12465714379508576
36981486,0.15436921932117137
36981488,0.14334978951073837
43427691,0.28445610000232846
43427692,0.6103264765400203
43427693,0.265171604497364
43427694,0.2559379275074573
43427695,0.3422294514392064
43427696,0.5243238717014785
43427698,0.7356202630555039
43427699,0.2454707061256155
43427700,0.24333013101463832
37019644,0.05457383257258915
37019645,0.054272897947211934
37019646,0.05352719919817367
37023978,0.06323587258601804
37023980,0.06053783831077278
37023981,0.05900739795639133
36956274,0.27918059245509325
36956275,0.2814340252660344
36956277,0.2526393490893397
36956278,0.27733617396549115
36956279,0.14230005549043098
36956280,0.34056115061278736
36956281,0.33905511026083057
36956282,0.2898516872730231
37013993,0.1052043529482858
37013994,0.0946492946668424
37013995,0.11957233121150357
37013996,0.11898921848879612
37013997,0.10047381814338502
37013998,0.16584511436983937
37013999,0.0801978327730483
37014000,0.09057985819236047
37014001,0.1849691442098528
37014002,0.07974813314384521
43430869,0.16385798383094574
43430870,0.07222916429773113
43430871,0.4006881692057283
43430872,0.1863347098748828
43430873,0.47939251877798245
43430874,0.5451030291546494
43430875,0.32943283117994104
43425862,0.2034768119276338
43425863,0.3202683384043283
36993680,0.1218023587197082
36993681,0.2966156696734242
36993682,0.20485881146898294
36993683,0.2611980491771878
36993684,0.12353848448411499
36993685,0.22617369679359262
37008597,0.1186167742929711
36958948,0.41428467848104145
36958949,0.0379459846886346
36958955,0.14229914144627862
37021992,0.11550198643481525
37021993,0.08250164322243622
37021994,0.09966383144271068
37021995,0.10396586986532794
37021996,0.08242235202457668
37021997,0.08555781189111314
37021999,0.11725406090654297
37022000,0.10151499750153381
37022001,0.08832258441095142
37007661,0.2515883654478867
37007662,0.14818264526168518
37007663,0.18460406588456757
37007664,0.1450656298798941
37007666,0.17310764875468587
37007668,0.1435855854373485
37012413,0.06508449346861425
37012414,0.16353063787559483
37012415,0.42776754079189494
37020560,0.11412288490509545
37020566,0.118069028219887
37018434,0.06777734403044636
37018436,0.06946458988673289
37018438,0.06979297972634207
37018439,0.06851754144731254
36983037,0.12130279858030107
36983038,0.06706439208287283
36983039,0.2503168005748585
37019723,0.0452766376477734
37019725,0.03329323777219686
37020096,0.0810004158494166
37020097,0.07825282616444708
37020960,0.19224000211465744
37020961,0.13149008042507931
37020962,0.3505200876044417
37020964,0.14380758415092226
37020966,0.2330654812607402
37020967,0.6143268689613867
37024276,0.11519829571337248
37024277,0.10926045387378741
37024278,0.10638736656626813
37024154,0.10753876224555389
37024155,0.13677221161915587
37009515,0.054714372423534816
37009516,0.05266412946719439
37009517,0.04846645424336593
37009518,0.06147303060448244
37009519,0.048441045014148684
37009520,0.05843412170304804
37009521,0.43394605473957704
37009522,0.05199936119693446
37009524,0.06055284460072928
37022547,0.23323360228999757
37022551,0.1341735191446374
37022552,0.23736455547408758
37022554,0.13033043259080557
37014663,0.20028618949697852
37014664,0.16565482466617035
37014665,0.14132207156836843
37014666,0.22348164551625735
37014667,0.11530895016017709
37014668,0.15947709835119434
37014669,0.15045128848159114
37014670,0.1378904876375043
37011254,0.23980215337190763
37011255,0.25314881704168096
37011256,0.12477764300103143
37011258,0.15080415622452653
37015870,0.3777085896160021
37015872,0.35846394383141983
37015873,0.37153360629336757
37015875,0.3443638816044085
37015876,0.3081409117717325
37013038,0.39091868176222794
37013040,0.7158758539335999
37013041,0.42184409074483153
37013042,0.35323836173759876
37013044,0.37064121945632394
37013045,0.42771158673093285
37013046,0.31626044940682047
37012151,0.5150143576174944
37012152,0.4512158339841849
37012153,0.46589898320084994
37012154,0.3665446045462192
37012155,0.41627851064258664
37021776,0.046494554190355905
37021777,0.02880714050186969
37021778,0.04848218153811911
37021779,0.028794974639272074
36989243,0.05721063824882753
36989244,0.057683330312543475
36981828,0.09740374462177605
36981830,0.08362621210528177
36981831,0.05701720240460617
36981834,0.09125094876963269
36981837,0.06137241565446731
37024007,0.2635051567334083
37024010,0.580848618454769
37024011,0.27069183261098234
37024012,0.5985665208040608
37024064,0.206569224392817
37024066,0.15626518284881238
37019805,0.06687677229135786
37019806,0.3628096818016449
37019807,0.09281373211927074
37019808,0.20430690654995012
37019809,0.3711355546633072
37019810,0.19250735623308293
37019811,0.04704921105671184
37019812,0.4304182028183092
37022427,0.24980624956658587
36999259,0.10008139224566526
36969627,0.042622907721862925
36969628,0.035489006250886225
36969630,0.0386368910955622
36969632,0.03531298674931629
37016011,0.16475035963147663
37016012,0.08771451598513919
37016013,0.1478060254643621
36973687,0.15616281201858
36973691,0.15626730205121764
37015200,0.31391904397664316
37015203,0.30748017352944385
37015204,0.15679159729048053
37015205,0.07974858894040483
37015207,0.1491465842630375
36978091,0.18495379533319029
36978094,0.22769194298832413
36978095,0.14870765990708457
36978096,0.1532784138212239
36978097,0.9311565276748723
36977526,0.18509892994154709
36977527,0.21299340782713513
36977528,1.0519977492091201
36977529,0.18471433630190762
36977530,0.36364346554472
36977531,0.18970426981452296
36977532,0.16840352058933944
36977533,0.16242734710046366
36977534,0.2102526389433314
36977535,0.15732699563157232
36986080,0.05674906590403282
36986082,0.05794671592348413
36990020,0.19837590654700107
36990021,0.06928825341874927
36990022,0.07024563570098756
36990025,0.21740637053489612
36990027,0.1785128259926348
36990028,0.06564257317207123
36991990,0.23247107385808718
36991991,0.3223953384025159
36991992,0.29152774393566105
36991993,0.14052570914995
36991994,0.2873448188718134
36991995,0.22483733336004502
36991996,0.27378521238305614
36991997,0.23455464527977504
36991998,0.29049319455108186
36991999,0.22891865480877924
36957123,0.8242167504145507
36957124,0.23974317701802378
36957125,0.27560578059039365
36957126,0.22431002176152473
36957127,0.2190531211075769
36957128,0.706761984893228
36957129,0.27123170749670705
36957130,0.5510780943639584
36954903,0.08489662031462385
36954904,0.15939001806445577
36954905,0.2201281418115642
36954906,0.09991665873175791
36954907,0.16775640650652526
36954908,0.08394320903725407
36954909,0.31722887224843666
43422250,0.11350154719213164
43422252,0.13634567058731042
43422253,0.3386517049704206
43432658,0.13203089828873743
43432659,0.1350451927808434
43432660,0.10380923937004083
43432661,0.11000266989225438
37024375,0.04974307294434456
37024376,0.05019958500905169
37024377,0.1803561054953487
37022944,0.1270423551742256
37022949,0.09647946059601024
43422513,0.30828747758424163
43422514,0.3956616593082143
43422515,0.21255730580410423
43422516,0.03691573837836313
43422517,0.4579413233271786
43422518,0.29131328420953756
43422519,0.19156833871135726
43422520,0.5084481004267473
43422521,1.3047279187241294
43422522,0.6043222437310336
37018885,0.5338780087583888
37018887,1.3999721492168165
37018891,0.16468698356985612
37018892,0.2098149564777087
36962566,0.30269563628461665
36962567,0.28691280131832986
36962568,0.23353160412566312
36962569,0.2178593709083843
36962570,0.0948395532900736
36962571,0.27966683150307026
36962572,0.2689855491606523
37016778,0.4312641945563629
37016779,1.0006083422290737
37016780,0.23909836908915674
37016781,0.979228328390129
37016782,0.8683908403975571
37016783,0.7960684428928089
37016785,0.23018213838461904
37016786,0.6161812501985824
36954894,0.4222824216875234
36954895,0.4113952795454449
36954896,0.3171138241794907
36954897,0.4365537802451171
36954898,0.26953406238876215
36954899,0.3844544116792374
36954900,0.20078931837014938
36954901,0.27276159549044243
36954902,0.3697186327708552
36959308,0.12500900779024915
36959309,0.08011515119094069
36959310,0.38382708062654003
36959311,0.10262671598974761
36959312,0.17662490225323865
36959313,0.5410070636642557
36959314,0.26525847512142
36959315,0.13579125634884956
36954938,0.36771876970296913
36954939,0.08954271138355839
36954940,0.2880867830257038
36954941,0.3058692945682655
36954942,0.307600400784618
36954943,0.2271307456425156
36954945,0.0713371527313063
36954946,0.15365290671741522
37008762,0.7069194617483772
37008763,0.3250030351828525
37008764,0.1864778846900505
37008765,0.05190670860041596
37008767,0.08573623401410384
37008768,0.2120484758082513
37008769,0.2763321737214732
37008770,1.2500750503057982
43425188,0.1492121284279181
43425189,0.12262192846657831
43425190,1.16297512705801
43425191,0.5454353275122024
43425192,0.3363772380519032
43425193,0.4735924409981319
43425194,0.5735531582600412
43425195,1.1237211542996257
43425196,0.08561133419366873
43425197,0.630050539502698
43425835,0.2016852148440438
43425836,0.2541234051431993
43425838,0.21409459013405088
43425839,0.34380695834903724
43425840,0.3954199915605741
43425841,0.8472591197404531
43425842,0.35241460260825985
43425843,0.295640324410305
43425844,0.1273145397746934
37007964,0.06011259185702061
37007965,0.0651704877119482
37007966,0.05534941457712736
37007967,0.06546150187664806
37020526,0.09123639094304488
37020530,0.040890990008217
37020531,0.09432771681611703
37020532,0.040988255766642966
36970524,0.22432267572084505
36970526,0.07130055450273096
36970528,0.24772388582236443
36970530,0.2140044384665815
36970531,0.22449421112685644
36970532,0.08175566371391868
36957159,0.19244084462774724
36957160,0.07734641992667664
36957161,0.20155940429008076
36957162,0.055419632407468264
36957163,0.08264373650319543
36957164,0.14327314984116482
36957165,0.055570242881933594
36957166,0.11132553425526903
36957167,0.10688521572121759
36982827,0.03460075384996186
36982828,0.03604924546861504
36982829,0.037816474677716753
43429861,0.0918964288487712
43429862,0.09170955566662287
43429863,0.12662554071480997
43429864,0.1231407781368605
43429865,0.09221153760094271
43429866,0.07508367484094726
43429867,0.1178977995560058
43429868,0.08442312995160176
37015892,0.11802608080612667
37017984,0.10811085985516644
37017987,0.08505388160263459
36974896,0.05656729982115702
37022604,0.18949439892870687
37022605,0.16849548467826034
37009467,0.41503350993957816
37009470,0.4028109402030815
37009473,1.3382814906367348
37009474,0.8188011779057937
37009475,0.41627108153094095
37023750,0.18336084468503933
37023752,0.16424216022233332
36969514,1.1177997362843652
36969515,0.22172730206336824
36969516,0.3765437138439156
36969517,0.5684802059603369
36969518,1.0546437460110683
36969519,0.6795522624986555
36969520,1.0437423352896575
36969521,0.22846302642512215
37021140,0.40136271214593694
37021141,0.2154252631524327
37021143,0.8268017327243536
37021146,0.13583276081946896
36973454,0.10223831983743029
36973460,0.0549904402396014
36966458,0.09206848350728247
36966464,0.2505923548791698
36966465,0.2279186081429131
37013142,0.08510020012185342
36959695,0.21234666243827735
36959696,0.504815945575913
36959697,0.21424581554119376
36959698,0.17181779462489805
36959699,0.28090218596651395
36959700,0.6877426341498817
36959701,0.19849221010325674
36959702,0.41041383435272516
36961487,0.117583762861718
36961488,0.5562545159539778
36961489,0.11849011445455812
36961490,0.12186018372092439
36961491,0.1423364837771482
36961492,0.11785327231846657
36961493,0.14290934338186842
36961494,0.17061096572539577
36961495,0.14337262729441033
36961496,0.10628575647405042
37007848,0.11141238495025733
37007852,0.10669512751098888
37007853,0.12310740791378533
37007857,0.12486489658557179
36997116,0.16105774262583683
36997117,0.15747754209759476
37022998,0.8189933998441323
37022999,0.040724962513383645
37023002,0.05491828540993367
37023003,0.7260841479882276
37023004,0.05549786855254717
37023005,0.7085178196748166
36985862,0.07143853450351614
36985863,0.26054076474292337
36985864,0.2486335390026822
36985865,0.08441754031062759
36985866,0.041623133647026855
36985867,0.06996389236666811
37022200,0.073001341380481
37022201,0.09572438090781805
37022202,0.08249309072323506
37022203,0.10461980291091981
37022204,0.09195826231187032
37022205,0.14798088250905247
37022781,0.14182391599777355
37022782,0.1690101616602726
37022783,0.15153806425930522
37022784,0.17386136740428915
37022785,0.17071228221647905
37022788,0.14731588732227202
37022789,0.2012426672606718
37019316,0.1281172230921819
37019317,0.10295988048697215
37019318,0.648277076307207
37019319,0.10781258463949252
37019320,0.10808634615320661
37019321,0.15790186223564148
37019322,0.14576026312462176
37019323,0.16115539914852278
37024489,0.13113199213310595
37024490,0.1700314870769641
37021768,0.6434954543388087
37021769,0.19925161422133383
37021770,0.18391778835675382
37021771,0.11091198367794822
37021772,0.1861139046263064
37021773,0.09059284833230913
37021775,0.6450564602954549
36970162,0.09570615606098791
36970163,0.12284626406772449
36970165,0.09892385891463551
36970166,0.08431277468919077
36973699,0.05643742830861584
36973700,0.10992377346228438
36973704,0.05637399879628916
36973708,0.1089878193075987
36966277,0.09104154289276632
36966278,0.17817250116337757
36966279,0.2115630842428242
36966280,0.1680806798240768
36966281,0.2458489431513298
36966282,0.13894632896321493
36966283,0.15265135028703808
36973373,0.23712064236412497
36973374,0.3419771464265662
36973375,0.24835330209402418
36973376,0.22494255942458385
36973377,0.23307685041687945
36973378,0.12990372815200027
36973379,0.29440379287974117
36973380,0.22562347230102336
36973381,0.4991864855111502
36973382,0.3051107802293974
37006778,0.7821260728597372
37006779,0.1677916379777956
37006780,0.1180883582221913
37006781,0.14533552825412271
37006782,0.1543008715425594
37006784,0.10754043583525795
37006785,0.12308027884417604
37013860,0.3178389244337771
37013861,0.5487006880375171
37013862,0.14998111927627641
37013863,0.6599690749582227
37013864,0.16874991104225776
37013865,0.45408238828247927
37013866,0.3259563789136563
37013867,0.41637702143809074
37013868,0.3082650501324054
37013869,0.36319866268060347
37009349,0.05253280583191646
37009350,0.05789475114099097
37009351,0.061635161224900974
37009353,0.03897424157427867
37009355,0.05010728237083771
37009356,0.05661592567315136
37009534,0.4707321379663133
37009535,0.3283859830312455
37009537,0.314899457468261
37009538,0.3371562814883294
37009539,0.4672206476141552
37009540,0.5011877095527846
37009541,0.466636092485234
37009543,0.43224645536972206
36995675,0.1631714288614108
36995676,0.1606162302298049
36995677,0.1650516673013253
36995678,0.09726949746991682
36995680,0.13066311950222786
36995681,0.09171777955859672
36995682,0.13748630216050345
36995683,0.14144205236445015
36994146,0.22083161853380476
36994147,0.33291047551559777
36994148,0.3391381925441962
36994149,0.24582797777376456
36994150,0.39355199042842665
36994151,0.23278980712507716
36994152,0.2366826183352057
36994153,0.27408936730397604
36994154,0.32966556416415776
36994155,0.3118203185675218
36997381,0.176283586404381
36997383,0.16823458522534732
36997385,0.17946713683049217
36985927,0.15250198501431889
36985928,0.1902621295683458
36985929,0.10383766885138565
36985930,0.18352691804796484
36985931,0.17470243124283885
36985932,0.15422808924621087
36985933,0.20205751747273618
36985934,0.10170044653765369
36985935,0.34149764257528675
43423553,0.20812305596954006
43423554,0.15414428707788225
43423555,0.16004284104491628
43423556,0.17496620547639902
43423557,0.3449713699621811
43423558,0.18925219689210612
43423559,0.29908519691213153
43423560,0.1495213431697565
43422355,0.13872051820382753
43422356,0.3462159030338457
43422357,0.29003998945308296
43422358,0.2323777697600284
43422359,0.4109647056316308
43422360,0.7089831504440314
43422361,0.2679685559053007
43422362,0.1379322791548674
43422363,1.3636168698320392
43422364,0.13918383271318555
36989195,0.23806946352331657
36989196,0.20699308788473
36989197,0.2643660189688965
37009677,0.49771439204789897
37009678,1.416038107633844
37009679,0.24854316619030734
37009683,0.2894789468545553
37009684,0.274849690891684
37009685,0.4702205919955069
37009686,0.4353199772351866
36969502,0.1413908429751175
36969503,0.689412655666997
36969504,0.13841750996427446
36969505,0.13988565420322502
36969506,0.7065967929021524
36969507,0.7652763418183866
36969508,0.36704148865896713
36969509,0.3452489317902297
36969510,0.1419127032530932
36969511,0.7618170597556284
36969667,0.08147659245534335
36969668,0.1010177557665976
36969669,0.1804615388156128
43430969,0.2572205594462967
43430970,0.2172615902722051
43430971,0.3753363202154133
43430972,0.8967470597607333
43430973,0.09035363547665873
43430974,1.096213509914247
43430975,0.1601903702324108
43430976,0.8922674377865513
43430977,0.1716210382917268
36980804,0.14957155933889524
36980805,0.12530402003222021
36980806,0.1263286381640423
36980807,0.13798882883490066
36980808,0.09380176915474588
36980809,0.13447267419387918
36980810,0.08457665614335239
36980811,0.13653316411707053
36980812,0.12633130428192982
36980813,0.11953441027929108
36966376,0.49989483823691905
36966378,0.5224050857299167
36966380,0.6465897185573468
36966381,0.058696176270749016
36966382,0.1045026459704245
36966383,0.5900701650105832
36957582,0.14002090440813375
36957583,0.2216654478921209
36957584,0.1568359406768032
36957585,0.15796490945440775
36957586,0.2836807864382212
36957587,0.11672865087706087
36957588,0.27050296247834676
36957590,0.35581013697026753
36996235,0.16012231712834246
36996236,0.20945301962338636
36996238,0.15472015869039485
36996240,0.3337113729818758
36996243,0.19634230359878982
36996244,0.20272692644403922
36984891,0.5087821780168988
36984892,0.2957459442684754
36984893,0.231636676518194
36984894,0.5340632532340828
36984895,0.30092125060507247
36984896,0.34725036044597835
36984897,0.49813063120027
36984899,0.28135425516398
36984900,0.23025318611321258
43423777,0.3367146706400602
43423778,0.16016432214633755
43423779,0.3834202368784257
43423780,0.3868159436616595
43423781,0.28417736072744115
43423782,0.23238527561696962
43423783,0.48032263951090093
43423784,0.36484572983408475
43423785,0.1130443638570013
43423786,0.7402398006183314
43431313,0.20481665543487068
43431315,0.31877002200536747
43431316,0.42235717301988734
43431317,0.14729308016387474
43431319,0.14512551889521857
43431320,0.15548789271492539
43431321,0.2464704280830906
43431322,0.1715820233751692
36987617,0.5953416049093171
36987618,0.10203814787646226
36987619,1.3075774392648434
36987621,0.07975912621708624
36987622,0.06637577565364074
36987623,0.07667836635358144
36987624,0.30021035442964356
36987625,0.27126161342750066
36987626,0.08962923121873972
43431259,0.8389163357393548
43431260,0.31592095446676627
43431261,0.2681014838779816
43431262,0.36399779010926375
43431263,0.23520412941401445
43431264,0.33557219642063313
43431265,0.24266826231931565
36999365,0.06346924124190689
36999366,0.19924925138510144
36991596,1.1651449197131771
36991600,1.0812404264746098
36991601,0.2371942152291946
36991602,0.18777235703817555
36991603,0.5426932426159224
36991605,1.097886199949236
36985510,0.2139459446605109
36985511,0.2418469758383041
36985512,0.28228482450286846
36985513,0.1950563407398141
36985514,0.36879330427382756
36985515,0.20785864844108126
36985516,0.13134861515396978
36985517,0.2570192332426624
36985518,0.2512406034438273
36978233,0.08492967939085529
36978234,0.3544410487917405
36978237,1.3048214498447288
36978238,0.16685699735081097
36978242,0.15150391666135174
37023239,0.07384020438715722
37023240,0.10070093166282922
37023242,1.456627531863771
37023245,0.1052219889354293
37023246,0.1854486285015778
37023247,0.07564807977052891
37018590,0.41591230331897233
37018591,0.9850161840889768
37018592,0.3633451955344348
37018593,0.3154922667177191
37018595,0.31649473449183807
37018596,0.1505502045488658
37018597,0.1363410474813293
37018598,0.9436880822692321
36978100,0.8654123468337065
36978102,0.45863977701247927
36978103,0.4472942771865486
36978104,0.8189941459071282
36978105,0.23330812162825126
36978106,0.2090249668122007
37024494,0.04708105401103763
37024495,0.06194789124671996
37020204,0.10013887799255107
37020205,0.09372352473071703
37020206,0.11590608362726257
37020207,0.11353969427329547
36977446,0.237321005862061
36977447,0.11102974079527589
36977449,0.463630779037261
36977450,0.09848863514324957
36977451,0.3960088010815201
36977452,0.2448055124474647
36977453,0.10141227645924433
36977454,0.4104216613271968
36977455,0.09758000238065653
36986536,0.15999650124005135
36986540,0.1515318752660344
36986541,0.12997176867760193
37022749,0.1282329823496442
37020490,0.9638502996575317
37020492,0.20052392738356034
37020493,0.24670668864761713
37020494,0.17971529150235618
37024144,0.10299838189263046
37024145,0.07119857518022715
37024146,0.5653313990282424
37024147,0.43260913592688033
37024148,0.2512622216568749
37024150,0.25283117405058475
37024151,0.4888413103317423
37023760,0.07447141624873964
37023763,0.0723771525164702
36971976,0.12610623963367837
36971978,0.08061110644326684
36971979,0.06840525665035391
36971980,0.07113894036815761
36971981,0.13264625190852805
36971982,0.10926464124335117
36971984,0.08016140935903575
37012157,0.08687809740828036
37012159,0.21978422479853382
37012160,0.08989708658917006
37012162,0.24996303947456153
36969977,0.04276007329750937
36969978,0.04039820741722823
37018564,0.2836842861246594
37018565,0.4163144641189185
37018569,0.06363141120250437
37018570,0.1411798592373364
37018447,0.1491904431455898
37018449,0.16313896009904005
37023764,0.10346146355806322
37023765,0.10165871260343715
37023766,0.10614038971450197
37023768,0.11492883398219186
37023769,0.10672427243071303
37024439,0.08494750856097741
37024440,0.08229327794575225
37024441,0.06740295666879535
37024442,0.106888107663246
37023248,0.06178414145130114
37023249,0.053254626443247535
37023250,0.9644779066398886
37020854,0.10574693366702499
37020855,0.07855327874476158
37020856,0.13073891957270833
37020857,0.13041758371270581
37020858,0.0787484704114968
36973426,0.12457285624055968
36973427,0.1428778771704152
36973428,0.2091960955212538
36973429,0.18267711031561235
36973432,0.08899892451354903
36973433,0.2241455574025564
36973435,0.11642111103381526
37019696,0.1888837582527705
37019697,0.25593604965100475
37019698,0.18288523028029716
37019699,0.20585926052197123
36969366,0.18011020352553178
36969367,0.095753093423125
36969368,0.30093392541001723
36969369,0.1145206946366117
36969370,0.2121112633661286
36960040,0.15679770834852003
36960041,0.15514593050597184
36960042,0.1449777392474745
36960043,0.16672462656460585
36960044,0.24021010099003415
36960045,0.18974935010794577
36960046,0.16870086690927094
36968443,0.12870317795103542
36968444,0.13427042020850866
36968445,0.11466620272911775
36968446,0.29629557036122556
36968447,0.320952332544832
36968448,0.33796544655797683
36968449,0.23070276015147725
36968450,0.1134315773000129
36972631,0.24128856464780307
36972632,0.2229478589324778
36972633,0.19000379229349865
36972634,0.24135756244968784
36972636,0.3698226980013726
43431470,0.12862094315637843
43431471,0.16680332550158897
43431472,0.09119701724891996
43431473,0.11067477183696374
43431476,0.12065894614676469
43431477,0.10951437452885145
36983420,0.10209839364917495
36983421,0.12596513416627447
36983422,0.1657024675086179
36983423,0.16730666601800362
43431034,0.1266049352246578
43431037,0.11704677976090297
43431041,0.151330711309591
43431042,0.1240919216843016
36990918,0.0739883331042039
36990919,0.2076824538335493
36990920,0.40632212096671666
36990921,0.24676609122085533
36990922,0.09084656166436493
36990923,0.1684879403905919
36990924,0.1641857651945998
36990925,0.16958704147683526
36971551,0.10991225311825659
36971552,0.0750059753470983
36971553,0.10834930054165659
36971554,0.08486974694821103
36971555,0.11157694075702125
36971556,0.07548885048115718
36971557,0.07639817386314648
36971558,0.0729369023215125
36971559,0.1127272562788949
36971560,0.07640107886256596
37022559,0.042797037280346936
37022560,0.0380933853192704
36978350,0.053489898942751656
36978351,0.10313677060233255
36978352,0.5703011435383412
36978353,0.10868904198347852
36978354,0.19751703405252852
36978355,0.05405563764660872
36978356,0.06404515903084206
36972064,0.2540035910471167
36972065,0.059134243024962785
36972069,0.2452163097239697
36972070,0.4368666772794454
36972072,0.22888783221880632
37021836,0.16554841635900608
37021839,0.057506887765653686
37021840,0.036331467451839385
37021842,0.15485759882551214
37018899,0.11940258299464648
37018900,0.07430140475133828
37018901,0.0974650472122089
37018902,0.19520796681260677
37013939,0.09986352957727578
37013940,0.22019100812820044
37013941,0.10488344298606214
37013942,0.10816681819965289
37013943,0.16690955086879689
37013944,0.09966329602006983
37013945,0.16057938193125704
37013946,0.21149025551084286
37013947,0.21601859083129554
37013948,0.17459435468494355
37015688,0.16897617543323845
37015689,0.16696154904009408
37015692,0.1616014320282943
37015693,0.1676892288571508
37012674,0.1771260521027988
37012675,0.2509259011641727
37012676,0.18813562150266083
37012677,0.2578372183759866
36960138,0.125416654040659
36960139,0.14203112807286794
36960142,0.13187117882261995
36960147,0.1376731393781243
37018913,0.1677505189549338
37018914,0.13732873210036847
36989128,0.08032020877568169
36989129,0.16130398846781913
36989130,0.34690703089457464
36989131,0.08103497907762504
36989132,0.15569231799047217
36989134,0.41235326071791445
36989135,0.09687799521946767
36989137,0.08207559243852289
36993364,0.2519496495197278
36993366,0.0954187488602799
36993367,0.6279163585027423
36993368,0.11620581224299782
36993369,0.11235499620353441
36993370,0.11272743048750326
36993371,0.16927711004623866
36993372,0.09863755672494587
36993373,0.11573722935147761
36965249,0.5828431384868011
36965250,0.5900143069006416
36965251,0.6358275433433301
36965252,0.36788126665170706
36965254,0.17528353190347606
36965255,0.18172504882394697
36965256,0.2622900522671763
36965257,0.5556956861912711
36965258,0.284810511272626
37012838,0.3377005110360645
37012839,0.9778150148454096
37012840,0.6322686770215158
37012841,0.3725620484367702
37012842,0.33565162120570513
37012843,0.7244446420233125
37012844,0.35963181649841885
37012845,0.4425393772563059
37012846,0.7598216284943851
37010965,0.15378815664313433
37010966,0.30484913874301445
37010967,0.33635389453449244
37010968,0.1258769647022909
37010969,0.12126755250233155
37010970,0.31493070213518415
37010971,0.12629846113061907
37010972,0.09630620837377606
37010973,0.0854553770879774
37010974,0.1886170105006636
36986878,0.20692841175450474
36986879,0.3113926526008748
36986880,0.22372756317914788
36986882,0.32571390158192276
36986884,0.3042519441864424
36986885,0.33911599224372635
36976701,0.12311858048436526
36976705,0.11134711258783617
36985776,0.13597002554166068
36985777,0.15236460197434665
36985778,0.4042492218586285
36985780,0.23467981394123946
36985783,0.452276042873781
36985784,0.32128410068882585
37007473,0.1013861463070283
37007474,0.3433962198809746
37007475,0.19437750580282734
37007476,0.30731012160868
37007477,0.11109896792987906
37007478,0.15105180556911904
37007479,0.244679467199769
37007480,0.13042054321056967
36964396,0.09454547524866679
36964397,0.08093206919371151
36964398,0.1248882781240047
36964399,0.2336484968846243
36964400,0.11353486259361545
36964402,0.07223425863502578
36993283,0.10992371776886413
36993284,0.09907583468274295
36993285,0.11780646255266819
37020754,0.44785658275932055
37020757,0.5413707351330018
37020759,0.3955397107656814
37020760,0.4214395916937897
43422382,0.0999541662464551
43422383,0.33097460243702204
43422384,0.14159359160907292
43422385,0.22402128582354033
43422388,0.44689173830111334
43422389,0.2855910668659067
43422390,0.16815772724767653
43422391,0.5464675336737641
43430068,0.3633025281855779
43430069,0.4760210384746189
43430070,0.6647054198510813
43430071,0.4128559262095356
43430072,0.19587101621332245
43430073,0.21682502087946837
43430074,0.14028307841866236
43430075,0.3036238084027123
43430076,0.128181352565589
37007463,0.223546022816518
37007464,0.14956588278758742
37007466,0.16824479885122223
37007468,2.1240414972406567
37007470,1.4791992518106072
37007471,1.4126560875233256
43429067,0.34085315316209297
43429069,0.3165970028968883
43429070,0.37482991282625144
43429071,0.13397644264865075
43429072,0.5212797070767903
43429073,0.11859718299547015
43426590,0.07978173223700413
43426591,0.29611986191454787
43426592,0.2938367175729471
43426593,0.590718739425728
43426594,0.3568861053960821
43426595,0.5473387200159495
43426596,0.3684929059942048
36990513,0.05237341226666727
36990514,0.05564209734997325
36995999,0.4866280774321105
36996000,0.6632702528289227
36996001,0.24772029917700444
36996002,0.2150054229735098
36996003,0.35066989272216686
36996004,0.298998055929552
36996006,0.33723089793154726
36996007,0.16279754042396014
36996008,0.34572872983684777
37020105,0.15298770950073437
37020106,1.043397009252651
37020107,0.6371771029407706
37020108,0.29287291397280363
37020109,0.5402683567229805
37020110,2.242268662442505
37020111,0.30991135209332094
36983328,0.6046648527209799
36983330,0.5740042790097958
36983332,0.4965918485480134
36983334,0.10588328826503067
36983335,0.27161378082559445
36983336,0.5002012557423994
36983337,0.28356075825400867
36989578,0.033478891793665005
36989581,0.03129177147362311
36989582,0.034749863667779296
37011668,0.0651110248069506
37011669,0.04942716996169881
37011670,0.0379488243517183
37011671,0.03833566777512409
37011672,0.05595088792753911
37011673,0.03824151668998426
37011674,0.03818669739832023
37010138,0.1956182622631438
37010139,0.19182267496454627
37010140,0.25722790525864797
37010141,0.26398424323108644
37016165,0.2732860164193098
37016166,0.2405265624227968
37016167,0.2415321527240582
37016168,0.23245419021906483
37008156,0.2876583669960054
37008157,0.24581242064286618
37008158,0.27449378857341333
37008159,0.3017013390911966
37008160,1.0057411701842378
37008161,0.24130468746113404
37008162,0.3743959528851303
36971961,0.1653341600175707
36971962,0.66261025548354
36971963,0.16528148679722815
36971964,0.5504805727595193
36971965,0.5439206172286036
36971967,0.38795563599934374
36971970,0.1619623826689946
37009584,0.15090892432469868
37009585,0.11680302298113543
37009586,0.153439129795684
37009587,0.09959035869716056
37009588,0.1256812514384857
37009589,0.09845637805013459
37009590,0.1413717037535941
37009592,0.12704151419608647
36969889,0.0681050444505976
36969890,0.12959138807332335
36969892,0.1479807450023852
36969893,0.12224033004681555
36969894,0.251627668204999
36969895,0.08762987871127693
36969896,0.08197818607426587
36969897,0.0970061004794288
36969898,0.3015779464635386
36955337,0.16607375017380782
36955338,0.14204763885025518
36955339,0.12796322540514424
36955340,0.1384595886483777
36955341,0.17868301834723452
36955342,0.20028076016721447
36955343,0.21103042796309765
36965053,0.13794560151933352
36965054,0.141407492650699
36965055,0.12580025621554533
36965056,0.1695240513428364
36965057,0.15564294160472117
36965058,0.1483252231694457
36965059,0.18164897904556596
36965060,0.16990053391523455
36966403,0.2797158483256308
36966404,0.11462254563722743
36966405,0.09946838172525983
36966406,0.12764762723765916
36966408,0.24549714340471393
36966409,0.14887061524613124
36966410,0.2628476803942467
36966411,0.36086530391256255
36966412,0.21626047578859475
37007237,0.21796780526034493
37007238,0.18111290096638313
37007239,0.152036245916837
37007240,0.22256942344402358
37007241,0.15437406590699437
37007242,0.18578585278338813
37007244,0.2116270559511373
37007245,0.18041409905470085
37019166,0.13936414894923346
37019167,0.13136986224536537
37019168,0.18769880516661575
37019169,0.15910329979795987
37020533,0.36671794542856784
37020536,0.7141350460203977
37020538,0.34102952777021867
36979196,0.1609113573189338
36979197,0.17724956603306682
36979198,0.11966122924621159
36979199,0.13209338077907704
36979200,0.7125448945253297
36979201,0.18089360223276818
36979202,0.7879526388751079
36979203,0.7895499526098365
36979204,0.13478407980654958
36979205,0.22791624307053826
36989706,0.07352896427553408
36989708,0.0626077866890475
36989709,0.24388111532966705
36989712,0.22510337395618565
36989713,0.27444643377240785
37022708,0.06538901222944975
37022709,0.07727052597623063
37022710,0.08468802539952691
37022711,0.06414707544471898
37022712,0.07617934898072722
37022714,0.08398761545345247
37007063,0.13403660933389402
37007064,0.10282891850524581
37007066,0.13115038396268175
37019246,0.11446606059205125
37019247,0.13138022867649746
37019248,0.12762875343795757
37024461,0.19710712246831108
37024463,0.21040267287042325
37021919,0.12760104389667923
37021920,0.320087900895047
37021921,0.434562342683125
37019887,0.26211561361342284
37019888,0.11858460389308724
37019889,0.11275851381742459
37019892,0.10387109741004096
37017867,0.2893430967386229
37017871,0.3083168302156163
37017872,0.8533616729833777
37017874,0.35167242804997456
36971882,0.16255937589323521
36971884,0.09371762673616113
36971885,0.12856409609505495
36971886,0.15083465862889753
36971888,0.09390467001850449
36971889,0.11944519733071718
36971890,0.17431056004430653
37019602,0.10220247586997427
37019603,0.12318088758377892
37019604,0.10811144232971162
37019605,0.12503430811043884
37019606,0.12137312889327223
37019608,0.10759403068621977
37019610,0.12291900984706589
37019611,0.11517362047063937
37024443,0.17309066104988577
37024444,0.1556311721034428
37024446,0.10079563170677837
37020006,0.08912064265954196
37012693,0.08273550946014802
37012696,0.1102883032199365
37012698,0.08901052763020194
37017132,0.11940631092172592
37017133,0.06483509704792237
37017134,0.10709781902634709
37017137,0.042405587774264474
37017138,0.17269505784343303
37021187,0.11015103659877544
37021188,0.11128805271030746
37023190,0.13144433898894917
37023191,0.1302760094802965
37023194,0.1194428513386727
37023196,0.12246262347398547
37018069,0.18720594661036916
37018070,0.16395497740646825
37018071,0.32396134405770893
37018072,0.13283013712817926
37018073,0.13169018023248183
37018074,0.12466286062523356
37018076,0.10209578302515508
37013561,0.0779677253176584
37013562,0.07871847771538494
36977432,0.051758318181526056
36977438,0.056678694099565344
36966413,0.3533209206923848
36966415,0.20364199285025994
36966417,0.15346057221328852
36966418,0.3467460414639337
36966419,0.20486427928021184
36966420,0.11487710586481761
36966421,0.3333456596552068
36967831,0.17485041989716038
36967832,0.1844182100694177
36967834,0.18942548905556153
36967835,0.5274618574462521
36967837,0.9750677427429663
36967838,0.21616165610312874
36967839,0.2488611265644072
36987630,0.23775558383139445
36987631,0.24848043460096655
36987632,0.18616083042435538
36987634,0.22984525736119016
36971512,0.27217908230554744
36971513,0.12882640544020174
36971514,0.15735767222255004
36971515,0.15316976640456714
36971516,0.2902147261848988
36971517,0.22342003284022932
36971518,0.12732986044425834
36971519,0.17118962063678822
36971520,0.12948389904884788
37020637,0.19995544707609286
37020639,0.17831465258970586
37020643,0.33182238432068095
37020645,0.5737256755956817
37019292,0.23952372922722187
37019293,0.13574593274267038
37019295,0.09286036932490685
37019297,0.09890881566479193
37019298,0.8075054345487892
37019299,1.5832613450436652
37019300,0.4673926581234225
37023316,0.17266632920534478
37023318,0.16018809762178987
37023319,0.14831237016149199
37023320,0.18324764675396102
36982068,0.20733513017351973
36982070,0.1506492678965869
36965530,0.20863634439946763
36965531,0.12008879975779128
36965533,0.10772274775504705
36965535,0.1071638430147944
36992492,0.1871540235863547
36992493,0.11877034311014316
36992495,0.12615240530914001
36992496,0.10758443506357945
36992497,0.17811746787032381
36992498,0.7583074487067158
36992499,0.062269414537518844
36992500,0.1712951834747422
36955891,0.41280817052680757
36955892,0.5428791318323232
36955893,0.35507597364395116
36955894,0.09169484671153283
36955895,0.4069744025170136
36955897,0.12615100856357772
36955899,0.642387340428479
36955900,0.304472544792994
37009145,0.031020663341620278
37009147,0.030141913429819013
37023593,0.12586992651864615
37023594,0.1491521566699932
37023595,0.1424715585166654
37023598,0.1524403221477126
37023599,0.11753713326506553
37006844,0.08325868515630376
37006845,0.10790825145587701
37006846,0.0679328581883977
37006847,0.12897872746533717
37006850,0.06395554499470883
37006851,0.16458981262759798
37006852,0.5751168679645868
37006853,0.23661678157180557
43429364,0.30773304956372766
43429365,0.9435347789810752
43429366,0.12277566603379385
43429367,0.31265821851527126
43429368,0.0920996270066673
43429369,0.6712098836267407
43429370,0.2965515293238077
43429371,0.32657043860198637
43429372,0.27577478430304403
36987202,0.2053757236094947
36987203,0.1358722839282438
36987205,0.1243110679724756
36987206,0.2498973715173958
36987207,0.1480055554115199
36987208,0.22477903105873456
36987209,0.12111304194767686
36987210,0.15219918501264088
36997451,0.5226707217028979
36997453,0.08974722195572749
36997454,0.14524433272966616
36997455,0.12847901455299207
36997456,0.49547979834244094
36997457,0.1567306776490263
36997458,0.21265515927055886
36992863,0.23578457271543435
36992868,0.21634571284422716
36992869,0.1799407382119966
36992871,0.15856128318122625
36982507,0.6653712632360621
36982508,0.33726496549460405
36982509,0.18315019584267905
36982510,0.1492467354355132
36982511,0.6422472984995599
36982512,0.17060583642418856
36982513,0.16528804003668063
36982514,0.5710916803775576
36983338,0.30511380699532603
36983339,0.11127483476992008
36983341,0.4777386172100378
36983342,0.267804082836565
36983343,1.3382981776652794
36983344,0.2784232686643414
36983345,0.4459561177796343
36982789,0.12407147048707955
36982790,0.1579608511236296
36982793,0.12867476640318393
36982795,0.1648341850671101
37015028,1.3626022541786278
37015032,0.2149595638755102
37015034,0.44249564852829887
36982599,0.22064243718913426
36982600,0.34140267799972457
36982601,0.21281416303804687
36982603,0.23442205318647302
36982605,0.23736444919838776
36982607,0.30010113941336564
43420676,0.15291182453991062
43420677,0.3249900373016392
43420678,0.4405739720048116
43420679,0.23150706129577575
43420680,0.34805519461979734
43420681,0.19522602873585493
43420682,0.8301194176033784
36988552,0.11069183739627175
36988555,0.14299053993867994
36988556,0.13143307807028543
36988557,0.4390930604311224
36988560,0.11195550078991788
36972005,0.091038033603006
36972006,0.3053352522658911
36972007,0.14331396060548576
36972009,0.09244999444884945
36972010,0.1022663132136403
36972011,0.31195037270567716
36972013,0.10780205219100662
36987008,0.25646439306992924
36987010,0.10430826669258335
36987011,0.8371964761074676
36987012,0.3522213374849417
36987013,0.8607623773304284
36987014,0.11927883624140506
36987015,0.21010361152970689
36987016,0.34098222304730263
36987017,0.09416671981045198
36992272,0.19965205138585013
36992273,0.3269406231083824
36992274,0.2257555201164558
36992275,0.23640779995475278
36992276,0.24697615910246382
36992277,0.23660222753339397
36992278,0.1501025440418151
36992279,0.5844389697018542
36992280,0.22180103463828718
36992281,0.10886058586531142
37007524,1.0715783978966973
37007529,0.4764656564832843
36984853,0.13947349383336716
36984855,0.41821653805309755
36984859,0.3579932047219753
36993914,0.17992419047160932
36993916,0.07886387750277175
36993917,0.18036190138198469
36993919,0.1770897543701519
36993920,0.4949635136191127
36993922,0.2399243267407069
36993923,1.7160916853342665
37022609,0.09968425541086605
37022612,0.11714363701143318
37022613,0.13664010085675454
37022614,0.1369204083530256
36981331,1.0377051631729224
36981332,1.0412264144931072
36981333,0.2610192618587444
36981334,1.1082667489648035
36981336,1.1386046586593541
36981337,0.15334937073467053
36981338,0.24490681488228824
36981339,0.1542308981708907
36981340,0.2321161726241737
36965988,0.08279991413377609
36965989,0.09925626628163361
36965990,0.11290558201535292
36965991,0.14522945729689118
36965993,0.09081596044943178
36965994,0.12138758592327166
36965995,0.11111017164131123
36965996,0.09468209860336105
36965997,0.09097413453499571
36960471,0.11851955195526857
36960472,0.11671723048999391
36960473,0.08193805441000855
36960475,0.11338115538538358
37021193,0.14786414352892435
37021196,0.17696452109314503
37021199,0.1712202430300122
37021201,0.14984637757710526
37020409,1.619245018178785
37020411,0.14885629762018515
37020413,0.29044895496998796
37020414,0.2733133997852857
37020417,0.09142677182907723
36992442,0.052061389218004114
36992443,0.5307768989220624
36992444,0.08927761059596195
36992445,0.04602270535151647
36992446,0.22824595537405365
36992447,0.054431558517325326
36992448,0.19106067373822613
36992449,0.1423968108525887
36992450,0.06827438224459924
36992451,0.21798305787673303
37010033,0.03500507928445544
37010034,0.6362271567451265
37010035,0.05367248802830899
37010036,0.06806919165402096
37010037,0.055394039520582805
37010038,0.22642428757528799
37022894,0.15220643219078903
37022895,0.07781319439361403
37022896,0.07800169221294045
36980563,0.17949098159619578
36980564,0.15508172178097196
36980565,0.08927487343084037
36980566,0.1665471057569653
36980567,0.16883644869288392
36980568,0.16711304392659426
36980569,0.26012609048141316
36980570,0.18614978036547644
36980571,0.11891144644949157
36974945,0.04554241772430188
36974947,0.1241048406604987
36981401,0.07221018142236435
36981402,0.07851610356807989
36981403,0.14632724869953595
36981404,0.09074289960242772
36981405,0.06736362737359702
36981406,0.2595686051347004
36981407,0.17555316615324332
36981409,0.09992998805763391
36981410,0.0753354181138382
36997575,0.04779034231680443
36997576,0.04393784695189156
37021788,0.22874888314213543
37021789,0.2271694893682004
37021790,0.15941381995757647
37021791,0.3287382428057818
37021792,0.4004157030610696
37021793,0.3006840596878964
37021794,0.2634922853525352
37021795,0.3351095272943684
37021796,0.16785303363067516
36980498,0.1890758103853969
36980499,0.1278364636345479
36980500,0.07851631847898297
36980501,0.18652916515772322
36980502,0.09278254368834576
36980503,0.15631607400299768
36980504,0.08045887735157903
36980505,0.06398402410369092
36980506,0.20923039698603382
36980507,0.16390510913599182
36976750,0.6050592820831261
36976752,0.6462225638729022
36976753,0.11851092001646206
36976754,0.19508314503074747
36976755,0.49605700735085906
36976756,0.38423616324753856
36976757,0.479025018308801
36973121,0.08028674158629022
36973122,0.09498226814492886
36973123,0.09633349620994898
36973125,0.09572965117394211
36973126,0.08659967157439595
36973128,0.08341224765140202
36973129,0.11389489754794617
36958801,0.23341070169352424
36958802,0.1853214023183016
36958804,0.23706755700578352
36958805,0.17538123712476794
36958806,0.1623004587096917
36958807,0.1943301241318884
36958808,0.14517018289397532
36958809,0.18830675392576268
36983065,0.2807268920211574
36983067,0.22042976760423288
36983068,0.5726023148055578
36983069,0.2939209167285245
36983070,0.730735801822136
36983071,0.6160239436279709
36983073,0.4903341598915127
36971717,0.18609102741888356
36971718,0.15942063800530448
36971720,0.16303047593147796
36971721,0.22041901808499945
36971722,0.19890257433622813
36971723,0.16384363023146475
36971724,0.2283916413073188
37015157,0.22539348092769687
37015158,0.5231822264572936
37015159,0.21743225212289052
37015160,0.21373414471434818
37015161,0.4120445653474397
37015162,0.2907062048731863
37015163,0.49455361062106984
37015164,0.14107480535849973
37015165,0.14016267968330487
37015166,0.24774952396823588
37006643,0.2507403640828455
37006645,0.34393425118797144
37006646,0.2786316762459152
37006647,0.29368813317323206
37006648,0.29294225565109283
37006649,0.2189786009337299
37006650,0.2797471895855951
37006651,0.15623238326790273
37017712,0.06303529164336563
37017715,0.46914539222989415
37017716,0.11510438854789524
37017717,0.12767876860620284
37017719,0.4178509897102804
37017720,0.04846637054267309
37018729,0.11912965281218273
37019664,0.13297294056775008
37019665,0.36078050043062654
37019666,0.1713081057954962
37019667,0.4250863349547158
37019668,0.1765540679245713
37019669,0.37871660485179476
37019671,0.13365002528301506
37023584,0.09877123000594192
37023585,0.3985189986391983
37022389,0.3003242094678659
37022390,0.1610874949048429
37022392,0.22795441852729145
37022393,0.11131695971738952
37022394,0.13792416655558698
37021904,0.07740094839938381
37021906,0.09723354104795796
37021907,0.10114726769988305
37021908,0.10331258632328763
37018303,0.10564544148240501
37018304,0.14635481098103542
37018305,0.3851456271314282
37018307,0.19113490185327775
37018308,0.11063571605452165
37020365,0.10845719157159098
37020366,0.964113026955033
37020368,0.2624830340909028
37020369,0.934578169227102
37020370,0.07952661360086874
37019076,0.21316763377307163
37019078,0.3227953791954707
37022221,0.39331754520916573
37022222,0.16869625641550548
37022223,0.23354774674637083
37022224,0.3870910338501081
37022225,0.18566965124619658
37022227,0.25247881079743606
37022228,0.2527837096717501
37024366,0.09224410180234587
37024367,0.09148766339013426
36979439,0.21797205545699236
36979440,0.3117782055200656
36979441,0.1708266937087857
36979442,0.22110892648201205
36979443,0.23970423378247083
36979444,0.1926128899962573
36979445,0.2529453730432761
36979446,0.30258476397345757
36979447,0.3293651226876235
36982317,0.11693157616780012
36982321,0.12014833483768196
36968104,0.2844698857513578
36968105,0.3292777898958544
36968106,1.6804239965558063
36968107,0.35351334309059484
36968108,3.3127905361580363
36968109,1.0897562877510591
36968110,0.6601497610570078
36968111,0.6560218666616313
36968112,0.16136191065717664
36968113,0.7638345454562646
36977811,0.11478497313498665
36977812,0.11958004895965696
36977814,0.0678580974062297
36977815,0.179380684088029
36977816,0.06484745197118506
36977817,0.2090838850394321
36977818,0.08879405244463875
37023928,0.16859216302036473
37023929,0.28590394247234496
37023930,0.1820531183568679
37019982,0.1038424342746621
37019984,0.0684058270724137
37019989,0.08073362860731657
37008564,0.2459451429976188
37008565,0.8522127566700084
37008567,0.8949416436485262
37008568,0.10331586307466359
37008569,0.18662561781167467
37008570,0.09899635306943128
37008571,0.244604800609656
37015577,0.06414525603406293
37015578,0.13959830318657793
37015579,0.10954558643985757
37015580,0.19738631986805263
37015581,0.20725193926894428
37015582,0.07859877297544848
37015131,0.14102379717674232
37015132,0.1240958950584086
37015133,0.14395318560174933
37015134,0.17269166269133646
37015135,0.15257104149599116
37015136,0.15791168615423842
37010058,0.5255365328060968
37010059,0.1376428585718626
37010061,0.15226492460015412
37010063,0.6330492460243557
37010064,0.11288669975613415
37010065,0.3608256041631312
37010066,0.28121446107673337
36979839,0.5029839253742042
36979840,0.332733307599112
36979841,0.18283147391148627
36979842,0.2093584495878612
36979843,0.17373068807630715
36979844,0.29317417419107566
36979845,0.24855898025417447
36979846,0.22286373773985252
36979847,1.3607220931857689
36979848,0.2545508108752931
36996363,0.2914025977687968
36996364,0.14432764087718442
36996366,0.19222004851389243
36996367,0.11700286725002576
36996368,0.31694185853772733
36996369,0.13502889085993583
36996370,0.18921554068146165
36996371,0.1539380284013833
37007723,0.15719108660107023
37007725,0.2375333822826732
37007726,0.2364139803475664
37007729,0.22018636903110486
37007730,0.6587607067740872
37007731,0.17284577205149157
37014590,0.5075613774147667
37014591,0.17434835513248612
37014592,0.23337117808073718
37014593,0.1785469808979485
37014596,0.16460183027421588
37014597,1.4940972046101066
37014599,0.18305693669561246
37010097,0.09939318702282067
37010098,0.1409339714696098
37010099,0.11483677491343632
37010100,0.09428056622663332
37010102,0.13555701112603474
37010104,0.12254620435376103
37010105,0.1476501980056036
37017847,0.22816614372626223
37017849,0.22503769344188593
37017850,0.20193503884150113
37017852,0.20472988702113637
37017856,0.25287228162241066
36964824,0.1550021288139716
36964825,0.4935342073367271
36964826,0.14558684729841642
36964828,0.2770016097692742
36964829,0.15843454968611323
36964830,0.10912856541863844
36964831,0.45725871285807546
36964832,0.22139377323587606
36964833,1.687927289073708
36963615,0.13624771302613192
36963616,0.24294930561096648
36963617,0.14135728103127357
36963618,0.1593864187141009
36963619,0.25414462257105624
36963620,0.4507794493046172
36963621,0.12919083791966235
36963622,0.3083935875365055
37018322,0.08655447486166014
37018323,0.5834251202221885
37018325,0.8544851786392472
37018326,0.07376358168376443
37018327,0.15629950337080403
37018328,0.1460290964521407
37018331,0.10146404790304772
36991249,0.13670731883758588
36991251,0.318265961669385
36991252,0.14499966737331818
36991255,0.24981805844769703
36991256,0.1657250999880737
36991257,0.2084334415574834
37021855,0.5026101995231586
37021858,0.7262466750745237
37021859,0.4753180332365161
37021863,0.6821482572950476
37023322,0.23586981562567402
37023324,0.1741810634228145
37023325,1.1345052294156246
37023326,0.10576601314207909
37023328,0.12338697390157327
37023329,0.6953013115396022
36998934,0.31755020292964775
36998935,0.05630302015590828
36998936,0.08360336729599298
36998937,0.27725704646794125
36981068,0.16295963732742763
36981069,0.12412864886990287
36981070,0.3482212112170789
36981071,0.4982525706757431
36981072,0.11030648088376371
36981073,0.08296671845508984
36981074,0.19202357078649995
36981075,0.06465243161117551
36975513,0.1331065715235315
36975514,0.09398715522124361
36975515,0.4745183637305768
36975516,0.39388708963481356
36975517,0.11062543897827883
37019922,0.9698639463391242
37019923,0.3744619575702004
37019925,0.39965976560502803
37019926,0.9526359067254012
37019928,0.4328507840418562
37019929,0.37913483537262443
37019930,0.4164154159357308
36954877,0.06572220656070565
36954878,0.05497560712344675
36954879,0.0302732952724897
36954880,0.06367011794764367
36954882,0.09207425254743126
36954883,0.05476100008593889
36954884,0.2850486149656085
36954885,0.11071993723822263
36954886,0.05388437600789129
36978636,0.3745908077767331
36978637,1.3561236646543922
36978638,0.33865019861101303
36978639,0.3904276217720752
36978640,0.39785743673943413
36978642,0.30940236011738786
36978643,1.2797086058164082
36978644,0.33499728546724317
36996685,0.10026534403080692
36996686,0.17878069520590747
36996687,0.09775935565755679
36996688,0.4166151255075876
36996689,0.07636608061951398
36996690,0.3352231548399084
36996691,0.420358039986678
36996692,0.09761217503010543
37020905,0.08733671253499789
37020906,0.08968953497752323
37020908,0.07565589166731232
37020910,0.0843867763740535
37020912,0.31965576558349634
37018739,0.047551568626822846
37018740,0.0964636798575095
37018741,0.373670625570547
37018742,0.39731077930100744
37018744,0.09742571146310282
37021828,0.4750836383568446
37021830,0.1614544218735041
37021833,0.12544224325625392
37021834,0.23420173707600123
37021835,0.13743049768640458
37022114,0.25349508207757604
37022116,0.03398237167175686
37020357,0.06687338032955537
37020358,0.0672323518098906
37020359,0.06761174596312229
37020360,0.07591923732355971
37020361,0.05932306246072165
37020362,0.07339563506837252
37020363,0.1954959052706763
36984298,0.11234929846198355
36984299,0.6066010177549768
36984300,0.21961541087410288
36984301,0.28841726463646017
36984302,1.7797926250134308
36984303,0.18971423753276295
36984304,0.5603479504153103
36991559,0.45774435804081337
36991560,0.23720051128916336
36991562,0.2854118925868003
36991563,0.4546964272180872
36991564,0.6210697474681283
36991566,0.1573491883125936
36978414,1.187780505658677
36978415,0.16245453136387958
36978418,1.611051321529428
36978419,0.7435466204882153
36978421,1.1732481227447316
36978423,0.3122386486505334
36960497,0.14363390792305647
36960498,0.061714511158709
36960499,0.05406103704469217
36960500,0.0918316873476895
36960501,0.1422753830718575
36960502,0.11650562252508014
36960503,0.09443242756646474
36960504,0.556950321088614
36960505,0.147349767724458
37016367,0.13592314724385124
37016368,0.3727268922361795
37016369,0.7604693358311331
37016370,0.6006937774549489
37016371,0.3930879296920748
37016372,0.5843545478556127
37016373,0.3128548223701744
37016374,0.17532011620479077
37016375,0.10636823018026886
37016376,0.3005992923711107
36980093,0.20250502438450657
36980094,0.13776471915743596
36980096,0.07462804208520905
36980097,0.1167044013573491
36980098,0.06293934746644077
36980099,0.18225064120076093
37023931,0.19295633731595113
37023932,0.05616109692805942
37023934,0.0752713116354435
37023936,0.17118021169698053
37023937,0.1322151134395893
37023938,0.09399142113957495
37023939,0.5923276656379871
36983209,0.17262997430415172
36983210,0.17904110591089284
36983211,0.09235312005483519
36983212,0.22416594616299015
36983213,0.48486680042404534
36983215,0.28809482264827435
36983216,0.3524523227676919
36982771,0.14736429006015894
36982772,0.18606547082256897
36982773,0.3177498130403134
36982774,0.33847470480963004
36982775,0.16686684769452698
36982776,0.11279101964345507
36982777,0.3284531676269561
36982778,0.20057673037476584
36982779,0.1887699513259043
37016218,0.11780621088628593
36994332,0.06694769078865097
36994333,0.08218811401190618
36994334,0.0674323091360147
36994337,0.08516146610386788
36994338,0.09094698498560025
36992376,0.6251660647899339
36992377,0.2548132436013132
36992378,0.2728358265587825
36992379,0.3202723555180776
36992380,0.1452093931965405
36992381,0.10941931219839139
36992382,0.10824468318225851
36992383,0.31264061744336824
36992384,0.21061092352923386
36992385,0.4770216794348498
36983775,0.5535121470236878
36983777,0.3102977979771101
36983780,0.6559662832016869
43432397,0.5160538752303303
43432398,0.4164945208686495
43432399,0.2204234438107095
43432400,0.03734345666891706
43432401,0.32951831953533456
43432402,0.22360801859282972
36956161,0.1275021997480978
36956162,0.15719792864974955
36956163,0.1330028250294638
36956164,0.34940558255167553
36956165,0.21890015464707807
36956167,0.12919959957857982
36956169,0.3775231416390752
36956170,0.2204105410256434
43421644,1.546289859609752
43421645,0.11005001643567874
43421646,0.11525783679589477
43421647,0.2094106373113892
43421648,0.39717519235652343
43421649,0.3286809660995098
43421650,0.17487037826714835
43421651,0.822465598002269
43421652,0.41299462472504184
43421653,0.8813203276529645
37008032,0.15940289603444696
37008033,0.11919703503470723
37008034,0.14588145083689533
37008035,0.2364479132688285
37008036,0.2254593737223996
37008037,0.1503645968245122
37008038,0.24129528036719464
37008039,0.33563630910757053
36976734,0.2553103803986337
36976735,0.20304541510305976
36976736,0.21308559284170492
36976737,0.1367544266442144
36976738,0.21827096490215647
36976739,0.2638127207580958
36976740,0.0814275670647657
36976741,0.21486330367814713
36977115,0.1092685537805428
36977116,0.12230803571803699
36977118,0.09820938664727151
36977119,0.12637469304227048
36977121,0.09314411575209844
36977122,0.37455314320614946
36962442,0.10567198033484228
36962443,0.1189586814258135
36962444,0.3036873433701006
36962445,0.09154829626916755
36962446,0.10503900091227715
36962447,0.11921848609670221
36962448,0.2328447082275036
36962449,0.06965935206517293
36962450,0.07699875555951453
36960856,0.22963123614819253
36960857,0.2906792795536888
36960858,0.22736039498623145
36960859,0.9702009968405806
36960860,0.31991032758481347
36960861,0.47998197844053686
36960862,0.2463473685862141
36960863,0.17300481106220245
36960864,0.22129300922739134
36960865,0.20057575744743017
36976469,0.2278469375542091
36976470,0.16087853677427777
36976471,0.16653381368997497
36976472,0.1433037567198326
36976473,0.16318612117150402
36976474,0.24338338597282672
36976475,0.18457103024981555
36976476,0.3286084462889476
36976477,0.2410302969148744
36976478,0.3642974989123674
36972281,0.24704212843420403
36972282,0.26173979688382
36972283,0.16330793793428416
36972284,0.05773569192874484
36972285,0.09699769573600955
36972286,0.03802459946799632
36972287,0.07676206995264079
36972288,0.04183586321782839
36972289,0.0332888876310907
36972290,0.05209445880515078
36988271,0.24514335438968252
36988272,0.13413391346671877
36988273,0.0960599060980895
36988274,0.08782721680882938
36988275,0.08408591382048927
36988276,0.0879423981043375
36988277,0.09004829124161969
36988278,0.10333477707585033
37021970,0.16669618925608679
37021972,0.14646996887892524
37021973,0.2613271037248959
37021975,0.41328259270157564
37021977,0.2866908490168174
36966900,0.16454401201263308
36966901,0.24768490551107367
36966903,0.15461069095488475
36966905,0.22314431996073403
36966906,0.15224518000072124
36966907,1.1619340701552467
36986574,0.4355067915887554
36986576,0.2361017214101285
36986578,0.5468134020979587
36986579,0.3683927879283624
36986580,0.39498810372684556
36984157,0.1169761859839311
36984158,0.10856782424223316
36984159,0.10808779207122818
36984160,0.0764495429971066
36984161,0.0897538197116998
36984162,0.10630102488120874
36984163,0.07359994265343006
36997728,0.08762362496998047
36997729,0.08939205102313133
36997730,0.08621059757165637
36997731,0.08794822673401456
36962871,0.08259864968878952
36962872,0.09729145653336317
36962873,0.08426061463892677
36962874,0.08566047735282505
36962875,0.09300171513342377
36962876,0.10353630348212471
36962877,0.09560618663961513
36962878,0.09809850134870042
37018599,0.16658476268039957
37018600,0.16869509683217204
37018601,0.24795840462671337
37018602,0.11984227617284304
37018604,0.272362223848029
37018605,0.20274805613287664
37018606,0.6432700814630161
37018607,0.3326743577108902
36972367,0.09700640756016463
36972368,0.11528775687281646
36972369,0.05674031606141862
36972370,0.19680809086224002
36972371,0.09089106473684119
36972372,0.10978670577478408
36972373,0.36586184109110115
36972374,0.7918012328542539
36967823,0.10500539787489596
36967824,1.4835152162091012
36967825,0.1667933989114304
36967826,0.05909672897892476
36967827,0.13822393346097828
36967828,0.055917190327877876
36967829,0.3933917247154887
36967830,0.10559274262889336
37017476,0.48945527071115424
37017477,0.6772065003276869
37017478,0.2559244818395314
37017479,0.24747706898702898
37017480,0.18343068212063854
37017481,0.5744774111518912
37017482,0.3471292259092238
37017483,0.4488711946501181
36960705,0.12447196771605751
36960706,0.07237056733422825
36960707,0.18580732973175831
36960708,0.12888737368555442
36960709,0.11734209048120313
36960710,0.11984049245117712
36960711,0.06956539844852082
36960712,0.11768458608250765
37020595,0.13214387461925378
37020596,0.15428821515323818
37020597,0.07867685201064116
37020598,0.09098291815687816
37020600,0.6724556051109459
37020601,0.16116610424479788
37020602,0.075916615016353
37019478,0.13046803941514287
37019479,0.658639137359162
37019480,0.220205387846742
37019481,0.1667785127298563
37019482,0.16694623342531872
37019483,0.07580029395092158
37019484,0.0984489619912489
37019485,0.22973517999877177
37019486,0.09439281608582276
36993904,0.0898150676831316
36993905,0.08901952179661533
36993907,0.1619804443154908
36993908,0.6078396519395035
36993911,0.07607432289496965
36993912,0.1292185643261267
36993913,0.15328806007297668
36957454,0.3021164656707473
36957455,0.3036314113094531
36957456,0.2800932494036412
36957457,0.3053801605758509
36957458,0.25312589137835323
36957460,0.27070938609587697
36957461,0.29740150880493055
36957462,0.27504142093107786
36995471,0.22279855488208303
36995473,0.1838196492477217
36995474,0.5604636612675474
36995475,0.22368947220771065
36995476,0.1520678743536656
36995477,0.8088227385985389
36995478,0.3409728811371278
36971395,0.09395870986536693
36971396,0.050435268778172546
36971397,0.09378718357555943
36971398,0.2628367724456968
36971399,0.09968277803451236
36971400,0.14526266750966557
36971401,0.08250365168051155
36971402,0.06488611256588722
36971403,0.2959817988557144
36971404,0.04361876638252948
37010604,0.1269277552270287
37010607,0.12653029382395947
37019520,0.6441106106776509
37019521,0.1500916968849524
37019522,0.07569046672999685
37019523,0.83736527743026
37019524,0.7224959548033699
37019525,0.5303220618413668
37019526,0.06761171852337843
37019527,0.47174268654158025
37019528,0.08967163851769358
37019529,0.12601502802116335
37017808,0.06448683484630412
37017809,0.5642549639234011
37017810,1.178945915572579
37017811,0.6215419164120317
37017815,0.06437831811409551
36961195,0.2686872258409151
36961196,0.19408308275507505
36961197,0.16755975752363722
36961198,0.08307383252666443
36961199,0.8348744502151401
36961200,0.050026344048739915
36961201,0.3937149002263889
36961202,0.3711660818022433
36961203,0.048977678465866314
37023124,0.11179395035259053
37023129,0.06284368705125899
37023130,0.1276775977995369
37023131,0.11131848726316566
37020859,0.057828932775511224
37020861,0.058301419424223365
37020863,0.05980315131377715
36970512,0.05287895778224938
36970513,0.8314349345843898
36970516,0.650125394922111
36970517,0.5690735556725186
36970518,0.04684524132646424
36970519,0.05919281719842325
37024313,0.10464540546866835
36974706,0.06147104805655545
36974709,0.05167936768033244
36974710,0.09487941740547895
36974712,1.0267975585515268
36974713,0.04826341004868262
36974714,1.1248829390834993
36964844,0.24378954854406001
36964845,0.25110287323218955
36964846,0.28849999688037564
36964847,0.07111897477526881
36964848,0.27834686599880265
36964850,0.22664030923517714
36964851,0.37595329966551844
37019190,0.12657422480429376
37019192,0.12030028830558404
37019194,0.08500391393272386
37019197,0.15285231511367384
36990083,0.09081917207270002
36990084,0.06602239115850095
36990085,0.15843276599650674
36990086,0.15343022875675408
36990087,0.09037674286404822
36990088,0.11725552332194632
36990089,0.11546766844825605
36990090,0.19003395057353978
36994369,0.16686304574224525
36994370,0.10075736793882124
36994371,0.1787890298786451
36994372,0.1457457515480204
36994373,0.37514306839901007
36994374,0.8512484549782845
36994375,0.47308163816778176
36994376,0.1660681780268466
36977199,0.23128040081476572
36977200,0.14838332098381685
36977201,0.1965866425112322
36977203,0.297761130552903
36977204,0.16301731938763864
36977205,0.17206933717871314
36977206,0.30051881942014075
36977207,0.16995472272595408
36977208,0.16258257536562673
36965282,0.739383411400952
36965285,0.49231939703485245
36965286,0.20960823454670782
36965288,0.2743656335123825
36965290,0.1742594133698296
36967411,0.20548374120773613
36967412,0.14586703324152275
36967413,0.1647073754564552
36967414,0.10933883640019407
36967415,1.3033779536029655
36967416,0.24856855202010053
36967417,0.1738804860606878
36967418,0.1293671078922578
36986062,0.1218139271415624
36986063,0.1276759428190454
36986064,0.23466861460412464
36986065,0.25430521809203777
36986066,0.16181612478248264
36986067,0.26741504342880906
36986068,0.18317533185911827
36986069,0.14199833190370612
36986070,0.16865322807525243
36986071,0.14071585037484224
36964321,0.09770733083763922
36964323,0.1605047113313735
36963522,0.40995778198115534
36963523,0.5384207950238883
36963524,0.2509821028274899
36963525,0.30911177969341624
36963526,0.2755525170245783
36963527,0.2292455176441789
36963528,0.16483613206418274
36963529,0.22695349887428848
36963530,0.33177214459433724
37008589,0.2319400707603173
37008590,0.40487521789693537
37008591,0.2175170567110035
37008592,0.16559211919478214
37008593,0.16255467493713427
37008594,0.15502813451460487
37008595,0.14626219933784487
37008596,0.1705044925033129
36985581,0.04480929408744528
36985583,0.10290216397054894
36985584,0.12307492247332151
36985587,0.05905588169714292
36985588,0.034834512745592294
36985589,0.04280886461903511
37007276,0.09680834785204334
37007277,0.0869979084413624
37007278,0.12608881275422965
37007279,0.3786332965083015
37007280,0.12002807127569003
37007281,0.20166638946851825
37007282,0.126080253601588
36980647,0.1027707351474514
36980648,0.10694519644297376
36980649,0.10836028519332264
36980650,0.3683869317508441
36980651,0.11081122497385147
36980652,0.09712669780391396
36980653,0.08789410893538707
36980655,0.09087557112005128
36980656,0.09877295711875636
36985423,0.07437095549172647
36985424,0.2808648526836446
36985425,1.9097350234233612
36985426,0.5231464118465414
36985427,0.26907595715845095
36985428,0.32275558034425544
36985429,0.1043085618689994
36985430,0.1578089459080468
36978699,0.14079054502988272
36978700,0.2128926473095469
36978701,0.3240579875294939
36978702,0.6544849969351627
36978703,0.09692622024339205
36978704,0.4840099662844002
36978705,0.12971418517754718
36978706,0.11486779574043146
36978707,0.6539810066585576
36978708,0.8842188562778411
36967182,0.21826088089551812
36967183,0.3193058614371219
36967184,0.23931412325286824
36967185,0.1104118689053268
36967186,0.21135718012349508
36967188,0.1059979490277618
36969047,0.3384447980710602
36969048,0.189675640723174
36969049,0.2676874929509937
36969050,0.1801408512345948
36969051,0.915661709521345
36969052,0.29571226203251766
36958532,0.3196309522778641
36958533,0.3006464321144109
36958534,0.12125515838836844
36958535,0.12305400919835252
36958536,0.13824629110804174
36958537,0.35120552022394413
36958538,0.08821917422567582
36958539,0.2549286614198191
36958504,0.18293220182614772
36958505,0.27666366530466796
36958506,1.032642930824708
36958507,0.5716805947579251
36958508,0.5178396126895295
36958509,0.9730542998696876
36958510,0.3611047834754973
36958511,0.4149022942706887
36958512,0.3312525468956535
36982983,0.0959499962142174
36982984,0.040728221744612436
36982985,0.04581021714218667
36982986,0.059859951381053024
36982988,0.09474331573042764
36982989,0.06943489906251267
36982992,0.049027582052237936
37019788,0.14988799344121762
37019789,0.7048562664391883
37019790,0.9232791693554976
37019791,0.7750960622976972
37019793,0.1520569170681019
37019794,0.735841654064917
36968418,0.1850479732748338
36968420,0.12917360427517224
36968423,0.1089516616320156
36968424,0.25426279700771787
36968425,0.581597962569008
36965167,0.13177057258622324
36965172,0.14788967104139505
36965173,0.09209163795512823
36965174,0.15045676082182702
36965175,0.07706061096019155
36965176,0.1261612734793529
36967774,0.04087557900813025
36967775,0.045872726220036866
36967776,0.043693105692507055
36967777,0.04913223323497225
36967778,0.04482261222504333
36967779,0.04900447096375285
37020580,0.44310980801282446
37020581,0.1920770352739332
37020582,0.48909818170356534
37020584,0.17366489206520755
37020585,0.28742787071316955
37020586,0.17899811820768374
37020588,0.21353218623528517
37020589,0.12671306290474135
37008026,0.13601170909914528
37008027,0.12384400904320904
37008028,0.13538321116112736
37008030,0.13616769511690774
37008031,0.11908058368170026
36983058,0.8528123334941446
36983059,0.9345999433693052
36983060,0.6711668113822034
36983062,0.7425375175651991
36983064,0.7714040805972314
37020481,0.2833628805648559
37020482,0.21534861727005045
37020483,0.2250847387200966
37020484,0.24732401851112637
37020793,0.05763391919353306
37020794,0.13612280674480948
37020795,0.11787830605263637
37020797,0.8041859814001682
37020798,0.16322251757720913
37020799,0.9184428735334285
37020800,0.09402944983098172
37020801,1.074702141040339
37020802,0.9346426037757705
36970813,0.2933551252386407
36970814,0.11541952604225364
36970815,0.0952981246551922
36970816,0.264165377086469
36970817,0.3778219686298001
36970818,0.27661552094411324
36970819,0.38495358637670296
36970820,0.404444348162958
36970821,0.33087091690764786
36970822,0.310259078538206
36979734,0.1759667208147726
36979735,0.17382641423805814
36979736,0.17605864130134521
36979737,0.2565921236914214
36979738,0.22043748825343615
36979739,0.2295128125334439
36959871,0.09653938850497486
36959872,0.16550815373030583
36959874,0.14035290333941586
36959875,0.08763456997245032
36959876,0.9258832387088888
36959877,0.05423008826729196
36959878,0.9564044534859331
36959880,0.05565814447736508
36957745,0.12050936029095101
36957746,1.0588987342619842
36957747,0.18519937426385025
36957748,0.1336518124851971
36957750,0.13967096541842014
36957751,1.0339033939287936
36988306,0.10902532048577425
36988307,0.10625837225820516
36988308,0.18979536183065845
36988309,0.055304845720959006
36988310,0.11180070269044881
36988311,0.2000712560059369
36988312,0.10317132740759913
36988313,0.15275917574474243
36988314,0.20051651342310206
36988315,0.22107062667860508
36957373,0.45268783435888066
36957374,0.44564319124408347
36957375,0.3460047542728317
36957376,0.32807177342501276
36957377,0.33730668351407345
36957378,0.2618238300033544
36957379,0.5459603489953895
36957380,0.6124934257234974
36957381,0.33755600031255373
36957382,0.32371526627550073
43432734,0.17125202543478357
43432735,0.13565475164777596
43432736,0.17552285728103495
43432737,0.17754580309403464
43432738,0.11827012234553301
43432740,0.11715118024306496
43432741,0.3763043973572845
36961797,0.07094156691024067
36961798,0.33726644267602696
36961799,0.07527867900940609
36961800,0.24291122567566567
36961801,0.19975993043578222
36961802,0.08480392424373506
36961803,0.22624853908160958
36961804,0.12416627804602472
36961805,0.9829801958256471
37020832,0.17251832583493992
37020833,0.14073514441311905
37020835,0.15923610096934865
37020836,0.15170639123429738
37020837,0.23956025738121237
37020838,0.7161493581102368
36993981,0.384398429418365
36993982,0.06494303339828678
36993983,0.07178318106604502
36993984,0.0704257928874325
36993985,0.07563556802503286
36993987,0.7806918521118876
36993988,0.07397672001970668
36993989,0.058245153071488746
36993990,0.06632691130269483
37022214,0.13913631320275138
37022216,0.08530500782137919
37022218,0.10956905740049391
37022219,0.10482979813546993
37021245,0.07163138810602263
37021246,0.5221433202596576
37021247,0.5337907756306156
37021248,0.1681544690449757
37021249,0.3842423956693056
37021250,0.5844122721986919
37021251,0.20525463135192015
37021252,0.45301935756708944
37021253,1.0477971369894368
37021254,0.22521490904380945
37023370,0.10352705198936504
37023371,0.13918455290021778
37023373,0.33202100269704393
37023374,0.2082264372454871
37023375,0.593991019080565
37023376,0.2565611113197383
37023377,0.1762244601768495
37023378,0.31065480965751235
37023215,0.19297676813858183
37023217,0.13729912666138555
37023218,0.2310458835395709
37023219,0.16275954714647559
37023220,0.08927732566785312
37023221,0.08985414594423648
37023223,0.16939369039713306
37023224,0.12834461775663716
37014148,0.6500374105987863
37014149,0.3180008941964568
37014150,0.5044671709975411
37014151,0.5893287257496828
37014152,0.12888946834845555
37014153,0.24478165951809772
37014154,0.516937241494408
37014155,0.40947378804005524
37014156,0.18340171507351105
37014157,0.13847552462315432
37015173,0.6303385671795558
37015174,0.1336257902368822
37015175,0.8734803469539423
37015176,0.2497521525732769
37015177,0.2508628844182004
37015178,0.10387791315405291
37015179,0.1636009280438701
37015180,0.1247076093962096
37015181,0.19387810200754607
37015182,0.19545787093566244
36987280,0.09136978530627989
36987282,0.09238964958399996
36987283,0.14956998269737617
36987284,0.09423449658837188
36987285,0.0833495613972803
36987286,0.11475967939621873
36987287,0.0874147899994412
36987288,0.09924676896441745
36987289,0.10079350662567067
36958990,0.19964625498276398
36958991,0.11395068251786171
36958992,1.420630580807701
36958993,0.23313305740097587
36958994,0.3111368415487249
36958995,0.14091443814681837
36958996,0.12352754367320773
36958997,0.3161699362841649
36958998,0.30322114520836846
36955362,0.055179524291588566
36955363,0.05820270940209545
36955364,0.04886245609087297
36955365,0.07723614909644282
36955366,0.04889040124433991
36955367,0.056595329279806955
36955368,0.09508832113992408
36955369,0.04729450339112445
36960922,0.1602757341015133
36960923,0.07740440202941538
36960924,0.05242170127440921
36960925,0.10743527817807279
36960926,0.1500175334423612
36960927,0.07433173721815459
36960928,0.1333081606236902
36960929,0.06075222059920998
36960930,0.0712169183179034
36960931,0.29827878544958747
37021760,0.5783356961971113
37021762,0.06526979921907536
37021763,0.1907446180897018
37021764,0.11533652527041041
37021765,0.06577458616206776
37021767,0.13461818132908718
36986923,0.07779779844132749
36986924,0.15167069431425217
36986926,0.3132674895860714
36986927,0.04908941220495353
36986928,0.05915588847483032
36986930,0.33021428701297934
36977052,0.08928141912798103
36977053,0.13064135774087912
36977054,0.5185126737990521
36977055,0.3414195205585972
36977056,0.574088798437392
36977057,0.39132258787272506
36977058,0.36599835646013373
36977059,0.16417544281933732
36975505,0.7439458590852484
36975506,0.2594797825114067
36975507,0.1712408324274872
36975509,0.6041853668385966
36975510,0.7080868329726611
36975512,0.20814327215446335
36984831,0.15625423716938058
36984832,0.15214196154855902
36984833,0.428143979796206
36984834,0.10736136686118307
36984836,0.10729508650771521
36984837,0.2701332278797972
36986895,0.41428595048723243
36986898,0.7605099529109787
36986899,0.6071780198279768
36986900,0.25112395559728207
36986901,0.17817989099306328
36993500,0.8757951419956626
36993502,0.2851616348681483
36993503,0.372847406320133
36993504,0.38690191334861873
36993507,0.22074483349562599
36993508,0.7577034599526374
36993509,0.1882809049621702
36960729,0.16383836408357405
36960730,0.28935149372533275
36960732,0.2933230503710614
36960733,0.3473823817874406
36960734,0.2461519406828321
36960736,0.2545639811150007
36960737,0.3258393772769648
36994867,0.31432192781557317
36994869,0.30127125979371056
36963711,0.5641346202279143
36963712,0.5007664911298608
36963713,0.22338118781064953
36963714,0.29735526057704315
36963715,0.7144574544228405
36963716,0.45454852545505475
36963717,0.3096475575811062
36963718,0.21707470047461985
36963719,0.13827317316884047
36963720,0.7758481840080524
36965223,0.7316372546904273
36965224,0.7859928870919676
36965225,0.4705157495477662
36965226,0.8642554318453308
36965227,0.9634360031674863
36965228,0.8762966512491892
36965229,1.13089551845758
36965230,0.7393139365210784
36965231,1.1523396833703774
36965232,1.0860912658864477
36971474,0.5707458301086543
36971475,0.5628881099253524
36971476,0.31435659549692674
36971477,0.4015933633965605
36971478,0.3051581164640899
36971479,0.21828553392990482
36971480,0.7406955915556803
36971481,0.6239041716439127
36971482,1.4372261444758927
36971483,0.5963776906876438
36987635,0.2134631804092364
36987636,0.7461600401184193
36987637,0.6955827417745694
36987638,0.20194984724997414
36987639,0.7544091188937596
36987640,0.21802656926220357
36987641,0.26133959817947805
36987642,0.5609873212926623
36997118,0.11086271474014747
36997119,0.08935581703811334
36997122,0.06394698275510444
37009329,0.10997813465588532
37009330,0.21717633564812142
37009331,0.18554702843591928
37009332,0.208483652607943
37009333,0.1204623304011297
37009334,0.06258429467202781
37009335,0.2263774541518318
37009336,0.1233587007355337
37009337,0.2476420328786054
37020996,0.14924501787519104
37020998,0.15311515180377488
37020999,0.09840368095534584
37021000,0.16128612010479135
37021001,0.1470896616307214
37021002,0.1652190240521839
36974114,0.07665770256051159
36974115,0.09576647871387295
36974116,0.21160005039437563
36974118,0.09404939220919568
36974120,0.21228624301985938
37009724,1.2444748466616729
37009725,0.36466829225382286
37009726,0.18206680999550873
37009727,0.6407389593746355
37009729,0.3873995334728933
37009730,0.19996237358695473
37009732,0.3326851681068025
36988586,0.373858887016047
36988587,0.5663410418820767
36988588,0.23583680766974163
36988589,0.4421557295365897
36988590,0.23771654575977397
36988591,0.2970730102722043
36988592,0.1836320472565551
36988594,0.6022256059619779
36965571,0.10625370316848894
36965572,0.4236930417764118
36965573,0.26789616066650646
36965574,0.16279279525881668
36965575,0.15233162920966753
36965576,0.22827929948523532
36965577,0.12747627730107175
36965578,0.28175297910293806
36965579,0.12242604672013056
36967575,0.12479818169041036
36967576,0.19806250291153663
36967577,0.13077879627919972
36967578,0.22184599798477608
36967579,0.09505384601847332
36967580,0.08721092657811563
36967581,0.11037603500818552
36967582,0.13168264037286112
36967583,0.19756615696649507
37021551,0.12200433072454943
37021552,0.08876595294057546
37021553,0.08938859645786838
37021555,0.1315330481134814
37021557,0.10342494682464903
37021558,0.11409440443783102
37024100,0.09833856997411893
36975735,0.19113962743608973
36975736,0.6329851493676303
36975737,0.6311123957198989
36975739,0.2800234113095736
36975740,0.578619815071293
36975741,0.1536581136657568
36975742,0.29528355926450456
36975743,0.7438581835763688
36991709,0.8023981876204256
36991710,0.3561023598436915
36991711,0.20697827362073604
36991712,0.15171402661352795
36991713,0.33447570466212273
36991714,0.3270640689221838
36991716,0.5423152248859407
36999007,0.7362709926677997
36999008,0.11704317443032793
36999009,0.20796738061609824
36999010,0.15369428562036727
36999011,0.2098144763331043
36999012,0.22282524549932112
36999013,0.4859565465640388
36999014,0.4604151835865251
36999015,0.09143047882163055
36977825,1.0694889003133201
36977826,0.20385433297837688
36977827,0.3092522700085967
36977828,0.40804520055339943
36977829,0.46260891200627297
36977830,0.3368128897432104
36977831,0.31680763592001787
36977832,1.14925630852355
36977833,0.3680924068058084
36977834,0.18287541305156954
36967875,0.05521951273342767
36967876,0.3206737803172468
36967877,0.5224838225385199
36967878,0.05084742821397448
36967879,0.0823366481953443
36967880,0.4247201125775602
36967881,0.29204681456649845
36967882,0.04939835846492795
36967883,0.054482665659264164
36959083,0.14444939545845872
36959084,0.17204726214581922
36959085,0.11545702093151711
36959086,0.1231607472716817
36959087,0.07123501401836284
36959088,0.09487080135353079
36959089,0.11084144971143753
36959090,0.11379797914569365
36959091,0.15127844178240732
36959092,0.28579173430388705
36965381,0.13705400590352523
36965382,0.2788227192100712
36965384,0.16463563205857054
36965385,0.14225986413782343
36965386,0.13699319995758683
36965387,0.11675704341837748
36965388,0.18185814124150848
36965389,0.13929988414526814
36965390,0.12557512031092974
36961555,0.31871618661185913
36961556,0.07887970473865262
36961557,0.061872775759135745
36961558,0.380177721305503
36961559,0.14587582352515877
36961560,0.1037077099996737
36961561,0.06185952533496482
36961562,0.3403791612935434
36961563,0.0764525550392216
36961564,0.06353659869040199
36963179,0.9477366242628695
36963181,0.9250730864341015
36963183,0.25283016471923647
36963184,0.33439973162221015
36963185,0.27808748427337504
36967899,0.21371988406147438
36967900,1.389010407412436
36967901,0.2521275017071608
36967902,0.3152147470688104
36967903,0.6230349542927797
36967904,0.8339890560622722
36967905,0.09804913812550098
36967906,0.6540730726905135
36967907,0.29713672957262055
36962676,0.1070956307054866
36962677,0.19955884886664935
36962678,0.8613636888712631
36962679,0.10330660739884674
36962680,0.12015672319382216
36962681,0.06900647073543806
36962682,0.0956395319942573
36962683,0.30472117453932906
36962684,0.0997025850473601
36962685,0.2508034068480354
36963335,0.08810462320689812
36963336,0.09534720532028845
36963337,0.07108199222842586
36963338,0.8230074464690621
36963339,0.09895944857709692
36963340,0.07098478466387773
36963341,0.11683894680342406
36966162,0.18021788141103537
36966164,0.11813462340281951
36966165,0.13439628588495575
36966166,0.08248216399683155
36966167,0.12113149451275969
36966168,0.12668223855935679
36966169,0.1793641752320876
36966154,0.4952295313810159
36966155,0.12560364363058876
36966156,0.11602667218669732
36966157,0.07871356021928576
36966159,0.5888064368268757
36966160,0.10549763065618448
36966161,0.09650680304212596
36959379,0.09214295039135056
36959380,0.09114775101009931
36959381,1.5973374083167435
36959382,0.071162654941043
36959383,0.08504649478051958
36959384,0.23503198120426788
36959385,0.08093026013077775
36959386,0.2082282531359732
36959387,0.32028973868409
37017931,0.5158341928801926
37017932,1.0260635699377971
37017933,0.09895380250864934
37017934,0.1861336099779031
37017935,0.07502651047373707
37017936,0.1513670746924528
37017938,0.18941434700988383
37017939,0.5501420460806441
36959284,1.2063762609019577
36959285,0.39989785637524117
36959286,0.19664083631008292
36959287,0.7932312652920024
36959288,0.3500300510649512
36959289,0.4144018664789454
36959290,0.3679255922309308
36959291,0.6988591940754851
36959292,0.2573484262922557
36974863,0.04335018432030011
36974865,0.0750237182260388
37017325,0.14913992644157176
37017326,0.11547589691024512
37017327,0.18190071044810216
37017328,0.16698161035239942
37017329,0.13141051214131683
37017330,0.10967567757797497
37017331,0.3337100149178291
37017332,0.24882108800464653
36968578,0.20531979306629633
36968579,0.2931186806364282
36968580,0.10024811183418911
36968581,0.11795632078333675
36968582,0.20726927317127888
36968583,0.21955963699758388
36968584,0.17783897820387234
36968585,0.12794643239303036
36968586,0.5610768574613765
37009493,0.1710015006615978
37009494,0.7786029951022332
37009495,0.31365407233304243
37009496,0.24945974061803233
37009497,0.17943902485804214
37009498,0.1256759777700745
37009499,0.2650746639449566
37009500,0.2539069055177704
36973254,0.21699395426545237
36973255,0.6084009084023472
36973256,0.2074593988132814
36973257,0.10906613047200142
36973258,0.1170871323983295
36973259,0.38049519826526496
36973260,0.766083420271029
36973261,0.47804979304741263
36973262,0.13412105913781283
36973263,0.37801513541305737
36972474,0.1998639049194107
36972475,0.18119863371619416
36972476,0.15530737492073085
36972477,0.13744702301889034
36972478,0.605529739514187
36972479,0.13843951105132069
36972480,0.1276568915118732
36972481,0.19965387258166384
36995260,0.08469668416839782
36995261,0.08930608925020131
36995262,0.042591155808258147
36995263,0.08728363218784188
36995264,0.10693972656077755
36995265,0.08564500114719388
36995266,0.11773477016481516
36995267,0.11598456681312791
36979638,0.060459674783895516
36979639,0.09791444261453694
36979640,0.07914852359673033
36979641,0.08999565967051616
36979642,0.09277593951389598
36979643,0.0752436910553563
36979644,0.07298209451318789
36979645,0.06406430206315726
36978901,0.2085485541865789
36978904,0.09970038416429448
36978905,0.24157216494217376
36978906,0.15933244863856388
36978907,0.10176580485554618
36978908,0.11849307821171648
36978909,0.08853697340606707
37019347,0.27235281713424603
37019348,0.1178872216380706
37019349,0.10812677164540749
37019350,0.13430011987904236
37019351,0.1278911365555709
37019352,0.670663966842058
37019353,0.19986359556674616
37019354,0.10588965437359855
36979656,0.9844908270469214
36979657,0.18848809283511378
36979659,0.19539188538813249
36979660,0.28464804068141414
36979661,0.838540116579816
36979662,0.8578312329286418
36979663,0.20530577822942464
36959073,0.7824745989818532
36959074,1.2422656224420368
36959075,0.1861531142795171
36959076,0.15132766305574635
36959077,0.5236397083659129
36959078,0.19637142049855882
36959079,0.39190038874417893
36959080,0.9184397894687736
36959081,0.12275263248929334
36959082,0.3233803092338445
36956851,0.11856890108767051
36956852,0.257420238255535
36956853,0.30856468083194943
36956854,0.30944101010653996
36956855,0.1306069409399144
36956856,0.18567952746226116
36956857,0.31567428810059883
36956858,0.1864237464407627
36956859,0.07868420367500184
36957363,0.20018757835598916
36957364,0.1538914814544892
36957365,0.260667039403989
36957366,0.11648877119708095
36957367,0.09089280973226396
36957368,0.31387218478216883
36957369,0.17799104267674368
36957370,0.26044166434876426
36957371,0.1077901908728399
36957372,0.07662323131763088
36958568,0.11150316076542413
36958569,0.12985482294610032
36958570,0.23030515678074454
36958571,0.09638967119757577
36958572,0.0987173699152789
36958573,0.10346618392609175
36958574,0.10009323324122993
36966349,0.10144717115788855
36966350,0.08573611832009181
36966351,0.19609068926265674
36966352,0.1662750781403809
36966353,0.12599556800402473
36966354,0.0743050595324749
36966355,0.1928270644211596
36966356,0.14143983320503484
36966358,0.20219349977751636
36963548,0.20717787428268303
36963549,0.16642269682400046
36963550,0.3886919496126057
36963551,0.9327843416290454
36963552,0.20532977713134598
36963553,0.6305756138588583
36963555,0.15674752482384072
36985750,0.11111008200427402
36985751,0.24106020920783913
36985752,0.11280559100796901
36985753,0.12542325127139137
36985754,0.5833821948636007
36985755,0.16519088151566655
36985756,0.30535426666917653
36985757,0.0874042588813797
36969963,0.23287576957974396
36969964,0.4426088402370716
36969965,0.11162674921793588
36969966,0.28324265055775116
36969967,0.15415416192422454
36969968,0.47274515622909963
36969969,0.16786902897499237
36969970,0.1984366083074009
36969409,0.5085441133687649
36969410,0.13535626652332816
36969411,0.4490676469369034
36969412,0.3581684016521055
36969413,0.16567426319854656
36969414,0.22069626076721488
36969415,0.11337760475780415
36969416,0.4218633825010434
36969417,0.24030619772017636
36969418,0.13515271504373372
37022818,0.11874985779870684
37022819,0.18366907953502645
37022820,0.09603806073235631
37022821,0.24013725448162537
37022822,0.1548879575759691
37022823,0.11660279963464952
37022824,0.1880358434754018
37022825,0.21332881471261148
37022826,0.14182997873402267
37022827,0.6637903202726314
36990171,0.11474517646314279
36990174,0.17202100257797803
36990175,0.11144247348332008
36990178,0.11820253251460053
36997885,0.14421038057774185
36997886,0.17135628427550298
36997889,0.1632483914047251
36997890,0.15993548919878972
36997891,0.2083154079480052
36997892,0.17871713359018337
36990862,0.3945761337801056
36990864,0.1544272881858723
36990866,0.14472795425215165
36990870,0.26289523945201415
36959567,0.209649349735404
36959568,0.2055246282222921
36959569,0.5788639797835644
36959570,0.2978859894276082
36959571,0.9751596117791468
36959572,0.16850512952920957
36959573,0.21678209341591717
36959574,0.27310071245852874
43432288,0.5847538624496438
43432289,0.4778001071379796
43432290,0.469579549023789
43432291,0.10395403036702133
43432292,0.0968744927097171
43432293,0.11560070710322874
43432294,0.33114100816927666
43432295,0.22281552984007225
43432296,1.332194146943926
43432297,0.49464636706426085
36969127,0.4074199176882182
36969128,0.16273567049572857
36969129,0.3815311636061615
36969130,0.23153278211754813
36969131,0.2750247507425697
36969132,0.28377782069445395
36969133,0.1832409992920945
36969134,0.5831502130796328
36969135,0.14825342285656687
36969136,0.1896185299029495
37009292,0.03585180244895437
37009295,0.030210644001187316
37009298,0.03565266662548172
37007542,0.047100291914122995
37007545,0.05659685439171144
37007547,0.04155815688894892
37007549,0.04151059582220072
36988503,0.15912525306501105
36988504,0.780694863118742
36988505,0.22955994467365753
36988506,0.04286895935714608
36988507,0.0439768913631039
36988508,0.12696245777465667
36988509,0.08152496943895395
36996785,0.0870881933291119
36996786,0.06688302899996472
36996787,0.8676365679548173
36996788,0.1139867024515709
36996789,0.43356711266917425
36996790,0.07514015167803764
36996791,0.4200075029588723
36988429,0.9674953193597533
36988430,0.08950629347374879
36988431,0.5906808295305109
36988432,0.23351693240842056
36988433,0.11008063451587942
36988434,0.06936484904074917
36988435,0.07949612211298172
36988436,0.2079087369466992
36988437,0.07107932421056501
36988438,0.07069778892066926
36994349,0.08889828465459597
36994350,0.09925022423591223
36994352,0.32299879867297676
36994353,0.11555003000346994
36994354,0.18619938882832487
36994355,0.10502255927998552
36994358,0.08223128416490019
36992545,0.7488006196638338
36992546,0.1685231079588559
36992547,0.8181071688803708
36992548,1.3198798778428895
36992549,0.18738059989415423
36992550,0.6056805209115075
36992551,0.7460946167939794
36992552,0.09676087537040184
36992553,0.7498645205893282
36992752,0.08927000309920895
36992753,0.09949447957106436
36992754,0.10574672028419196
36992755,0.0960465758482932
36992756,0.07107033283075936
36992758,0.11705566741823267
36992759,0.8739725971167884
36967558,0.0699702354164008
36967559,0.08546292054711283
36967560,0.06639374303953444
36967561,0.06968454109088888
36967562,0.10040675942760957
36967563,0.27268123874806066
36967564,0.06803599311821833
36967565,0.15802987820081094
36992024,0.13842897023266257
36992025,0.20641539894363298
36992026,0.18799698257359557
36992027,0.4926857866087376
36992028,0.18592222521992474
36992029,0.17377360385744156
36992030,0.1650124294386291
36992031,0.20026813141433797
36968923,0.10495282051066843
36968925,0.1000778923327407
36968926,0.10841405795025176
36968928,0.09518920063499471
36968930,0.11897489043933017
36968931,0.10848411606861307
36955588,0.3566795529375473
36955589,0.10663953034849465
36955590,0.14895466221754872
36955592,0.5589444635260375
36955593,0.10382337414633801
36955594,0.13532802840397873
36955595,0.194078007204691
36955596,0.2958983815063555
36977905,0.8495996045407641
36977907,2.3547802995073446
36977908,1.1103960181850105
36977909,0.29201844783140685
36977910,0.15386480647982934
36977911,0.48015964271867273
36977912,0.12289642797073089
36977913,0.1584462805470548
36995487,1.3486454923225915
36995488,0.721027390018933
36995489,0.10078132013093438
36995490,0.5828758844587895
36995491,1.4053400232962785
36995492,0.10744575876167342
36995493,0.6595157145290694
36995494,0.10517696627206874
36995495,0.4042510280532114
36972015,0.08991011917082509
36996560,0.06804221212077903
36996561,0.22434740487436283
36996562,0.09365127572894098
36996563,0.6087650968475227
36996564,0.1209986571779799
36996565,0.11079016777332999
36996566,0.08594905704430136
36996567,0.9118091832980364
36996568,0.07694448386412592
36987244,0.33232383305882385
36987245,0.9499993296716093
36987246,0.16372007270621974
36987247,0.24060565099484285
36987248,0.741594768279933
36987249,0.18792449336727673
36987250,0.16562026469008106
36987251,0.33198424666801457
36987252,0.9716677712536085
36987253,0.2644379764927771
36964931,0.17389029036320486
36964932,0.27340886209175747
36964933,0.3351212669737033
36964934,0.7294564515172025
36964935,0.1968520003622131
36964936,0.5536399153249089
36964937,0.18854472626147217
36964938,0.16301720664587874
36964939,0.18236560750967595
36964940,0.47974875884990204
36977685,0.08099900376620904
36977687,0.12144678601950287
36977688,0.10654713974420185
36977689,0.12002077699957173
36977690,0.08605605608298902
36977691,0.0937576488561045
36977692,0.09021871492791503
36977693,0.080775310677031
36956609,0.6532379300204779
36956610,0.30058835737191103
36956611,0.2864806943656444
36956612,0.2721406661121743
36956613,1.0165546178838365
36956614,0.30132259902058667
36956615,0.47526746758197075
36956616,0.7958851192841443
36956617,0.2253100792755914
36956618,0.1234505566837371
36992624,0.10803766473489357
36992625,0.08194050397389871
36992626,0.20457447862046396
36992627,0.5485250397708321
36992628,0.08721607819543502
36992629,0.21521103828598914
36992630,0.22317872251524012
36992631,0.08389223572188981
36968426,0.2232698827615833
36968427,1.1085014755298228
36968428,0.2982193168206236
36968429,0.12637165017442023
36968430,0.29654855274699427
36968431,0.09235029827610872
36968432,0.18718255398596573
36968433,0.13950755202587348
36968434,0.17074781815662374
36956923,0.19572054268258499
36956924,0.1705528262682384
36956925,0.19259488600171204
36956926,0.6239719662428338
36956927,0.22615725778673243
36956928,0.08780443287961819
36956929,0.2906154910077554
36956930,0.5991558008649679
36993391,0.13522321160314751
36993392,0.08250154993235183
36993393,0.2853493878041544
36993394,0.11645052870201032
36993395,0.32853715806442946
36993396,0.323219188063135
36993397,0.35105881934890576
36993398,0.366883915638731
36993399,0.27077578351923215
36993400,0.2891293397199229
36988759,0.7684059843721147
36988760,0.6499672325236233
36988761,0.8707570014310618
36988762,0.21627059937792478
36988763,0.8446010963068494
36988764,0.20552784914850933
36988765,0.5579876192971674
36988766,0.48648268238342934
36988767,0.29379478363262707
36998580,0.07543106563723356
36998581,0.16605906795094427
36998582,0.11313898375443265
36998583,0.09677232480801465
36998584,0.08697059605506526
36998585,0.08957755008934311
36998586,0.09947439394322238
36998587,0.11560234920529697
36998588,0.113159460491098
37013382,0.26180778241589486
37013383,0.04842164236436182
37013384,0.05916411197017167
37013385,0.06710034541375817
37013386,0.5735625855677936
37013387,0.13656841313329304
37013388,0.10031452204637772
37013390,0.5318784468356251
36980926,0.6978059454592819
36980928,0.10315180420239631
36980929,0.17611741484298654
36980930,0.07790596930136418
36980931,0.21120801670180048
36980932,0.06390600660924776
36980933,0.10294083799499855
36980934,0.09550006250479122
36980935,0.1668653350955496
37007713,0.051857555638557845
37007714,0.10756390599629626
37007715,0.1452967104002759
37007716,0.04998325233554073
37007717,0.11757755242425691
37007718,0.1131358774224244
37007719,0.07581095910199916
37007720,0.0623252875944051
37007721,0.12517249820851337
37007722,0.055472463383616485
36955625,0.2441720251600838
36955626,0.30121197133184296
36955627,0.39175933975409116
36955628,0.18735132105754362
36955629,0.3818977566474003
36955630,0.5523168010821923
36981349,0.08410570315191804
36981350,0.08980828870938547
36981351,0.20113757830708812
36981352,0.19301049346751079
36981353,0.32484199364407107
36981354,0.2034548053468769
36981355,0.07502985153026476
36969380,0.22300255782680894
36969381,0.16654874323222452
36969382,0.14933941554429592
36969383,1.0279626353055116
36969384,0.28780961739740885
36969385,0.14808538189263012
36982655,0.42189992191915315
36982656,0.1701976697805906
36982657,0.1306308982440431
36982658,2.026166177378386
36982659,0.9229775213907175
36982660,0.11689175663928786
36982661,0.15893555682790714
36982662,0.44918854100815625
36982663,0.8291232842312318
36982664,0.25012483653635736
36966227,0.15576183091860535
36966228,0.14313367657577739
36966229,0.4745168221727722
36966230,0.8931491242269649
36966231,0.387999019863096
36966232,0.9718989597916523
36966233,0.1538140396080596
36966234,0.3895656773683669
36966235,0.15705876701059449
36966236,0.1112712043121185
36958575,0.3565813140359837
36958576,0.15817172076954228
36958577,1.9396420479664063
36958578,0.10662799890475383
36958579,0.12503870735289319
36958580,0.10898143099078984
36958581,0.25569666603262636
36958582,0.35369680962775946
36958583,0.2043863720897454
36962269,0.09336794169565972
36962270,0.565560294070917
36962271,0.3064471031658739
36962272,0.2724719736890114
36962273,0.2822031993006742
36962274,0.2018341069039259
36962275,0.3723879880322845
36962276,0.15983517588635981
36962277,0.522457991087574
36962278,0.10050480509550251
36999089,0.37107675926623795
36999091,0.2904651725939067
36999092,0.2682288440612225
36999094,0.2613659949159742
36999095,0.37783372189380765
36999096,0.30836574278710677
36999097,0.5495181321949575
36963849,0.352288299132554
36963850,0.3762648066597859
36963851,0.3709653902114754
36963852,0.0834323248591774
36963853,0.267346997455249
36963854,0.1435559445652181
36963855,0.07535793007135298
36963856,0.23461822751936462
36993321,0.12760482938861553
36993322,0.10379755663700106
36993323,0.45232971026022767
36993324,0.17988828119516415
36993325,0.17387002391459283
36993326,0.13129445391488384
36993327,0.16082815704860187
36993328,0.2917469884218211
36993329,0.7761489038351038
36985710,0.5698390719061527
36985711,0.5407437656564983
36985713,0.5744344301327832
36985715,0.5182070846092043
37013775,0.17603366285035688
37013776,0.17577536425615542
37013777,0.17590954808828577
36986184,0.4084991586418151
36986186,0.10466427138254172
36986188,0.10832484252057975
36986191,0.4461200570777838
36975342,0.08554277659047492
36975344,0.07825502891630626
36975345,0.07674999533395549
36975347,0.07960271980654443
36999315,0.360595543229421
36999316,0.23634016821532544
37014292,0.17562349083629147
37014293,0.21595721104927912
37014294,0.542410846705558
37014295,0.2167743639511103
37014296,0.538421240995064
36977838,0.45012016072744104
36977840,0.10986074423771666
36977841,0.10776676303946911
36977844,0.42435454287468993
36991769,0.3537118398255076
36991770,0.08979786179312527
36991773,0.0883984649453664
36991775,0.0734192552748744
36991776,0.10520697040603735
37014482,0.054574736457894256
37014483,0.05708792020385092
37014484,0.06165474072708006
37014485,0.06040142858138957
36977554,0.4642926870636801
36977555,0.469445966096168
36977561,0.4701853831083483
36977562,0.48553880935387095
36997744,0.13790818446295336
36997745,0.15875148658064428
36988666,0.3485072362198018
36988667,0.2635016271960698
36988668,0.18833792101674426
36988669,0.3392830434106857
36988670,0.3574061314636831
36988671,0.11185985047620331
36988672,0.4927962956740738
36988673,0.10692804485206901
36997765,0.22715799442402804
36997766,0.3996408055963269
36997767,0.30328968614660246
36997768,0.5257569216965516
37023589,0.03786899433126696
36991959,0.07498599546219047
36991960,0.08389433778548747
36991962,0.08867733637588003
36991963,0.08206223130691351
36983308,0.48065618865817333
36983309,0.16135030423243688
36983310,0.5225753173535934
36983312,0.09508270799433027
36983314,0.09909546722794474
36983315,0.45144624246962745
36983316,0.3490235891057618
36983317,0.08241785505414863
37012420,0.4571986539021929
37012427,0.45158025514372435
36977481,0.09612636429402581
36977482,0.2793141354414891
36977485,0.3333122089891825
36977486,0.13688630782954608
36977488,0.10974388079153871
36980490,0.09473825849066383
36980492,0.2979591432388983
36980493,0.09478935894992924
36980494,0.10188367443458789
36980495,0.2737677510356781
36980497,0.09964003731509269
37021560,0.17850871975203697
37021566,0.19443499404927125
37021567,0.638675915267972
36962817,0.6628525714675089
36962818,0.4511416377005639
36962820,0.3086865614158514
36962822,0.40821688769310127
36962824,0.40518200479421307
36969990,0.055521633501626616
36969991,0.24257509599116106
36969992,0.7430611677414088
36969993,0.05540977586688191
36969994,1.0423210686015996
36969995,0.2625944789977861
36969997,0.05139179856307035
36969998,0.25803017006201007
37018983,0.0561465846762826
37018984,0.052785699151861945
37018985,0.052777751292247904
37018986,0.05888431222536819
37023085,0.06528117119493854
37023086,0.1501297422924735
37023087,0.14853437436094433
37023088,0.06520035211151518
37024285,0.06981123342150573
37024286,0.17962512355584365
37024287,0.17624822680228072
37020112,0.16740481663908807
37020113,0.20356925907865656
37020115,0.1844553952547854
37020116,0.21006399648579444
43419823,0.05896167487087388
36958306,0.16548168117149045
36958308,0.16833633102869383
36958311,0.10655872065193842
36958313,0.16825443521708877
36980539,0.43517404117900416
36980543,0.10235801748427736
36980546,0.10865954718219835
36980547,0.4352863205817045
37022902,0.04978231825663123
37022903,0.0506438812853763
37014882,0.08461657982455101
37014883,0.2537207734918974
37014884,0.22650498613230974
37014885,0.22494712532311564
37014886,0.14126781569366795
37014887,0.23759774058419642
37014888,0.25835095099710875
37014889,0.08314376530945052
37014890,0.3114957785201869
37014891,0.20604649913517994
36999115,0.2362568235465256
36999119,0.25615842048353
36996316,0.11039233162139979
36996318,0.28597266465597
36996321,0.21703481138198125
36996322,0.19639622270081988
36975086,0.05773102691132372
36975088,0.06040282686441601
36999081,0.049615890466951626
36999082,0.050816510897843115
36999084,0.05173011237862678
43432427,0.06068070486295856
43432428,0.059419159106384054
43432429,0.06599382035943244
37018100,0.10543834030946622
37018102,0.1057346006302062
36998938,0.16431609935617458
36998940,0.16030010021255106
36998941,0.3824711343885009
36998943,0.16814039107588072
36998945,0.30289217938078195
36998947,0.28027858086813345
36958296,0.08684230983370245
36958297,0.08246669333767345
36958298,0.1943931467594782
36958299,0.05616136413395493
36958300,0.19383017648075407
36958301,0.0818734313324519
36958302,0.05945142236367199
36958303,0.06168884627018912
36958304,0.07793599990006093
36958305,0.20683595295995416
43428530,0.7803836660279301
43428531,0.2862987356482798
43428532,0.7565544828986207
43428533,0.3998667967477076
43428534,0.8882153893090683
43428535,1.0631065191972575
43428536,1.057858021302957
43428537,0.2798163983319729
36997958,0.19316998150989895
36997959,0.5257291880435175
36997961,0.5144791395149428
36993287,0.13081521611735336
36993288,0.24938414066804893
36993289,0.14953564003005929
36993290,0.12708420160089665
36993291,0.1264393760005734
36993292,0.21857968405322042
36993293,0.3222232290587365
36993294,0.4587507961432872
36993295,0.1103477685890461
36993296,0.15561995703324624
43425170,0.11248865287352783
43425172,0.13115655274608634
43425174,0.12960520377015142
43425175,0.21237315322672193
43425176,0.12387235540609252
43425178,0.13620356221141716
43419340,0.8343653711285347
43419341,0.30833765296206206
43419342,1.1202668448600603
43419343,0.4939302086726982
43419344,1.527481172193181
43419345,1.2041360721803318
43419346,0.6234200141057156
43419347,1.391902018246596
43419348,0.21236828240542324
36991647,0.24681934260139565
36991648,0.45379583601750434
36991651,0.47361076518262896
36991652,0.23389781089674735
36975982,0.4748975525954607
36975983,0.4725018141879917
36975986,0.4185396528630196
36975989,0.4268082064596809
43419349,0.1989150424294226
43419350,0.9030924757953976
43419352,0.787608390865425
43419353,0.7643344710173611
43419354,1.1719645986629217
43419355,0.6648547471488504
43419356,0.24174172968594324
43419357,0.7730540808909269
36989754,0.06585349288732688
36989755,0.06758784594527895
36998053,0.2537989891022199
36998054,0.09849107676098208
37024425,0.11222258339482664
37024426,0.057612557642915715
43425825,0.33092383234099165
43425827,0.7488921492122347
43425828,0.129779077200676
43425829,0.09550275904939821
43425830,0.29557269303678657
43425831,0.3646569084612164
43425833,0.38123847252462456
43425834,0.7506360679172644
36995452,0.1238203115782989
36995453,0.22148880864009513
36995454,0.051807456992986514
36991187,0.33599293588348966
36991189,0.3069372307385612
36991195,0.0987547954754886
37023823,0.058522516518984664
37023824,0.09950768717501281
37023728,0.1741942489484819
37023729,0.18159215116615166
37023368,0.1389092079932023
37023369,0.1572221983994633
36965026,0.2884644336620648
36965028,0.042631546208882265
36965029,0.12030784457903608
36965030,0.21157130801262466
36960721,0.23156349275071791
36960723,0.09350270287009524
36960725,0.07870883624970791
36960727,0.08579551296978098
37024069,0.18388209722780535
37024070,0.1671196435953817
37024091,0.060612636501984694
37024092,0.11694926314060194
37013577,0.08098402309307767
37013578,0.06589607387285473
37013579,0.06433419890122866
37008211,0.08469653242027517
37008213,0.31195473822791686
37008214,0.08278051214131821
37008215,0.08445091162081016
37008216,0.08607905477591822
37008217,0.09804197068770633
37008218,0.3135670969671601
37024424,0.04657295837877103
37018656,0.19370650429288006
37018657,0.2439920205166639
37024233,0.15626800793762521
37024234,0.19111993235662836
37024235,0.16006531749453104
37024395,0.06734509244812611
43423507,0.21830139806299664
43423508,0.2301917166699012
43423509,0.07690128329561988
43423510,0.23123842111134538
43423513,0.16661452500239718
43423514,0.0673564937170394
36981958,0.268605847549555
36981960,0.3561844585431905
36981961,0.3472262629239388
36981962,0.5244931135170006
36981964,0.29063703018522064
36983721,0.10184211299808629
36983722,0.15881033789566482
36983723,0.10379903215607775
36983724,0.1732864964487421
36983725,0.15328432412584858
36983726,0.1655914109540347
36983727,0.09582824074284063
36983728,0.08256825752451559
37015193,0.16992682847478421
37015194,0.17225235406199665
37015195,0.17836663624149868
37015196,0.16982422261486815
36959792,0.577222246904152
36959793,0.37641271056695746
36959794,0.460042347886705
36959795,0.1608186797041828
36959796,0.4232806504795349
36959797,0.3606016135050633
36959798,0.175583021553302
36959799,0.17348334883163433
36959800,0.14724164288546557
36959801,0.16975434492752736
37023234,0.23149752459562695
37023237,0.3743952858092566
37023238,0.25978229646583934
37015478,0.3932907491998442
37015481,0.5873717953233117
37015482,0.2908021042323537
37015483,0.2752039856893525
37015484,0.38442720217941956
37015485,0.43891814713986266
36978172,0.5754746533612821
36978173,0.6923610524169601
36978174,0.3371872424417366
36978175,0.6947907564725337
36978176,1.0595362031783924
36978177,0.5376246380011714
36978178,0.3908454240457001
36978179,1.2681001840952935
36978180,0.4712942669717731
36978181,0.2018745594809315
43424316,1.0770556875320196
43424318,2.4630146708800353
43424324,0.1613266641681832
37010246,0.12589713912256537
37010247,0.4433056181714491
37010248,0.12736811309349605
37010249,0.34270210006962326
37010250,0.19732655872861163
37010251,0.9932939593228249
37010253,0.2222313462356625
36994400,0.09119845142824815
36994401,0.10698524019241684
36994403,0.10143733443293805
36994404,0.12121875219714341
37012173,0.17095712058270668
37012174,0.1648810331888556
37012175,0.15679024034039526
37012176,0.16144554889636964
37016216,0.18427592290214534
37016217,0.183199790180597
37006798,0.39865181360465324
37006805,0.383470797117709
37006662,0.19773659838201707
37006666,0.3167766462699122
37006667,0.16626796125712107
37006669,0.14123016123708326
43420117,0.06815991167318057
43420119,0.5741050115905952
43420120,0.1275180121224521
43420121,0.12350253701610812
43420122,0.5948030678905962
43420123,0.1180641686269001
43420124,0.13323164531285184
43420126,0.1343258195768238
36989928,0.21774925281982013
36989929,0.14099811417743088
36989930,0.18098331524723751
36989931,0.44533004280705524
36989932,0.12023341184913446
36989933,0.19088511742676362
36989934,0.13568918717478787
36989935,0.15215431860410264
36989937,0.20591646082024925
36990461,0.41048220785063966
36990462,0.16970552653549784
36990464,0.19836771990212762
36990465,0.2193297028905737
36990466,0.19123107894980082
36990467,0.2134259602772981
36990468,0.13065497966269335
37021719,0.12794596876992806
37021720,0.0695387480775978
37021721,0.06906751972889752
37021722,0.0724164527825315
37021723,0.11193654359790618
37021724,0.07497327579785572
37021725,0.11642482530076263
37021726,0.10993906845375087
36958082,0.08419530201217175
36958085,0.1291596495413984
36958086,0.12890725309410953
36958087,0.08581692237158603
37024053,0.15732262259927027
37024055,0.16476800162108982
37020486,0.18418039622939675
37020487,0.1880352385778645
37020488,0.1972596517345166
37020489,0.18630077743187884
36998108,0.11247111457001042
36998109,0.10783737965624174
36998110,0.14740971622104906
36998111,0.12441730772869426
36998112,0.12123904784840231
36998113,0.1542943658918284
36998114,0.14382687749020495
37013759,0.14871843597607143
37013760,0.16892356008581086
37013761,0.106226876410023
36964136,0.17849857519662995
36964139,0.19623864303532085
36991374,0.08323035701036753
36991376,0.0793068426837441
36991379,0.45289995086284923
36991381,0.07452006875927399
36991382,0.5771136929861125
36991383,0.07355383542982548
37021702,0.4456575793686161
37021708,0.04544894029158559
36992767,0.268527646994725
36992768,0.14908324845021798
36987561,0.25873208327951797
36987562,0.2513592831614044
36987564,0.2355853095439578
36987565,0.23619807389835556
36987566,0.22875992567194325
36987567,0.23249076599286903
36987568,0.2378554935261902
36979745,0.41278045544397224
36979746,0.39502486147129406
36979747,0.3807665321486721
36979748,0.0969600513692782
36979749,0.45928932607752493
36979750,0.20661324455521135
36979751,0.40245875016443655
36979753,0.4212457818267805
36977801,0.6629907626947369
36977802,0.3775638242420533
36977803,0.630356867058421
36977807,0.6014979058008268
36977808,0.6811460224495963
36977809,0.24153877084591407
36977810,0.5892687518620623
43420304,0.5354351181415018
43420305,0.11490794687941892
43420306,0.3324015318527469
43420307,0.9444680728627868
43420308,0.6012149220889715
43420309,0.38188425422255334
43420310,0.5935508222598086
43420311,0.12664805844855911
43420312,0.11870470080350912
36984715,0.2261979871154983
36984716,0.14958980356242074
36984717,0.1598662741257813
36984718,0.4115623705553132
36984719,0.14763153370651316
36984720,0.2470346092986207
36984721,0.22409913499158454
36982821,0.44121126813221234
36982822,0.48138566337216204
36982823,0.4136373080853611
36982824,0.1856801169859827
36982826,0.454942288572394
36999357,0.10376358995276047
36999358,0.10432931460419728
36992331,0.16446918648618003
36992332,0.21587859610062907
36992333,0.1335416573246744
36992334,0.3463335664266621
36992335,0.14146913188143345
36992337,0.16852783972415336
36992338,0.15530811394150718
36992339,0.259502215387694
37023842,0.2184720301372863
37023843,0.21282721124298562
37023845,0.08576658440926341
37023846,1.0840031796614666
37023847,0.12948029018260293
37018312,0.08884748527247606
37018314,0.0866028379149682
37018315,0.13513052792493582
37018317,0.15936067352997935
37018319,0.1424823643522168
37018320,0.24308239350906863
37021068,0.18044379069782168
37021069,0.20098494790938268
37021070,0.1794918382781264
37021071,0.20278061857358498
36976269,0.34167104863174885
36976271,0.3972155562365281
36976272,0.40579975347947717
36976273,0.5422457457709143
36976276,0.3307452366733416
36976277,0.5582982790631129
36976278,0.5637643044176277
37024486,0.1222980810657286
37023825,0.1360184897038916
37023826,0.1359121124108886
36999344,0.11460108028300521
36999346,0.15682412941733068
37020567,0.26995784318074456
37020569,0.31504717830828066
37019024,0.18409679018627753
37019025,0.26026454884858197
37024449,0.07073581762126802
37024450,0.11696696666138029
37022442,0.2910555983247016
37022443,0.2667333646701504
37022445,0.3021042040098421
37022447,0.28049809664903225
36973863,0.09072579282480425
36973865,0.22620793471240738
37020120,0.0900940328492533
37020122,0.12013372110154046
37020123,0.13535108246672442
37018332,0.26034312303832485
37024224,0.23115734671649787
37024226,0.23193750212833344
37024227,0.1989772561084348
37024228,0.4044462397438971
37024229,0.22654922547704895
37024230,0.2013569562433223
37024231,0.25521108955663957
36991972,0.33103659029947446
36991973,0.6507856191892757
36991974,0.49738713369723714
36991976,0.35672030825560974
36991978,0.4380866986565802
36991979,0.34084259660288074
36991980,0.7246668472690585
37017151,0.1289336952144798
37017153,0.06754708343354288
37017155,0.12131947789144056
37017157,0.07379999166460187
36975108,0.40474901702614896
36975109,0.14113797147632223
36975112,0.21125051687543323
36975114,0.15862567106220316
36975115,0.1520301972175149
36975116,0.14984268918506657
37024351,0.1313062472951695
37024352,0.13519057206329124
37023612,0.16599578182905536
37018395,0.11534718205621844
37018396,0.0718614579618099
37018397,0.0830447813496976
37018398,0.08554485150822154
37024427,0.08281730257409324
37024428,0.24556866011612521
36981205,0.1461961629661264
36981206,0.14766195066749707
37017222,0.07908504455966801
37017223,0.05471407367750443
37017224,0.18212037843503767
37017225,0.07553440722975653
37017226,0.10670242685819656
37017227,0.07952859481548057
37017228,0.10848726213415522
37017229,0.09530351734310409
37024015,0.16241455081592285
37024016,0.13382274576430245
37007982,0.07269321371287897
37007983,0.09855518391560633
37007984,0.22758847125226367
37007985,0.07608424190496506
37007986,0.1446334512693514
37007987,0.149137458571409
37007988,0.09765931091574755
37007989,0.26034704098761924
37007990,0.12347132367540192
37007991,0.15391447792991106
37015258,0.1446231596611397
37015260,0.058848439409981405
36983356,0.4564532804864808
36983357,0.5126827677996053
36983358,0.49712413827236057
36983361,0.41140053788433856
36975428,0.47137770329395345
36975430,0.20454907614765086
36975431,0.44885285626488325
36975433,0.21301653357606284
36986395,0.10241325271246855
36986397,0.242351044492806
36986398,0.12721017267658172
36986399,1.070543358851684
36986400,0.10717185557569232
36986401,0.15917828777526272
36986403,0.6243884778430553
36986404,0.20572348854705164
36977776,0.36576089680492774
36977777,0.4343467272639597
36977778,0.41450980469538057
36977779,0.333508394986201
36977780,0.2784264305027782
36977781,0.26443450650267597
36977782,0.40808054047375764
36977783,0.36402150705871594
36977784,0.17294415617184913
37015041,0.16428284955527345
37015042,0.17349496134035403
37015043,0.15634019840422328
37015044,0.1596945383574896
37007787,0.1570034138406805
37007788,0.18064018350984876
37007789,0.21472736516020338
37007790,0.13269894326466153
37007791,0.1315811414576353
37007792,0.1939005035030021
36996505,0.14379332435411765
36996506,0.41093855606396446
36996507,0.17396045950963407
36996508,0.1505457718177464
36996509,0.15113950277933563
36996511,0.16033160645091746
36996512,0.14852270908235937
36996513,0.27505165556171224
36982608,0.17290376690730905
36982609,0.11260063262898092
36982610,0.18236358944411762
36982611,0.1704665475381738
36982612,0.18881670719150534
36982613,0.11375935698596921
36982615,0.17075179406704122
36982617,0.19951135311619442
43424114,0.8843614681724694
43424115,0.17989353875650121
43424116,0.11920070856114831
43424117,0.3001236238768303
43424118,0.15641096123557166
43424120,0.2871286282054869
43424121,0.375605431140215
43424122,0.24983578250256872
36988974,0.10697622968573837
36988975,0.21906206547219723
36988976,0.16160418669303556
36988977,0.23792459767136925
36988978,0.20638270486138938
36988979,0.625900856443651
36988980,0.2331645962059543
36988981,0.17536013607536335
36993491,0.2795465100113726
36993492,0.1352030411100722
36993493,0.21090009562404943
36993494,0.08661446717373338
36993498,1.2675493317545348
36984946,0.131639227354194
36984947,0.1337012341474666
36984948,0.09640743588937467
36984949,0.09804539454374311
36984950,0.1025829843683742
36984951,0.2627252278232426
36984952,0.10894749845136409
36984953,0.2586114845721205
36984954,0.6727978936350911
36995432,0.1071445851100966
36995433,0.1935986255573947
36995434,0.09229345882364619
36995435,0.07178905545368995
36995437,0.1084180480888182
36995439,0.16769358293753517
36995440,0.09518401062511518
36995441,0.1671002706890153
36993566,0.8237062571084163
36993567,0.44668657304046366
36993568,0.19336120087199404
36993569,0.26868668070268176
36993570,0.43458389898428557
36993571,0.4450290209595285
36993572,0.4381245379771398
36993573,0.7369108447189697
36993574,0.5621047791462691
37006694,0.4952455925988036
37006695,0.33969485282951445
37006697,0.3907398116628503
37006698,0.48642986574858055
37006699,0.8504408808810205
37006700,0.34463850414519903
37006701,0.7817924104656421
37006702,0.3337737035015833
37010254,0.8714612240074886
37010255,0.9659214818570057
37010256,0.3492643052879727
37010257,0.306873712248257
37010258,0.8125334873351904
37010259,0.3289175885912298
37010260,0.3986336545650665
37007947,0.6031042225719696
37007950,0.3051347251367619
37007952,0.3666963415736924
37007953,0.29954190015338505
36993420,0.13273475686799602
36993421,0.15098367859469983
36993422,0.21912854668837672
36993423,0.15333015094876826
36993424,0.20892443733105512
36993425,0.09034929675170034
36993427,0.11196038388248264
36993428,0.16002906468599062
36993429,0.12850843181914384
37015371,0.6009696091051869
37015374,0.4786329909050656
37015377,0.4344784389930807
37015378,0.61825542230631
37024336,0.1932543398261094
37024342,0.22078690476068635
37019976,0.22298285430565926
37019977,0.5430811783663428
36978129,0.12284568061747426
36978130,0.12746633364134247
36995518,0.14462065284607403
36995519,0.13896422884931647
36995520,0.1783688940180152
36995521,0.1576668703734178
36995522,0.1374255248844511
36995523,0.14513144739201403
36995524,0.1900859592463837
36995525,0.1952205440433299
36995526,0.15438511315399958
37023348,0.20933870408667232
37023349,0.047648544386193356
37023350,0.11784094071568457
37023351,0.056343249107815206
37023352,0.19563099448954493
37021408,0.4440071769007791
37021409,0.48274608806082975
37021411,0.1359175836364497
37021412,0.07086995731556907
37021414,0.36869685252786966
37021415,0.4094544404224851
37021416,0.1385281522244478
37021417,0.07143885194915031
37010878,0.4167165099713626
37010879,0.12090450468551059
37010880,0.14258657625509194
37010881,1.1684462173481849
37010882,0.481730857945233
37010883,0.12284072024150063
37010884,1.1826809354958094
37010885,1.1835683975049038
37010886,0.16587932760879492
37010887,0.9134167883962145
36975324,0.41267369137494875
36975325,1.4187137275313026
36975326,1.2213696004442556
36975327,1.0856293560914088
36975328,0.3377520192714774
36975329,0.31596579780256884
36975330,0.35505023018597653
36975331,0.39547941908276996
36975332,0.30246680295032957
36975333,0.9892020573944575
36998972,0.24611836030823525
36998973,0.11939279979690534
36997466,0.17088606428178577
36997467,0.2732397374497743
36997469,0.2364842187182673
36958660,0.42256900878545717
36958661,0.9056736400334781
36958662,0.21590406504001486
36958663,0.1973945001031906
36958664,0.8958247433779682
36958666,0.19564468137340263
36958667,0.27794344164168533
36958668,0.2798125795367169
36992690,0.08278425798005333
36992692,0.20379108919001632
36992693,0.2172863487672859
36992695,0.1949709091426498
36992696,0.10000981072598053
36992697,0.18751897732562303
36988916,0.28174778529736283
36988917,0.24461653403549252
36988918,0.23206305811799696
36988919,0.8638595475338322
36988920,0.6163200971911172
36988921,0.3704958965459119
36988923,0.8606993240886521
36988924,0.35749786760655144
36956260,0.1326881911805795
36956261,0.10293760162791275
36956262,0.06524010127674647
36956263,0.1319457442643443
36956264,0.10472682480128856
36956265,0.06824641648914317
36973595,0.18588200394705648
36973598,0.20723614783500083
36973599,0.08572730795291958
36976308,0.4498508038886215
36976310,0.4291305737833079
36976312,0.4066597675325952
36976317,0.45153277644722806
43427820,0.3930581063712886
43427821,0.25414684227555123
43427822,0.42335272810640945
43427823,0.16933844949364713
43427825,0.1631773102512032
43427826,0.3310642261533925
43427827,0.44298847653454954
43427828,0.1638955808836418
36984027,0.07486133138249401
36984028,0.12343998774928727
36984029,0.07537680322306953
36984030,0.07607507942893367
36984031,0.14071473519097205
36984032,0.08055688416683285
36984033,0.12517426535755738
36984034,0.13259753630920804
43427132,0.5016389557685434
43427133,0.12980468280821014
43427134,0.29840316556353996
43427135,0.09137177079163052
43427136,0.1914544560280081
43427137,0.6410687606339038
43427138,0.4671338152194466
43427139,0.08539515326321392
43427140,0.17500127049335926
36985814,0.16941891146527774
36985815,0.16630691258378888
36985817,0.15811375336160172
36985818,0.15113714058045313
36985819,0.19040268347809683
36985820,0.18522953856968252
36985821,0.6005038470067301
37013924,0.5108706004479557
37013925,0.5597039148994659
37013926,0.4937764255113508
37013927,0.5009986703762179
36982161,0.2536845696846619
36982162,0.1459531141584791
36982163,0.18925443233574596
36982164,0.15267329873453256
36982165,0.2052716465517299
36982166,0.15703975384860033
36982167,0.21740496468721615
36982168,0.1883870397665304
36982169,0.1606973311962124
36982170,0.16415633809108077
36994019,0.12149166847457457
36994020,0.08864402209892445
36994021,0.1226629890501718
36994022,0.27748621514067995
36994023,0.27831982719020704
36994024,0.1026285076590913
36994025,0.15290351533545973
36994026,0.27453195370639927
36994027,0.15609495965690226
37021527,0.2215564547851417
37021529,0.3878757400240497
37020613,0.14266612189220557
37020614,0.1446420813572044
37020615,0.1503919250705191
37020616,0.14627405251265693
37020617,0.15262232236293688
37020618,0.14995007404903368
37020619,0.15259191147667966
37024447,0.08192173201416214
37024448,0.07982728693796642
37019394,0.1514457511045437
37019395,0.14976417666863162
37023970,0.11313477967948977
37023971,0.11537689054050543
37020590,0.047125108536501696
37020591,0.05378138777177602
37020592,0.04868567837988151
37020593,0.05245679439045328
37021127,0.1708264219497013
37021128,0.23451278299270173
37021130,0.2601193030101525
37021132,0.20304647509909843
37024202,0.09984520533952664
37023150,0.04485503904406668
37023151,0.13570301552543584
37023152,0.1478591737693816
37017622,0.17286826296764612
37017624,0.16461861245382037
37017626,0.05337244103653347
37017627,0.06830727061882652
37017628,0.04300176129954101
37017629,0.042356884972666264
37018450,0.08761279222130948
37018451,0.06624899283038133
37021010,0.2266038199188457
37021011,0.22603918930622302
37022234,0.14467229714374027
37022238,0.3099719370065021
37021447,0.07262188653912537
37021450,0.1768994025596253
37021451,0.15423348885797683
37021452,0.06226933975446269
37021453,0.06417885712445669
37021454,0.15622351984698163
37021455,0.14931082221077996
37021456,0.05963018728060951
36987364,0.04501137072416548
36987365,0.05353705394360433
36987366,0.09254423711010723
36987367,0.09806087931408844
36987368,0.05313865285148078
36987369,0.08857096227907524
36987370,0.05564352141939165
37021470,0.1135851900025533
37021471,0.12775665484397625
37020463,0.16598259357167747
37020464,0.20488630267405342
37020466,0.11253670187560816
37020467,0.1892556246338333
37020469,0.14622639215160405
37018247,0.18151070668379704
37018249,0.12164327246794551
37018250,0.20534229920469468
37018251,0.18537506862546657
37018253,0.1329128581008695
37018254,0.11386434011930723
37024001,0.28374505495015684
36973693,0.10699368663949464
36973695,0.11069556734397762
36973697,0.16232998911944493
36972939,0.20845552051900876
36972940,0.12015334742977905
36972941,0.10492232509407043
36972943,0.05458388504704137
36972944,0.11836215700661433
36972945,0.11902180707783924
37018112,0.09090813430860216
37018115,0.07525820884174576
37018116,0.05395870712332956
37018117,0.1641943140655646
37018119,0.17683336105739317
37017602,0.4388870239534511
37017603,0.5020155630392421
37017604,0.5422553777462065
37017605,0.4399979319285488
37017606,0.37658122980627684
37017607,0.3560506410401973
37020053,0.12536125402969522
37020054,0.15747426559548514
37020055,0.1520300531364395
37020056,0.06473799992424635
37020057,0.04368423736048502
37020058,0.041045622562200255
37020059,0.05016305043061092
37020060,0.07867526742147855
37023059,0.07913058251490052
37023060,0.07314488378545744
37022471,0.1751605644298395
37022472,0.14142435933839057
37022473,0.20620130143209373
37022474,0.1206614229846309
37022475,0.16661869645848434
37024183,0.1898341394607502
37024184,0.16064363528020006
37024185,0.20062393609040208
37016208,0.04280274883899718
37016209,0.1468563952862028
37020703,0.13282337394096827
37020704,0.17470364284467194
36993028,0.11522115231461434
36993029,0.3358021442140102
36993031,0.4463408700249049
36993033,0.12686962774841423
37020547,0.2632376070362768
37020548,0.053334058136854344
37020549,0.12130160410701787
37020550,0.2577168391375473
37020551,0.03507820964272148
37020552,0.0780582421832039
37020553,0.07618788031906101
37020554,0.14830184542591274
37008993,0.1581336182346227
37008994,0.17756333990053122
37014510,0.2766506423315904
37014511,0.07468730845315817
37022862,0.12044181677602753
37022863,0.11216731025239055
37022864,0.12401323565831493
36979869,0.16105278302390225
36979870,0.12584505028822407
36979871,0.2595381489923659
36979872,0.12215252097449332
36979873,0.1576016829873972
36979874,0.12023610887581991
36979875,0.24003856050386824
36979876,0.16100644412106682
36993226,0.07166790688970631
36993229,0.16613013274626415
36993230,0.07370771184758627
36993231,0.16305023991842305
36993232,0.023370398955221645
36993233,0.020252370997287075
36993234,0.05934178488754035
36991197,0.17340660909231667
36991198,0.21362229306381933
36991199,0.05464206476815486
36991200,0.21096855674828643
36991201,0.21691572641089374
36991202,0.29338025516370253
36991203,0.13887412377466446
36991205,0.1866536251579787
36984669,0.06321360680296426
36984670,0.06226160716842708
36984671,0.0642364712992582
36984676,0.08599603626826394
36984677,0.09146054521071108
36984678,0.0832008380101493
36978505,0.21655652976965822
36978506,0.0883937140162373
36978507,0.19024266568841905
36978508,0.20179560978567487
36978510,0.22177269448369408
36978511,0.06876430410865741
36996225,0.45088691275583126
36996227,0.1200139936834264
36996228,0.4469410954575397
36996229,0.21286627151073173
36996230,0.10812549616389529
36996231,0.19637463629076912
36996232,1.058644833280598
36996233,0.3881967419871403
36996234,0.1354789712865453
36988396,0.3169856690404258
36988397,0.28618986959557935
36988398,0.17165762992260028
36988399,0.20772668117611554
36988400,0.5303514145853104
36988401,0.3359259358436721
36988402,0.28297160843500313
36988403,0.27372876913290944
36988404,0.2153275360725324
36987949,0.3863500457764465
36987950,0.36373858935129305
36987951,0.2224973063606168
36987952,0.1377811540897789
36987953,0.2051925170289718
36987954,0.3489038958956176
36987955,0.6013392544656447
36987956,0.4086110356457966
36987957,0.2675815278099193
36956188,0.5978346472400278
36956189,0.6230228635539672
36956190,0.4359594502449919
36956191,0.5522331607624457
36956192,0.570901719494178
36956193,0.5452924975336916
36956194,0.6051547687395983
36956195,0.6289950796073905
37015250,0.13340856345274846
37015253,0.13499619223128342
43425360,0.3574186514845576
43425362,0.7773724463457253
43425363,0.6627486747304744
43425364,0.7806992211035556
43425365,0.2111526122915906
43425366,0.2363152346741406
43425367,0.28438291392308
43425368,0.2545505019201705
43425369,0.6490281465254772
36962374,0.27451972518254875
36962375,0.5000433142747468
36962376,0.3024319864792733
36962377,0.597186257175745
36962378,0.2675337490650905
36962379,0.30531291360915314
36962380,0.3737690585576607
36962381,0.17955712582514544
36962382,0.533016855641326
36962383,0.27212365297145297
37022496,0.18051025448990923
37022497,0.027661125498069258
37022498,0.02825684299661016
37022499,0.05873016270234106
37022500,0.1582594978578363
37024203,0.07057481780760018
37024204,0.10879249328484447
36962343,0.28532591542039565
36962344,0.2809056875678817
36962345,0.1881045443386191
37012645,0.5402728495236712
37012646,0.3412500024124049
37012649,0.3197503152835713
37012650,0.14620877493957327
37012651,0.2869963504028396
37022646,0.2518270582773802
37022648,0.1778207403975275
37022650,0.1898016364021079
37022652,0.12716541432671782
37022653,0.15080050359205074
37022654,0.2610831055121622
37022655,0.2581553467885361
36971652,0.1139310665037792
36971653,0.13805082290227966
36971654,0.15232616586499617
36971655,0.117253662589026
36971656,0.1812467431669342
36971657,0.11969355924223589
36971658,0.13589523040892798
36971659,0.3438840405428326
36971660,0.11386875905450404
36971661,0.09659597746974814
36992057,0.22179648839410912
36992058,0.30511732296683786
36992059,0.4346646408275845
36992060,0.28968987013728076
36992061,0.6286189328218108
36992062,0.30769928462886026
36992063,0.5852913828773266
37015713,0.14619267682915532
37015714,0.16405460398522612
36980999,0.11444299882962708
36981000,0.09685190502940182
36981001,0.13656328501246634
36981002,0.08669701436316478
36981003,0.12217456662661923
36981004,0.1192527494679106
36981005,0.08426528317491808
36981006,0.1633573329716435
36956083,0.12396927692737923
36956085,0.221207656434171
36956086,0.1894702509135412
36956087,0.1363458804040652
36970921,0.35855785584157046
36970923,0.2852058874874357
36970925,0.34857411864266113
36970926,0.3702075821202776
36987129,0.16771955086398233
36987131,0.11015772684284025
36987132,0.07334090965021073
36987133,0.1829426761507346
36987134,0.15686024550282604
36987135,0.07340512310906834
36987136,0.16883018066250524
36989605,0.4489694140668351
36989608,0.5109890088029694
36989609,0.44869109220749975
36989610,0.41142902912559715
36989614,0.4092011496001813
43432650,0.43127526808992783
43432651,0.2756134157831496
43432652,0.33952449768892584
43432653,0.13463731510018664
43432654,0.39995628989580895
43432655,0.16049710396904052
43432656,0.5524971444311849
43432657,0.618147690146964
43423232,0.4923952939956661
43423233,0.2949907584315176
43423234,0.3395743791221875
43423235,0.23039291601585207
43423236,0.21656657463718904
43423237,0.3780275920987034
43423238,0.5627480362347229
43423239,0.201615654754141
43423240,1.3114400893455764
43424778,0.11133359835999145
43424779,0.10856552201123361
43424780,0.1574059921121449
43424782,0.39912314534056814
43424783,0.14407841612514372
43424785,0.25104905287820145
43424786,0.25644775781132073
36992220,0.08033130320772225
36992222,0.06778147100682819
36992224,0.06414127697605074
36998643,0.09922201561760005
36998644,0.11884771212591884
36998645,0.2682464868061587
36998647,0.09271199614242012
36998648,0.28459201412503893
36998650,0.1056485878631861
36998651,0.3539679023009352
36995157,0.4858888513509923
36995158,0.2131247381224703
36995159,0.4522475289206639
36980050,0.04035432824371586
36980051,0.5079995969932031
36980052,0.47574990004630036
37010672,0.1481386199520665
37010673,0.14402675461437597
37024283,0.4844751001641706
37024284,0.5285505590456173
37015705,0.6823766006650962
37015706,0.07613100418953632
37015708,0.09114995296802764
37015710,0.09544739968811859
37015711,0.25050807363220184
36999302,0.2958030804235033
36999303,0.34703358353291835
36999304,0.33527704606519365
37013842,0.09145628477489763
37013843,0.09503158099618354
37013846,0.07686634050752095
37013851,0.07654505230383371
37009842,0.09679802990801982
37009843,0.11358038294512518
37009844,0.11231957541714717
37009848,0.0974694580697959
37021693,0.14045528355729633
37021694,0.1346515795404802
37023731,0.7717375751037698
37023732,0.5709594859951685
37023735,0.8481576336596686
37023736,0.9080360768667677
37023738,0.11352468036546523
37023773,0.2073644568355219
37023774,0.38423405335355615
37023776,0.14334786087687001
36968807,0.13901100452398318
36968808,0.09597761095022843
36968809,0.09317072792038117
36968810,0.10159199648253647
36968811,0.11097378929882767
36968812,0.10113793221282423
36968813,0.059291217921367434
36968814,0.3108439586085575
36968815,0.0885449663142226
36968816,0.06514105346797744
37010924,0.4112373982322711
37010925,0.35314619321491475
37010926,0.38315188845242987
37010927,0.43261903650437256
37010928,0.5977970864647163
37010930,0.36199217943382755
37010931,0.3565471060741676
37010932,0.4137688684920696
37023870,0.18922722497119152
37023874,0.1956384432729263
37024022,0.08109272087019041
37024023,0.08363932515722067
37024024,0.07742921177349579
37024025,0.0818288295830099
37023836,0.06722060892637008
37023837,0.07570712322870726
37023838,0.06864167890216061
37023839,0.07455910682557428
37024363,0.11154579808491082
37023006,0.1650782659820111
37023007,0.2649427681824133
37023008,0.1809620280988079
37023009,0.1802765017305263
37023010,0.25909039978953285
37021739,0.23957223109370496
37021740,0.2777105269608154
37021741,0.26905100943054605
37021742,0.28662002686888427
37008470,0.0496512762708777
37008473,0.11072630557278777
37008475,0.11173157106993074
37023562,0.1360562860455577
37023563,0.12945245023771718
37023564,0.12777330334450207
37023565,0.1229258974987753
37020169,0.21762554627279157
37020171,0.13288129771144347
37020173,0.20598508383408093
37020175,0.09884665248640129
36983172,0.32488914333885555
36983173,0.11879231246428205
36983174,0.12152378053459012
36983175,0.1242419475510526
36983176,0.09592148932313037
36983177,0.13707896827200322
36983178,0.12852540824029063
36983179,0.3247464420284478
36985702,0.12100156467906191
36985703,0.13150855935001776
36985704,0.12794059672225452
36985705,0.112765886432281
36985706,0.10229905309539479
36985707,0.11323436208974177
36985708,0.10960045222953033
36985709,0.09425563600301098
36961012,0.06757398416399334
36961013,0.1622602287488698
36961015,0.14443682775687114
36961016,0.2594087228444144
36961017,0.07574753949942874
36961018,0.19526703478255408
36961019,0.2524845311787149
36961020,0.08941958048033541
36961021,0.1352978419154877
37019494,0.3575788537679378
37019496,0.40785691763676685
36954966,0.2954159429938323
36954967,0.29500099407221547
36954968,0.5818592968601122
36954969,0.3101179902275392
36954970,0.29792436850871934
36954971,0.5238865929507045
36954972,0.28463415997783437
36954975,0.18445473635670756
37023401,0.38060017839415927
37023402,0.17784945701354185
37023403,0.1469036629320666
36962834,0.18676258286230965
36962835,0.26103954162852583
36962836,0.6304115741644134
36962838,0.42697480594672615
36962839,0.48808338317399985
36962840,0.3635486647172612
36962842,0.5656187395262566
37007178,0.2564804161621784
37007179,0.4850107746740679
37007180,0.5166316312670566
37007181,0.20685572702649868
37007182,0.43030426881033995
37007183,0.5830070228425939
37007184,0.23454740509325475
37007185,0.2461757090027568
37007186,0.25619316218424243
37007187,0.4893368832044491
36984787,0.1305987329877859
36984788,0.13372527073489412
36984789,0.045363626059679966
36984790,0.045328417390015564
36984792,0.15245360299388178
36979224,0.2304423527223906
36979225,0.3476406363777436
36979226,0.22021609607431405
36979227,0.26840285591829954
36979230,0.24476865497319347
36979231,0.21204948964588458
43429633,0.23231136642531042
43429635,0.21886953619940794
43429636,0.2607123290135771
43429637,0.28135861892233865
43429638,0.24885386165731965
43429639,0.24701350116031537
43429640,0.23243021210470985
43429641,0.1903293985412937
43429642,0.2233749485533207
37022981,0.7212845542103069
37022982,0.22787238206412383
37022983,0.1728769965926605
37022984,0.30946700747250055
37022985,0.25859194704866667
37022986,0.17432192196061586
37022987,1.2055109471323637
37022988,0.2703089566925485
37022989,0.26795849807939615
36967470,0.16461583691895462
36967471,0.12828564577671261
36967473,0.051087190923510516
36967474,0.14859654881852985
36967475,0.03953022300955534
36967476,0.04597804572145146
36967477,0.13130308293207243
37017665,0.05532314207155473
37017666,0.1219846147894169
37017668,0.6326865084103512
37017669,0.6244386008363203
37017670,0.1932775610884919
37017671,0.16140370085324124
37017672,0.4631938200252639
37017673,0.4697250903714609
37017674,0.14964923198151622
36993383,0.06947112553392788
36993384,0.15224250537858774
36993385,0.06928100444199135
36993387,0.280281578554909
36993388,0.2505350274750646
36974883,0.08717880176190529
36974886,0.08490159063513293
37019872,0.13080838526092062
37019874,0.20233698032711672
37019875,0.14357609713239183
37019876,0.20177493674577007
37019877,0.17509374466379257
37007732,0.56436632188199
37007733,0.07971593999322717
37007734,0.06049407050691256
37007735,0.10278832243767239
37007736,0.06764365524461
37007737,0.08057683999903029
37007738,0.34649804151510755
37007739,0.08072992468942157
37007740,0.06793938634668663
43431595,0.1613864071504662
43431596,0.1287849146295996
43431597,0.12158660741788385
43431598,0.09029448084909646
43431599,0.0940077859430429
43431600,0.16175349573377548
43431601,0.1073985596756184
43431602,0.10759552192254894
37018915,0.05729891906745454
37015232,0.11452963793214666
37015233,0.16954733610456654
37015234,0.13899558074879212
37008234,0.058397992816021614
37008236,0.05673613029396928
37008239,0.055744353407455156
37008240,0.059985472725601036
36999173,0.4180534182351556
36999174,0.09717097583301013
36999175,0.131029210798481
36999176,1.1253461608265742
36999177,1.009548560706687
36999178,0.28155875501950967
36999179,0.09511045178585481
36999180,1.0609761693073787
36989480,0.12180682977564632
36989481,0.23213578236703347
36989482,0.17458344290137093
36989483,0.19382694589378444
36989484,0.19928066643163334
36989485,0.18537380704249343
36989486,0.1685083543673394
36989487,0.47669522164775247
36989488,0.11838345884403423
36990657,0.10147153541928837
36990659,0.1833456251361363
36990660,0.08049125674998728
36990661,0.10193106563647375
36990662,0.08292314866249718
36990664,0.17568549551980828
36990665,0.10293695211098135
43429742,0.08757965984329653
43429743,0.09923305732136051
43429744,0.0868388983402192
43429745,0.08308551171338742
43429746,0.1271553903849204
36997170,0.3372718835514347
36997171,0.3593341353402256
36997172,0.3077035262020229
36997174,0.30722587642275656
36997176,0.70703272460023
36997177,0.3417700543170161
36995989,0.11698616721294731
36995990,0.25449612831660684
36995991,0.1465389402859563
36995992,0.23507148710513304
36995993,0.34467158067819065
36995994,0.1107510372973426
36995995,0.10488827915099608
36995996,0.1406916003645835
36995997,0.6546818925932468
36995998,0.1286175761126941
36987219,0.4661555394966121
36987220,0.13075487118134654
36987221,0.06534377748755615
36987222,0.6780806027994771
36987223,0.31812396456120734
36987224,0.11922122807971301
36987225,0.08688951849095053
36987226,0.14500372197712824
36987227,0.504013055935599
36972994,0.11117156348356107
36972995,0.1284388641168059
36972996,0.11081959629389544
36972997,0.5889542265686136
36972998,0.15442690071905557
36972999,0.11350126670224947
36973000,0.0902466651579292
36973001,0.0907717991923015
36973002,0.09572794967777916
36977422,0.13169951918814712
36977423,0.1430553368546695
36977424,0.15615002895425725
36977425,0.17224242480323396
36977426,0.18581521756786595
36977427,0.13090989736818692
36977428,0.3108345084879623
36977429,0.978098388031337
36977430,0.985334722886207
36977431,0.14970440423490358
36986688,0.24207485578626567
36986689,0.20530505678583846
36986691,0.23620217772164295
36986692,1.5953702554773097
36986694,0.20828021129925667
36986695,0.21266000132863722
36986697,0.20425784635632488
36989093,0.19929786618453948
36989094,0.1377157407343983
36989095,0.23585819064774108
36989096,0.24007658813366953
36989097,0.06978600548964102
36989098,0.0817072431817542
36989099,0.1584285442318987
37007201,0.18639334465251822
37007202,0.11312718409280387
37007204,0.23214374412018496
43427055,0.10267397201752466
43427057,0.059610561783082536
43427058,0.06190886682010254
43427060,0.09214534434765438
43427061,0.09673342989458658
43427062,0.5999667095310732
43427064,0.06701098419783229
37021096,0.0717014408627275
37021099,0.08076370924403575
36980749,0.1292682741669815
36980750,0.3302491927835925
36980751,0.11722185741387413
36980752,0.18974974891239332
36980753,0.1312178373233727
36980754,0.10871695110624463
36980756,0.12183762751015362
36980757,0.11862007127757428
36980758,0.07576456734033271
37011650,0.07915537937365029
37011652,0.07943099190544625
37011653,0.07709972898898627
37011654,0.08779084673706988
37011657,0.08374321252293783
36980382,0.2110572104607473
36980383,0.3041271292860282
36980384,0.1381774042387381
36980385,0.47887925436007756
36980386,0.15738470429064255
36980388,0.13490989792994357
36980389,0.2621419287124029
36980390,0.33383583361119235
36980391,0.16905168553511796
36976542,0.2766835885362908
36976543,0.21769018741831783
36976544,0.10848804744682669
36976545,0.7752961210037786
36976546,0.12193941268950174
36976547,0.2022785500202268
36976548,0.11249664306464252
36976549,0.23335105587064067
36976550,0.12041919325379362
43421018,0.2462650403917261
43421020,0.22681668941726052
43421021,0.20068877966613796
43421023,0.09542354095217184
43421024,0.20061239178830298
43421026,0.14429205355217017
36959509,0.5926235110451209
36959510,0.2778212425294758
36959511,0.23928435190993363
36959512,0.13621617367721645
36959513,0.33524608434917685
36959514,0.21190124322477671
36959515,0.16957292765984566
36959517,0.1422923640185836
36959518,0.29701313019767805
36998687,0.2542856111411716
36998688,0.08237972835138575
36998689,0.09855108436933936
36998690,0.06244993265354938
36976134,0.5139182050770384
36976135,0.5075426274854657
36976136,0.23249656749470024
36976137,0.23478798604495524
36999260,0.15075231203479905
36999261,0.12178070990999587
36999262,0.14574517130517928
37017170,0.1486275636351577
37017171,0.07579122861206423
37017172,0.09781373129538025
37017174,0.15285700664679824
37017175,0.1852025175412407
37017176,0.1519874587783948
37017177,0.06314989023421158
37017178,0.061213000337686486
37017179,0.12531535493357462
37015949,0.448269080760809
37015950,0.17228116681818076
37015951,0.27877437497139135
37015952,0.38155014775815344
37015953,1.3627101451815946
37015954,0.19570145096971345
37015955,0.21890397372659243
36977034,0.30312351375252056
36977035,0.22917427084325465
36977036,0.22453170170932474
36977037,0.3249157012401579
36977038,0.3134872469227235
36977040,0.2812315731227611
36977041,0.2917664002628774
36955723,0.5192650699428152
36955724,0.05981311855368884
36955725,0.18951956254621694
36955726,0.28232775798473453
36955727,0.32165794564609673
36955728,0.21429560863015432
36955729,0.20027894581831243
36955730,0.11118997732346134
36955731,0.07243570030856344
36981365,0.045491832425242705
36981366,0.09106355790430477
36981367,0.041154996826991024
36981368,0.04883938895909631
36981369,0.04886679413982343
36981370,0.05485054658484587
36981371,0.1124201761932875
36981372,0.04610283578607233
36992835,0.21385794955991788
36992837,0.32280823683488863
36992838,0.4284164618384721
36992839,0.3515822211563458
36992840,0.36645661734630586
36992841,0.23969984608468134
36992842,0.35766849253466393
36992843,0.7124273723531098
36972648,0.04871874297971376
36972649,0.04934936971134437
36972651,0.1111705941999755
36972652,0.12360653752897616
36972653,0.06343429205805606
43423280,0.7198158900855012
43423282,0.06663165964042954
43423283,0.07305905845066332
43423287,0.07539825739391665
43423288,0.06679986505821202
36988380,0.16347490123211014
36988381,0.17095039273712118
36988382,0.19559634087874447
36988383,0.19264005812378898
36988384,0.19194994277118582
36988385,0.24486311416037682
36988386,0.1494134901310534
43422626,0.078438577268561
43422627,0.15593904382384155
43422628,0.08075005008593197
43422630,0.10770310180709167
43422631,0.09901381989850477
43422633,0.15000613035947782
43422634,0.08056858708923748
37008826,0.27795987871757766
37008827,0.10443330658477054
37008828,0.17583732946848551
37008829,0.22928950701965534
37008830,0.13626635049184238
37008831,0.09606080910838054
37008832,0.1401200360057377
37010209,0.5837325945574924
37010210,0.2966476579983388
37010213,0.06413593387519348
36979740,0.22621969740724865
36979742,0.18702307382109834
36979743,0.1865057037181991
36979744,0.4108969291253954
36973330,0.03648950360520699
36973331,0.04487393380394514
36973332,0.04718023048343909
37023957,0.30072869668360347
37023958,0.2012665973911993
36999359,0.351330143389663
36999360,0.15185255801034653
36999361,0.16585715056181244
37021394,0.12877385266793423
37021395,0.054462401056300506
37021396,0.07789844392824
37021397,0.21309204036753274
37021399,0.053726680549730184
37021400,0.1220957598818895
37021402,0.16324305577769252
37024121,0.03448951112824136
37024122,0.03921986966275064
37017818,0.08716849654642934
37017820,0.08644618651649386
37017821,0.3181228560766425
37017822,0.08524344740463215
37017823,0.09829140029023524
37021014,0.10481425955711512
37021015,0.10958808664216761
37021016,0.07383036636079816
37021017,0.10836265245179565
37023041,0.05758196107207829
37023042,0.047124126136449514
37024246,0.15682691622990447
37024247,0.12748264934559722
37024248,0.2744659316481406
37022398,0.04749548539651173
37021589,0.13324443261359972
37021595,0.0713109883484598
37019066,0.08496278450069518
37019067,0.07277229912990239
37019069,0.08165225932151485
37019071,0.07607971703320864
36963531,0.1297358894571481
36963532,0.2109830699289733
36963533,0.19012209366682425
36963534,0.13278042157411962
36963535,0.17685080077219073
36963536,0.14603781485436704
36963537,0.18646169921331143
36963538,0.1258442553394551
36963757,0.1028685234142456
36963758,0.11855061666638578
36963759,0.11693469919983743
36963760,0.3386445688314696
36963761,0.07985760847471805
36963762,0.11247466079819689
36963763,0.12558144482814215
36963764,0.12125340719387176
36963765,0.2705415957394449
37023340,0.19098553638362348
37023341,0.11736204417355912
37023342,0.09796209551592024
37023343,1.3182369594471814
37023344,0.21441536505742131
37023345,0.13706345894547453
37023346,1.5392494190285866
37023347,0.3235984554764972
37017691,0.319441340404573
37017692,0.2659374603803716
37017694,0.32501665634371524
37017695,0.1980368410148006
37022600,0.27672261492401923
37022601,0.27493675246388444
37022602,0.27689685584147544
37022603,0.2227796779928246
36974016,0.5080819014167547
36974017,0.12540111429209563
36974018,0.05122922275422559
36974019,0.13734840288220523
36974020,0.050433011888067106
36974021,0.04444390635741791
36974022,0.06647684077436303
36974023,0.1335400331335623
37019405,0.047653370661612016
37019406,0.046856826914300244
37019407,0.04432906542528922
37019408,0.04385778429208138
37019409,0.10156229989346548
37019410,0.18470390490081884
37019411,0.07443156012467048
37019412,0.1395901557958483
37017230,0.2957119519423654
37017231,0.29523878438008655
37017232,0.21783987954710893
37017233,0.27852457648957785
37017234,0.3413822642080688
37017235,0.29440199580179116
37017236,0.3181657580334873
37017239,0.25770565981702775
37009083,0.06946030650142689
37009084,0.08503127825857798
37009085,0.10288585067676544
37009086,0.06588228057536566
37009087,0.06953951302990456
37009088,0.09089376551149032
37009089,0.0737291495895274
37009090,0.09344973460473734
36971847,0.1454550779461231
36971849,0.14670435611629562
36971850,0.5395693394128247
36996597,0.3584668944524725
36996598,0.39714777063287726
36996599,0.41244925920640163
36996600,0.36552319931958616
36996601,0.34422608868013066
36996602,0.43199663291169094
36996603,0.29898699427106784
36996604,0.38354358305426245
37022727,0.27826937454206474
37022728,0.26591069382880345
37022729,0.18493524772826145
37022298,0.1265371133003003
37022300,0.13298579218807446
37022302,0.22755702224238264
37022303,0.24899847300644748
37022304,0.23311006475365104
37022305,0.1277777487214511
37022306,0.12599945175285243
37022307,0.2123396073897712
36970702,0.6170630941549077
36970703,0.13699880954258573
36970707,0.5828580149448682
36970708,0.5975787844751196
36962582,0.8301682898350354
36962583,0.20634470493319346
36962584,0.4464263844889839
36962585,0.14793701394917969
36962586,0.1570353635890675
36962587,0.748740514848413
36962588,0.7416504874289441
36962589,0.39730036365452165
36962590,0.16520389224522855
36962591,0.49458442232534017
37009998,0.292188102899726
37009999,0.04691496546394237
37010000,0.055216273019013225
37010003,0.05883207687998537
37010004,0.07053884325971418
37010005,0.14715514734175175
37010006,0.06970441239669822
36974981,0.053589823245936266
36974982,0.05419524881635464
37008490,0.1705037304250947
37008495,0.2425649009253903
37015698,0.17333124064662042
37015704,0.24036250819150276
37020655,0.18704388916758935
37020657,0.11301422405606898
37020658,0.24371688852399306
37020659,0.08930097392178303
37020660,0.22446921432982186
37020662,0.19355856754957487
37016267,0.15465116144871982
37016268,0.16820169795136533
37018406,0.11198348119190492
37018408,0.7289137260447606
37018409,0.07735294881116447
37018411,0.3185008691018842
37018414,0.11271080448090143
37018415,0.2757255740810109
36956860,0.05289167096672121
36956863,0.05266627275441937
36956864,0.06874131726608522
36956866,0.07614119671728459
36958001,0.6026386888935161
36958002,0.21714695790451932
36958004,0.17306357921164003
36958005,0.23765335784092048
36958006,0.5729722851291129
36958007,0.16408382951130623
36958008,0.22262103298567082
36958009,0.3851812140858078
36958010,0.4159261092425554
36999388,0.130360806860723
43432262,0.15865538943311486
43432263,0.0982520914052906
43432264,1.3047322648276436
43432265,0.16758164096510142
43432266,0.7924105004096125
43432267,0.14975552377081852
43432268,0.21926711588719433
43432269,0.1522467155270358
43432270,0.16928062393665785
36985699,0.06734283898522438
43429316,0.2035517803536197
43429317,0.3770915080344473
43429318,0.17613746162557062
43429320,0.06376741054142715
43429321,0.17465742383826752
43429324,0.5332145007081562
37015123,0.4470084222192483
37015124,0.30856400877595047
37015125,0.38922206541367665
37015126,0.2539003693631417
37015127,0.1792159000537711
37015128,0.17500222529479362
37015129,0.10429762374122507
37015130,0.24725898996661916
43424488,0.5407276172396761
43424489,0.981148813833607
43424490,0.16231029365579422
43424494,0.19407916910109888
43424496,0.159082119524513
43431650,0.1460147908848348
43431651,0.338388325335866
43431652,0.10401552568944529
43431653,0.7184810052318245
43431654,0.6823602521556691
43431655,0.5376549089676451
43431656,0.35856986962214277
43431657,0.3872707375523147
43431658,0.19617061949511547
36998720,0.16471198504684442
36998721,0.23968554531648603
36998723,0.16320028831425698
36998725,0.291088836405653
36998726,0.2111965321055418
37017721,0.12750613045862957
37017722,0.7402623355518865
37017723,0.1227262137807246
37017724,0.11957213499305434
37017725,0.4781676543307583
37017726,0.09195176243072684
37017727,0.16872277174061925
37017728,0.15143602393821484
37017729,0.09924588955951712
37008076,0.10721647977647224
37008077,0.13228643131878653
37008079,0.37552270490806117
37008081,0.1359266635616948
37008082,0.12301244215392321
36980739,0.1463622854767213
36980740,0.15577743984388298
36980741,0.1885743821992852
36980742,0.5145779506102904
36980743,0.2799896667708572
36980744,0.04162426619362374
36980745,0.19366529442557417
36980746,0.24855306072036545
36980747,0.462154039827736
36980748,0.16645267662956756
36997315,0.30558282175211854
36997316,0.24168552106997576
36997318,0.23430382390778126
36997319,0.21954073831163035
36997320,0.22496194336072142
36985743,1.1034205066795257
36985744,0.8812499463014909
36985745,0.3759153342027869
36985746,0.033108552593237445
36985747,0.97598613168615
36985748,0.3461056705262105
36985749,0.11625411212487921
43429960,0.13961644291177913
43429961,0.17019719076500162
43429962,0.0836829825401568
43429963,0.1715130490833085
43429964,0.1495549022824445
43429965,0.22120716754047046
43429967,0.07034148659142904
43429968,0.2253845984473593
36989344,0.18946650322549066
36989345,0.17971569181342745
36989347,0.3217501540811354
36989348,0.16612504145384388
36989349,0.09804645989647004
36989350,0.1982813639436276
37011658,0.14167411237084276
37011659,0.1101116479116688
37011660,0.11160774290121017
37011661,0.21432962346657541
37011662,0.12563964364386018
37011663,0.18722127803212238
37011664,0.15802484561415792
37011665,0.11362582155324047
37011666,0.16067683853693895
37011667,0.10517347466378824
36987670,0.2787319500776893
36987671,0.41460710946069124
36987672,0.2251152534225839
36987673,1.2589502196721307
36987674,0.2734746410428628
36987675,0.3619524112911709
36987676,0.3002445589628805
36987677,0.2940186925791955
36987678,0.17853549002247895
36964283,0.4328383490121718
36964284,0.8156332444123795
36964285,1.6875838896314668
36964286,0.41875243097624826
36964287,1.6470643087972314
36964288,0.3915779431614933
36964289,0.6960528179924155
36964290,0.3758181152082739
36964291,0.23408842263053908
36962519,0.3274232179964252
36962523,0.26429046681056156
36962526,0.20472489130893728
36962528,0.19725925790051624
36955827,0.1864014015780056
36955828,0.12008920666162294
36955829,0.1311852272733059
36955831,0.13105170835305935
36955832,0.1487779254784417
36955833,0.12733199803721088
36955834,0.1263676431402174
36955835,0.2654532636683412
36991420,0.3936426762037853
36991421,0.18446553480628283
36991422,0.34477185014252926
36991423,0.3780215754852305
36991424,0.3408578454971294
36991425,0.2635097847652662
36991426,0.2604112068970493
36991427,0.2527742762352441
36991428,0.28092243681681695
36964788,0.04626477614563212
36964790,0.04760552523858085
36964792,0.05618594707167919
36964794,0.08426619109661433
36964795,0.04427564779759226
36964696,0.0269790449399419
36964697,0.025510229816573818
36964698,0.02718327685403405
36964699,0.027125575547508177
36964700,0.027252297507835158
36964701,0.026943550189500138
36964702,0.02715371476322775
36964703,0.026237530290642148
36964704,0.026852849423570264
36965332,0.15258300132913002
36965334,0.13758645311414847
36965335,0.21616535219711358
36965336,0.2535800782214915
36965337,0.5517933430765116
36965338,0.11662952764765186
36961091,0.12788490182639198
36961092,0.09868987141560999
36961093,0.11872767494345021
36961096,0.12369499383444214
36961097,0.11784810097974432
36961098,0.10344573811142022
36961099,0.12572787695918727
43421088,0.3957927231550145
43421089,0.22272284482254223
43421090,0.15476039617794762
43421091,0.44299560473741245
43421092,0.6133218444869744
43421093,0.21557684234071975
43421094,0.225350481080984
43421095,0.13690122914780337
43421096,0.12666922182506463
37013144,0.37155816361642646
37013145,0.12261084249096565
37013146,0.15733122202793862
37013147,0.07885290923496556
37013148,0.44281468905502513
37013149,0.08972553727708606
37013150,0.045251745559580295
37013152,0.5781282424864599
37013153,0.19391646673821078
37006624,0.18222808961603065
37006625,0.8146710793653794
37006626,0.3258398747722963
37006627,0.045608772132132984
37006628,0.06293346440109227
37006629,0.12435181641546653
37006630,0.16185022060068663
37006632,0.19055790489860633
37006633,0.20492281013857552
37006563,0.405295629925212
37006564,0.0996706833378718
37006565,0.14013410889443773
37006566,0.10548791017724823
37006567,0.5023515020607346
37006568,1.1379798156800571
37006569,0.3030390797377151
37012897,0.06965592378436278
37012898,0.05509990692834467
37012899,0.05846939500058766
36976146,0.11821664218799897
36976147,0.11034829172057538
36976148,0.09970102033970636
36976149,0.12448806985563597
36976150,0.08733206280123029
36976151,0.11084394861438607
36976152,0.1099640013060623
36976153,0.09627896328520538
36993466,0.07044606269780071
36993467,0.05596251390344191
36993468,0.05771988356469214
36993469,0.05443309376715025
36993470,0.06910781586200225
36993471,0.05254717257971803
36993472,0.05489538695420207
36993473,0.0582368957941965
37018139,0.1833649887627658
37018142,0.16170770217868624
37018143,0.1937884536313556
37018145,0.13185387348370708
37018146,0.11535286960022136
37018147,0.652492143377733
37015808,0.16766763005390323
37015809,0.7538682831324658
37015810,0.3479011887474703
37015811,0.1769825513184175
37015812,0.2610616971149624
37015813,0.7682253484891548
37015814,0.39906622714527507
37015815,0.697121970135181
36985737,0.2217697474702282
36985738,0.33389799810911613
36985739,0.25593233987619896
36985740,0.22674437908954526
36985741,0.25588600479398915
36985742,0.22796732828959085
37024392,0.04546953242611862
37024393,0.044570668019068456
37018805,0.07171385111717525
37018808,0.12470476459244488
37018809,0.09371884295373473
37018811,0.12936259030741878
37013953,0.13785132190646923
37013954,0.10691026618803784
37013956,0.15177848507315733
37013958,0.13076376111349583
37013959,0.1973631419013526
37013960,0.1610447436917816
36999060,0.0633290871490005
36999061,0.10782506917484032
36999063,0.09595037298165374
36999064,0.48278178575703695
36999066,0.28160548083375864
37016451,0.14124565416186946
37016453,0.13614354662605999
37016454,0.14812306121368052
37016456,0.14355535088434343
37021797,0.03916763662898139
37021798,0.10604971037368201
37021801,0.10605652594354921
37021803,0.03173264946403895
36985431,0.06544016410863263
36985432,0.055011276139640054
36985433,0.3771895756374476
36985434,0.11329583649898534
36985435,0.872745784442014
36985436,0.19417591274848284
36985437,0.24543427004748478
36985438,0.8337016786108741
36985439,0.1497293757313604
36985440,0.17273003668005205
37024166,0.3593556185294759
37024167,0.06652531167058554
36980880,0.05826816614342341
36980881,0.05689566054661657
36980882,0.07153082561844884
36980883,0.056520636153206086
36980884,0.1620356126012701
36980885,0.04933722681320344
36980886,0.16947504059592308
37017975,0.4130252299480872
37017977,0.4228890164717284
37024385,0.07657445784728027
37024387,0.1200977897010758
37024388,0.09759926125812554
37014314,0.08258507798736622
37014315,0.05652985756657882
37014316,0.07216272588316731
37014317,0.18128471930336543
37014318,0.08795860893030491
37014319,0.11923683311568524
37014320,0.11138744353556236
37014321,0.1495484928001782
37019156,0.24417322852635054
37019158,0.11114417069896652
37019159,0.1114506028107397
37019160,0.12172325955146568
37019161,0.2146447025382506
37008604,0.1662639680533161
37008606,0.14313402031026298
37008607,0.15379696078975738
37008608,0.23886659728584292
37008610,0.14998852369410332
37008611,0.09276260729566362
37008612,0.07770469552319419
37017657,0.5811584903770999
37017658,0.6434324054168252
37017659,0.97788517861049
37017661,1.1163094819335
37017662,0.35148930428112046
37013598,0.49320843101688633
37013600,0.3675719562462051
37013601,0.8718514564877076
37013602,0.11696336263254903
37013606,1.3041920815854762
37013607,0.1400703165703719
37014679,0.14335860628273092
37014680,0.15085504461624624
36967804,0.10684285043172494
36967805,0.1188243781678915
36967806,0.08582989937596924
36967807,0.7476412819084863
36967808,0.1395998462610489
36967809,0.06980098675674452
36967810,0.08126848967284196
36967812,0.3963477155536302
36967813,0.31242294295788653
36965151,0.20010954838545453
36965154,0.18430931737770576
36965155,0.1821563381730261
36965156,0.23198190195514584
37023406,0.08880376596388939
37023408,0.09977938296566391
37021954,0.18676526950282554
37021955,0.14793509129089052
37015290,0.052499349220230314
37015291,0.03744818010381547
37023566,0.08193970546548865
37023567,0.18113340732900904
37023568,0.11555890824839721
37023569,0.08018926467487494
37023570,0.07984550924271738
37023571,0.12000624262156205
37023572,0.09804589688887279
37023573,0.07030911039940563
37023574,0.1875543952976906
37022588,0.08824252272182947
37022589,0.05873112632044933
37022590,0.057786521580619477
37022591,0.08856063538638495
37018746,0.1290525958070249
37018748,0.12748453990598307
37018749,0.12848908323068917
37018752,0.21846539298421644
37018753,0.2068479244964818
36990972,0.1691968734812091
36990973,0.18360649813950294
36990975,0.22073165259599317
36990976,0.4997554087302132
36990978,0.4807087078552285
37023984,0.15318082634744534
37023985,1.127124507049684
37023986,0.33052539047507506
37023987,0.31328826356300726
37023988,0.5414627277127685
37023989,0.1318766856300285
36983450,0.14367836296661424
36983453,0.34840872886253416
36983454,0.18589135025993808
36983455,0.16878494357531446
37017816,0.07438919711508099
36957973,0.19885482586496891
36957974,0.17718730502732732
36957975,0.12752462113369997
36957976,0.44616197291262943
36957977,0.6135526568891166
36957978,0.18839826371668153
36957979,0.14432388987124775
36957980,0.25846103511441915
36957981,0.26694463564332466
36969279,0.07058884947190674
36969280,0.4540163227917958
36969281,0.05823978861324613
36969283,0.05658028942748509
36956792,0.49957580261099244
36956793,1.0700687765952204
36956794,0.24374786355815167
36956795,0.2445257231321155
36956796,0.26272178085084935
36956797,0.10463198179101349
36956798,0.21326282294488083
36956799,0.2996179644649636
36956800,0.2226224973806102
36995286,0.14929479549177724
36995287,0.11327960940288458
36995288,0.11719342664320796
36970542,0.1334978019660445
36970543,0.15508229391344122
36970544,0.1770716199606011
36970546,0.10243028780769504
36970548,0.18143640458458324
36970549,0.13097472724947284
36970550,0.13318238019939452
37014191,0.1164723415623487
37014194,0.07831317509046962
37014195,0.11942403869346499
37014197,0.07824029115649077
36984481,0.2107727032997685
36984482,0.23128334029331588
36984483,0.20493300830556002
36984484,0.40221984254713705
36984485,0.1315458292286978
36984487,0.22589232075015508
36984489,0.10206356956954571
36984490,0.08734270563653761
36969808,0.3171962934575858
36969810,0.3167041834213725
36969811,0.3767554946134716
36969812,0.9766635138536431
36969816,0.7343324125681822
43430122,0.11587569457043934
43430124,0.11254947197637595
43430125,0.09528914183180147
43430126,0.11189376788813514
43430128,0.12045063031937595
43430129,0.11559360595834947
43430130,0.08738603014569069
36955836,0.18327175028578763
36955837,0.2521607038179866
36955838,0.3046558609416978
36955839,0.2518544023292322
36955840,0.7592912877246988
36955841,0.2660671468674521
36955842,0.17647227505321025
36955843,0.2941593936389366
36955844,0.24584852811121463
36978609,0.11457752804882836
36978610,0.10343361808778204
36978611,0.1572319295181891
36978612,0.1547936068491728
36978613,0.12870853407630642
36978614,0.10482295604559813
36978615,0.11359879123140551
36978616,0.11856420850339407
36969459,0.27414627079079334
36969460,0.12774980878861256
36969461,0.279234266130035
36969462,0.314678945882676
36969463,0.12339634940512416
36969464,0.3448026859565001
36969465,0.12875384000956758
36969466,0.45968070510917697
37006534,0.16992823072697083
37006535,0.0679885335544128
37006536,0.05550859940460446
37006539,0.057289989634120755
37006540,0.195007158656613
37006543,0.059276867475413296
36978288,1.6772623999605707
36978290,0.22664691460189035
36978291,2.0701911501722057
36978293,0.1569398907717228
36978294,0.16195224538088948
36978295,1.9072114199603816
36978296,2.270515060820411
36955597,0.22114976545624956
36955599,0.446685363166298
36955600,0.566013100692982
36955601,0.5799387285077745
36955602,0.5718881299535751
36955603,0.2168998258785357
36955605,0.2910999211758902
37014486,0.4127202916042028
37014487,0.15472160845987798
37014488,0.5683314473456823
37014489,0.561024703501124
37014490,0.4239201136119578
37014491,0.4882515927593481
37014492,0.308499383693772
37014493,0.2512963134675954
37014494,0.41089213641357364
37014495,0.14538933752766278
43420852,0.38963255125068774
43420853,0.11975546423305639
43420855,0.5377472959398819
43420856,0.13481357404539998
43420857,0.31102316398296903
43420858,0.14052867152557116
43420859,0.1568107450211143
36997019,0.1441681906705557
36997020,0.2691182010042338
36997021,0.3516539601376344
36997022,0.10448474040727258
36997023,0.11987868252006754
36997024,0.37654355311252174
36997025,0.23385313646888353
36997026,0.17062513549342495
36997027,0.35251791476686867
37014730,0.13689419153247415
37014731,0.19186924800169344
37014733,0.12045871603333941
37014734,0.2004159409668013
37014735,0.22021884291003962
37014736,0.19872407429004948
37014738,0.1647386448419968
37011138,0.18491037875099828
37011139,0.11727087017400954
37011140,0.19127394637287148
37011141,0.22176409664610344
37011142,0.15433223041812547
37011143,0.507517470989089
37011144,0.16023685785542932
37011145,0.21984391670665346
37011146,0.24587475422664257
37011147,0.14061280187726435
37006834,0.18257677228991734
37006835,0.35209974478234723
37006836,0.2816002284559932
37006837,0.1607704135530684
37006838,0.15584037188362976
37006839,0.15130244524696357
37006840,0.19298089747749506
37006841,0.5992720688323646
37006842,0.4108124082613285
37006843,0.19518839295419743
36974853,0.09255273455392442
36974855,0.10422844668113854
36974856,0.20493408536475416
36979001,0.09471106221700053
36979003,0.0950134982562316
36979004,0.3072100025050471
36979005,0.09172310196802211
36979006,0.10189661389638123
36979007,0.3564618852259055
36979008,0.09195152822237117
36979009,0.438363547972253
36979010,0.13826041410386464
43424080,0.47158839691836
43424081,0.54998948564842
43424082,0.6682157788008807
43424083,0.8946795959738559
43424084,0.12885082570782266
43424085,0.43497733820242734
43424086,0.5091752771720089
43424087,0.1612682150014411
43424088,0.33611351204483203
43424089,0.3649114345549088
37010674,0.3699616088860963
37010677,0.8019809542441642
37010678,0.3203084149412735
37010679,0.20140280232131882
37010680,0.22426690580873831
37008068,0.24767997096684335
37008069,0.837717300018979
37008073,0.7826742921485084
37008075,0.2671449433414009
37014690,0.15425312989275108
37014695,0.15648734071604223
36990283,0.2416466393732483
36990284,0.14095961126930248
36990285,0.10597005790772196
36990286,0.12487393687493287
36990287,0.1898149802949299
36990288,0.18781091555335308
36990289,0.09242024937128664
36984838,0.20287532499468575
36984839,0.3536006916407612
36984840,0.3272336068169713
36984841,0.20963717531716441
36984842,0.3316981704042927
36984844,0.3247726902088988
36984845,0.28902256339519244
36984846,0.36627827775078453
36984847,0.283704063034901
36995859,0.2954846919982882
36995860,0.15765043431925443
36995861,0.20129941180048683
36995862,0.6877546687578059
36995863,0.223766164471935
36995864,0.29032393660883227
36995865,0.3691663391120246
36995866,0.1830391830441367
36995867,0.20333023572895126
36995868,0.36500027821675657
36976251,0.19785180839455604
36976252,0.20627280815615529
36976253,0.18127104789886117
36976254,0.10996400207907539
36976255,0.1076525792572455
36976256,0.11506024045506184
36976257,0.3016955180282307
36976258,0.18769527493680224
37007327,0.4373929262668704
37007328,0.20526846278825228
37007329,0.23610912713892046
37007330,0.3321395543082238
37007331,0.25297658808166135
37007332,0.098453202130368
37007333,0.296699286474506
37007334,0.23797606724782105
37007335,0.21950220038402102
37007336,0.6942059592167417
36972308,0.14151947319315922
36972309,0.15169505099723113
36972310,0.1489404236163231
36972311,0.23997866072583662
36972312,0.1392049247576071
36972313,0.12233689107500308
36972314,0.17951918164303102
36972315,0.3083881555990817
36972316,0.1788596711925868
36972317,0.13582128801157056
36983040,0.11431518954752094
36983041,0.13064702463503705
36983042,0.13144489767048836
36983043,0.10657492975584175
36983044,0.13151556434199355
36983045,0.1339220295490751
36983049,0.14652355360255404
36957937,0.4605765964330119
36957938,0.31064013407181856
36957939,0.34449378814556114
36957940,0.21622585696524932
36957941,0.24548146182577507
36957942,0.18539011830414434
36957943,0.15690600507815508
36957944,0.11560665501566884
43427500,0.19243134179588103
43427501,0.06149481619431835
43427502,0.10674553794618614
43427503,0.11996046672431797
43427504,0.36149550897220895
43427505,0.1392340396632608
43427506,0.20755102135272036
43427507,0.24813703495332146
43419508,0.1912066817525196
43419509,0.48987370254513546
43419511,0.31220783738629804
43419512,0.2741742961794654
43419513,0.2403360995695089
43419514,0.19366806965656433
43419516,0.27373134748681693
43419517,0.44622219361908183
43425545,0.1609204135950204
43425546,0.10108664879520769
43425547,0.356215017210738
43425548,0.28410772457586286
43425549,0.2125406918903412
43425550,0.18138943329542073
43425551,0.42722876939826887
43425552,0.17779958356845205
43425553,0.2302454383428084
43429690,0.2596047057232431
43429691,0.5559181688338489
43429692,0.5490130257307556
43429693,0.24399533618242303
43429694,1.414512673145282
43429695,1.4595708861134775
43429696,0.7709882506533741
43429697,0.16400397624990065
43429698,0.1996441015430031
36988041,0.18437460141491016
36988042,0.26859231473415845
36988043,0.09303318002860837
36988044,0.0911276210224676
36988045,0.09503515570123679
36988046,0.20943602831899308
36988047,0.49249774505991684
36988048,0.565995598792699
36988049,0.086110226304031
36993539,0.20746871961516086
36993540,0.09962162984095468
36993541,0.08278181090689753
36993542,0.0984028123845344
36993543,0.9543895940442411
36993544,0.8924525567574875
36993545,0.6238085319205303
37022955,0.7336622748443603
37022956,0.17105829383086604
37022957,0.23729947939094756
37022958,1.0459998495535967
37022959,0.7396993115984359
37022960,0.6438347043538801
37022961,0.16889908724337094
37022962,0.2516804062961571
37022963,0.7953100743667726
37022964,0.3999398966642015
37009357,0.06783070848957445
37009359,0.07344276408826457
37009360,0.0952874816761323
37009362,0.0733635672802435
37009363,0.08033626308047742
37022623,0.09395664295076009
37022624,0.10269105543551926
37022625,0.09959821150343914
37022628,0.1390607913993372
37022791,0.08898049876807336
37022792,0.07822344437773487
37022793,0.09256370780722287
37020124,0.5412560564950781
37020125,0.24743378298143928
37020126,0.8814187019160888
37020132,0.1501471409306504
37009630,0.11988081035107316
37009631,0.0700346440527138
37009633,0.046937841846326524
37009635,0.08580928716324254
37009636,0.06316207379868088
37009637,0.06979820076095969
37020374,0.3419498448614427
37020375,0.3663171877301006
37020376,0.11331469370296014
37020377,0.3654291357361606
37020510,0.14155230904103389
37020511,0.10784090298008459
37020512,0.11226183118407157
37020516,0.13831668381334525
37020517,0.13058815018219386
36982143,0.18038666257350075
36982148,0.2857775095133269
36982150,0.28624194332189484
36971670,0.1342154016598379
36971671,0.0811370996201166
36971672,0.07923375761713783
36971674,0.08309831888807195
36971675,0.07596805675869936
36971676,0.07804268935794664
36971677,0.07664045376097524
36983821,0.08965525348539513
36983822,0.31611089712040763
36983823,0.0857640745199103
36983825,0.05809586336024755
36983827,0.19355516480250812
36983828,0.09084734363754896
36983829,0.20482033230546778
36983830,0.08231269037045502
37023690,0.0987838641465695
37023691,0.10665679915220973
37023692,0.10997858578481463
37023693,0.10573663288614644
37023694,0.11415231138914558
37023695,0.1041774132837251
37023696,0.08936345583358765
37023697,0.10125091139422171
37023698,0.10829277631346483
37017948,0.10400821305390047
37017951,0.17786331768583796
37017954,0.17753513791445058
37017955,0.11616555301531513
37019487,0.34844732377027676
37019489,0.3099679471855962
37019490,0.297182793467855
37019492,0.38739629230593375
37014303,0.2274951150777715
37014304,0.1604943323284903
37014305,0.160915727513667
37014308,0.22912841223952188
36961676,0.3613010359150114
36961677,1.093013976903274
36961678,0.6121194149853517
36961679,0.29244946541324124
36961680,0.5058464968599343
36961681,0.13491956785227913
36961682,0.3555070395196558
36961684,0.3052837586707081
36964014,0.1696528123227825
36964015,0.20100171224961955
36964016,0.305997459711473
36964017,0.3129224288128505
36964018,0.8235234934298693
36964021,0.972393478637253
36964022,0.12184925207798847
36964023,0.18361400099731645
36992501,0.33406650079666633
36992502,0.535929480357523
36992503,0.1977435138407114
36992504,0.19705859895199718
36992505,0.08719080370184762
36992506,0.33653549694352414
36992507,0.43616566086093156
36992508,0.2301138504289063
36992509,0.21390249646362766
36983346,0.3287269455356005
36983348,0.08242305977308424
36983349,0.4332873629979995
36983350,0.6888526211504746
36983351,0.42909927362477324
36983352,0.33633050406935355
36983353,0.9855039199782588
36983354,0.06630915313653217
36983355,0.44259565931111
37012863,0.11889595936140768
37012864,0.1438724598081058
37012865,0.13309660198187998
37012867,0.20793428229731495
37012868,0.2134597464499676
37012869,0.10195888939092705
37012870,0.0936392050946624
37012871,0.12729140164655
37023788,0.16891882200749012
37023789,0.1604578091271068
37021932,0.11249769627502229
37021933,0.11285910102035474
37009320,0.8296124590152032
37009321,0.27472114417794496
37009322,0.38008245300050186
37009325,0.3836387630392157
37009326,0.6598600908501707
37017428,0.09139245792050239
37017429,0.12882648019390067
37017433,0.11982675109557087
37017434,0.08918198135448697
37022616,0.1265392115546988
37022618,0.12467226457223701
37023434,0.17731648824484797
37023436,0.2137674033384989
37023437,0.1654879659454833
37017386,0.36109558779593975
37017387,0.3394593934039694
37017388,0.09056799475090013
37022151,0.10176065754435634
37022153,0.10538901401536996
36988252,0.2768602002007404
36988255,0.22412482701536388
36988257,0.26495410256424595
36988260,0.0673004726474278
36969252,0.351592275518509
36969253,0.15237559736458436
36969254,0.19795057323415996
36969255,0.27352029821850227
36969256,0.17022622819236968
36969257,0.2807483982546817
36969258,0.1797335569948383
36969259,0.25825479819369057
36969260,0.2450365182840943
36984462,0.2667934150567933
36984463,0.24805162727779148
36984464,0.2778082096216789
36984465,0.3082363250684762
36984466,1.2151246969225031
36984467,0.30162563271214193
36984468,0.1368596865215616
36984469,0.17155389845240238
36984470,0.38275432316258245
36984471,0.8747905546391612
37015797,0.7774799428495193
37015798,1.0054403986101483
37015799,0.9589327714537659
37015800,0.9097577794287711
37015801,0.658014692855256
37015802,1.018070045570739
37015803,0.6733515975285557
36994405,0.7119495885938869
36994406,2.099609961727306
36994407,0.6891506575534588
36994409,1.1568281788733967
36994410,0.10600901034799276
36994411,1.2273485821445964
36994412,1.6518466046598252
37017595,0.0983724814274435
37017598,0.3718225909244572
43425012,0.19392030601369917
43425013,0.8282020976506989
43425014,0.22740055383227653
43425015,0.13527502244726589
43425016,0.3875994633229382
43425017,0.26924932398170975
43425018,0.08852643467477936
43425019,0.28495179396790743
36969204,0.23990140966031773
36969205,0.1033583305815463
36969206,0.05948859224019984
36969208,0.3632933104599797
36969209,0.202698289167671
36969211,0.3138023341882855
36969213,0.36614827744327677
36959417,0.1648330468915539
36959418,0.23566366035724243
36959419,0.25848346477132433
36959420,0.21150177724260413
36959421,0.22788758093075673
36959423,0.24424729834686182
36959424,0.5289188490276647
36959425,0.0886092958696394
36987913,0.11413087907461616
36987914,0.13599690022771668
36987915,0.1297305466112403
36987916,0.19307299325053995
36987918,0.18235508519626853
36987920,0.1644637530493271
36987921,0.13660215182280636
36983019,0.36250818157879267
36983020,0.3695948699078182
36983021,0.381029216030613
36983022,0.20104714494071166
36983024,0.2026839238452699
36983025,0.40517191148128967
36983026,0.33637035699201195
36983027,0.42309201301220517
36990768,0.38889918362536874
36990769,0.20718307104242423
36990770,0.3402379239241045
36990771,0.42758091923932423
36990772,0.22906799040141265
36990773,0.4415394599160352
36990774,0.10104283393909896
36990775,0.12315434308575525
36990776,0.23029832079723497
36973219,0.12682265595805392
36973223,0.11521882678939044
36973226,0.10980799108167356
43431996,0.127986936493675
43431997,0.10238200544791906
43431998,0.19865667518417962
43431999,0.13439460918659452
43432000,0.12249571531146056
43432001,0.1564932708123386
36978303,0.1587506515994527
36978304,0.1660973338484076
36978306,0.10061950183338433
36978307,0.3548862175879366
36978308,0.21499211315803793
36978310,0.11555032195513057
36978311,0.2968763120791239
36978312,0.3607670666969759
36996028,0.22184899223393234
36996029,0.20198136586760282
36996030,0.19384738684177752
36996031,0.19250572960968182
36996032,0.20883807986543818
36996033,0.20693060530204951
37020157,0.06828815168092317
37020158,0.06920852897479357
37020159,0.08046740424324098
37020160,0.08127994117229813
36998639,1.4530136742588777
36998641,0.07483621446355473
36998642,0.07545490467743725
37023120,0.04126101514539005
36993191,0.07518324744035984
36993192,0.11656762374681186
36993193,0.08589511527700992
36993194,0.6675248862127214
36993195,0.12640522027644982
36993196,0.13539974543133565
36993197,0.22297239527349982
37018156,0.24507424410665
37018158,0.23311002497986166
37018159,0.10390637297678526
37018162,0.10187197200857226
36997069,0.4868210357624303
36997071,0.07971243807711284
36997073,0.07996685354131858
36997074,0.15371932404564087
37017608,0.21815020818550243
37017610,0.28030297891371286
37017611,0.2441033123120607
37020844,1.295800536944347
37020845,1.1798540261142256
37020846,0.4607304735364281
37020848,0.9108016928476811
37020850,0.3963445912214446
37020852,1.319869735447819
37020853,0.2068269633486071
36998652,1.0753632969016171
36998653,0.28229436649023615
36998654,0.38383140014755235
36998655,0.7124088621246485
36998656,0.1853488600639581
36998657,0.270785775081365
36998658,0.1745374730773655
36997631,0.17755782287607558
36997632,0.24978550379634873
36997633,0.16750673081738335
36997634,0.4433436763212249
36997635,0.1883273543147029
36997636,0.23659233340051533
36997637,0.20131794385261473
36997638,0.31297819279323885
36973355,0.07367565720183791
36973357,0.15421344465517814
36973358,0.1900208909219016
36973359,0.30566610446259207
36973360,0.2798881772666494
36973362,0.1915348006026037
36973364,0.20989988119951633
36995976,0.3144116565680523
36995977,0.0822571079779635
36995978,0.13294351195232915
36995979,0.5644169069477112
36995980,0.11719590582692398
36995981,0.9112664739842558
36995982,0.9694916104365827
36995983,0.08177875779419819
36995984,0.16889308482264387
36995985,0.2460505848791621
43432804,1.4906653918167527
43432805,2.0246950228115503
43432806,0.18326731926896128
43432807,0.290486471340125
43432808,0.2298236626631765
43432809,0.3056821548135204
43432810,0.4917113014054376
43432811,1.258167774513729
43432812,0.21943238326790632
36961448,0.2037276383453424
36961449,0.7615932054179761
36961450,0.24132810866680318
36961452,0.8322099817780989
36961453,0.3586377393522026
36961454,0.1517399116403723
36961456,0.3694050771615254
36967233,0.056196701204677554
36967234,0.29572234717178597
36967235,0.3194872479928168
36967236,0.17238230027315293
36967237,0.3395019038429229
36967238,0.20925530554044988
36967239,0.23250360611490395
36967240,1.1537357536106276
36967241,0.12707794368505113
36967242,0.6092462609267935
37019255,0.1429436331087613
37019257,1.135032933873093
37019258,1.2247291668851914
37019260,0.16590237319266696
37019262,0.14522215576055175
36976944,0.2528556701152471
36976945,0.2139104166325897
36976948,0.2980891837577247
36976949,0.20114104965849425
36976950,0.2708131486200592
36976951,0.34892420162188076
36976952,0.256361460675803
36976953,0.3689389831897905
37017940,0.9015515422935844
37017942,0.42289840481951735
37017943,0.26935075613601356
37017944,0.49142833111100837
37017945,0.27745733929379995
36978388,0.12063789472191468
36978389,0.21180422478019573
36978390,0.18111832443034734
36978391,0.13499115452489954
36978392,0.16984791594695473
36978393,0.16212286196886302
36978394,0.18066810743022504
36970152,0.49070348820774384
36970153,0.16974307446813097
36970154,0.2192455768768101
36970155,0.2023589946199003
36970157,0.1913571512283028
36970158,0.1326630755974425
36970160,0.19993516729028168
36970161,0.21246068418599073
36993052,0.7357291700692256
36993053,0.37933150557280604
36993054,0.6263149195532693
36993055,0.44648508369871726
36993056,0.4504585515424682
36993057,0.5553202572956903
36993058,0.5156040448721784
36993059,0.1830207764182052
36993060,0.6106536603671122
36970782,0.30327022545120447
36970783,0.312548721277334
36970784,0.10307451453851117
36970786,0.06800798457396759
36970788,0.04410186798532013
36970789,0.07404399192571881
36975608,0.16354372119325844
36975609,0.2703911084649005
36975610,0.23792336520421706
36975611,0.28783707029951344
36975612,0.39546115012277633
36975613,0.2782190600677032
36975614,0.13726877847417035
36975615,0.862566279542233
37011564,0.4943889817162319
37011565,0.06427962490550596
37011567,0.19465559534851676
37011568,0.14659313779740796
37011569,0.1536085412166141
36956488,0.14306674730822763
36956489,0.10481831647722639
36956490,0.14773148435939742
36956491,0.10328415901341004
36956493,0.09579765803277449
36956494,0.10784817828746274
36956495,0.11585950176170504
36956496,0.19710242505083156
36956497,0.21821201944187013
36987262,0.22799828804271566
36987263,0.1261550307853235
36987264,0.14348111368979943
36987265,0.24085452080625805
36987266,0.14257492764648894
36987267,0.16553134786255425
36987268,0.20259556077100016
36987269,0.14924927168387
36987270,0.19123789576579078
36978734,0.1423821692541159
36978735,0.20288232157275365
36978736,0.33788396311963553
36978737,0.18139665073861097
36978738,0.43448699855731
36978739,0.23138596923720106
36978742,0.4893154216843903
36997389,0.0872140909439794
36997390,0.36390607988721074
43424208,0.26087494653070825
43424209,0.14795635817760375
43424210,0.18439134365614313
43424211,0.573228475554746
43424213,0.25754159574187435
43424214,0.20867377099229875
43424215,0.31506391727612937
43424216,0.11720463805827737
43432108,0.13203279665556186
43432109,0.1555443165548256
43432110,0.10343947642821694
43432111,0.10275455095176615
43432112,0.29375437909282603
43432114,0.16345598113068233
36977489,0.06144894996845037
36977490,0.1464731147771237
36977491,1.0642729144226004
36977492,0.4987316770434539
36977493,1.1745704964189374
36977494,0.6004318152489978
36977495,0.1745699364041961
36977496,0.11426009516630084
37012191,0.3976660501928188
37012193,0.37248784549033476
37012198,0.3391245025331517
43422642,0.374393560114163
43422643,0.591156926154924
43422644,0.19720344207383778
43422645,0.1282712120621765
43422646,0.26694410069506797
43422647,0.29866699769276395
43422648,0.07189750997790464
43422649,0.27340035707152827
43422650,0.2263067487405053
43422651,0.808365452284326
43425536,0.2700734280286003
43425537,0.2104672312390993
43425538,0.4674423215573012
43425539,0.08590102282954742
43425540,0.7224136484536072
43425541,0.17775335982992865
43425542,0.18861403223386145
43425543,0.5594704339971238
43425544,0.17861367241386308
43424796,0.40271700092789187
43424797,0.3426418702842528
43424798,0.32695932185850407
43424799,0.2438911625910106
43424800,0.1177682338074094
43424801,1.772110938403645
43424802,0.25235852112573176
43424803,1.3526630446998091
43424804,0.21193016651111513
36959585,0.1941501648916799
36959586,0.06217031117556012
36959587,0.13314314449545334
36959588,0.48604776628632557
36959589,0.10206137017856674
36959590,0.4247283482730736
36959591,0.0939071848051866
36959592,0.10935146019164334
36959593,0.27692356533581036
36982885,0.2671219150937469
36982886,0.3094116461501937
36982887,0.140567738232632
36982888,0.5439858212645918
36982889,0.15556342610274082
36982890,0.17956369808844092
36982892,0.7141343953160145
36982893,0.13015581904952242
36982894,0.2069562459120339
37010054,0.14542934918611244
37010057,0.09413079391091919
37020773,0.19027422820490486
37020776,0.19361289989074124
37020777,0.509947486780182
37020778,0.8772869599706983
36975818,0.13878233950654653
36975820,0.16676006139456015
36975823,0.43378658219399546
36975826,0.16505124951281755
36993624,0.06585426713150759
36993625,0.11365853673825937
36993626,0.10953539067139231
36993627,0.1882722232693866
36993628,0.06004076145753122
36993630,0.06490191258311787
36993631,0.11069005304717153
36993632,0.06825354317467694
37008716,0.14027236774810167
37008718,0.14144115418020461
37008719,0.13381763040573058
37008720,0.18428060763690368
37008721,0.17419216215381517
37008722,0.1601806318245686
37008723,0.12593220444556943
37008724,0.14221707196661218
37008725,0.13924365150192886
37023673,0.07027861825212432
37023674,0.061138924000890896
37023675,0.0818678829432231
36984306,0.07970728316048777
36984307,0.06029482118498932
36984308,0.06342146741800833
36984309,0.065282198823709
36984310,0.08947595451954028
36984311,0.06551890716237854
36984312,0.07441076409913584
36984313,0.06398511286872752
36984314,0.08075448398185534
36984315,0.07064422223945273
36983813,0.1012745680002438
36983815,0.08416178761667807
36983816,0.07740177203200747
36983819,0.06172007829139462
36983820,0.06590327220188043
37022744,0.15786832165166467
37022745,0.113724244163752
37022746,0.17146751960912757
36976616,0.3826812260320934
36976617,0.1176925747126258
36976618,0.377065720765701
36976619,0.08717461612013093
36976621,0.08730807330973209
36976622,0.07690579831472374
36992155,0.11350015172248544
36992156,0.1700384430609386
36992157,0.1376367495497608
36992158,0.20099007975278152
36992159,0.06915150382165625
36992160,0.14020878830011896
36992161,0.07838140489999731
36992162,0.09961976837104819
36992163,0.11763078756491281
36992164,0.09983501125660575
37021675,0.05486616272594695
37021677,0.2873610366251396
37021678,0.15148934021329932
37021679,0.09641608265619957
37021680,0.20452787147986365
37021940,0.5635751182448614
37021941,0.5856910267849882
37021942,0.3276209630316876
37021944,0.5356786748428398
37021945,0.2315682853398407
37006807,0.11675422001283944
37006808,0.22284103110831183
37006809,0.1885078695299736
37006810,0.9821527598813715
37006811,0.117710990683091
37006812,0.130326259595615
37006813,0.10305035037523955
37006814,0.11482095430559418
37006815,0.2295491084999439
37006816,0.1729736387630942
36967979,0.13017827606378102
36967981,0.0865068501720084
36967982,0.1262318555118093
36967983,0.09478756230741651
36967984,0.3409481420530827
36967985,0.21130252047728207
36967986,0.10242794069971466
36967987,0.09832511718589057
37022865,0.10555196773561726
37022866,1.0889647321908071
37022867,0.13333144438499928
37022868,0.274793659865074
37022869,0.5750445099419952
37022870,0.10613205218277857
37022871,0.6081908135289686
37022872,0.14044071425375781
37022873,0.2860831571923426
37020282,0.5481650128136408
37020283,0.20363263082242428
37020285,0.13182364393708246
37020287,0.14069219624762896
37020290,0.20189062291062432
37006680,0.14556915386515834
37006681,0.15450955575712566
37006682,0.15631294698352236
37006683,0.13271529776357965
37006684,0.14013773730704707
37006686,0.28555478434040593
37006688,0.243286781994725
37006689,0.16880339730163085
37012950,0.7566766415074052
37012951,0.18913476281911631
37012952,0.21834359643956006
37012953,0.11847945416738304
37012954,0.15860584231227834
37012955,0.25950929889003277
37012956,0.19886006142510032
37012957,0.15532757440974604
37022113,0.13130722385487945
37010719,0.2048517377309655
37010722,0.13562817209733155
37010725,0.13765190726501475
37010728,0.21363517704601387
37020646,0.0769618980670275
37020648,0.07968584972184484
37020650,0.6211663590755789
37020651,0.2713966332267519
37020652,0.27211867924373234
37020653,0.059737336152029294
37020654,0.6299313835957994
36982963,0.4396678493900098
36982964,0.07784582136341418
36982965,0.4249496407485133
36982966,0.1691770053254162
36982969,0.40716863072512466
36982970,0.17725857861419117
36982972,0.0914098583945141
37022353,0.43563578386654167
37022354,0.33062028772949553
37022358,0.10999739108158885
37022362,0.06240855461978975
37019208,0.08947544927776452
37019209,0.0786353046322255
37019210,0.1156129708294512
37019211,0.09434520636956208
37019213,0.09454179161116036
37019214,0.20467988951468116
37019215,0.16028857365728286
36957992,0.0737414743885224
36957994,0.08849520304141949
36957995,0.07985807902957455
36957997,0.09781721272646872
36957998,0.0726929395346225
36957999,0.18336613320647782
36958000,0.08832906925867186
37016178,0.08377786769554543
37016179,0.07424606193525252
37008687,0.09504920108666329
37008688,0.11747029532987129
37011856,0.08361650679457602
37011857,0.09803179197777052
36971383,0.24258794391438349
36971385,0.26906069326340915
36971388,0.2545403709967721
36971391,0.09763024412558038
37009609,0.223864949943601
37009610,1.3290193157538126
37009612,1.0855509090187345
37009615,0.8335509040844895
37009616,0.7800482231862836
37009617,0.9852543695204148
37009618,1.1231670337618649
36996458,0.10151200600075683
36996459,0.386675092286875
36996460,0.10103137956799718
36996461,0.40297807527288837
36996462,0.16058139298095064
36996463,0.14740967061146365
36996464,0.10104714436951164
36996465,0.1451599918163703
37022372,0.19103727710672827
37022373,0.25017643256797795
37022374,0.1669655777690755
37022375,0.24787770184725394
37022376,0.15675145209928995
37022377,0.2088369253667533
37022379,0.18466034065264206
37022380,0.22012486129982994
37022414,0.0697904267759415
37022415,0.15942434762139215
37022416,0.3453543946835811
37022417,0.9179392974491658
37022418,0.49448703660649534
37022419,0.4961811223183269
37022420,0.3177818996129088
37022421,0.26259112613500585
43432555,0.3253266552726817
43432557,0.3220345716428437
43432558,0.06831859073110057
43432559,0.20406552672432052
43432561,0.0872699488975148
43432563,0.21896843653642892
37019273,0.24761711988947302
37019274,0.27743743016786243
37019275,0.3249708836433529
37019276,0.12472212728157099
37019277,0.12977870575550493
37012403,0.0811110610950846
37012404,0.04297237089995056
37012405,0.05798683858814298
37012406,0.05383315864710941
37012407,0.11510138451213144
37012408,0.13083221429622754
37012409,0.11001735719099816
37012410,0.1343050798249733
36959704,0.1602410523027701
36959705,0.12725060023410334
36959706,0.15429308691725344
36959707,0.15631353851157992
36959709,0.14174018552132286
36959710,0.1668137691284197
36959711,0.11901494870673139
36959712,0.15501993945302275
36959713,0.13756105016332654
36979568,0.1628240491240471
36979569,0.20713945657258573
36979570,0.07325461879037193
36979571,0.12206835419852324
36979572,0.12782466659446706
36979573,0.19178579932814693
37023309,0.09376104522148433
37007929,0.12821378080233392
37007933,0.15419416778290118
37007934,0.10320949418731167
36981017,0.14343449694385838
36981018,0.1746019338470888
36981019,0.254030050465594
36981020,0.10552266926646445
36981021,0.23690849856924207
36981022,0.21931850093208544
36981023,0.12190519153566766
36981024,0.24846421132665183
36999029,0.20952176437439393
36999030,0.1460727814879492
36999031,0.24773343506550466
36999032,0.17213228532480765
36999033,0.272182187481837
36999034,0.38021299878101633
36999035,0.2454079677393653
36999036,0.13484910383637205
36999037,0.14029475359469457
36999038,0.2775006316588365
36974359,0.05549699263840385
36974360,0.028438829471101514
36974361,0.04569454463495695
36974362,0.032923873453326175
36974364,0.04043273559652153
36974365,0.35910667362255194
36974366,0.1782244515316647
36974367,0.03198049100279766
36971789,0.12897949546334653
36971790,0.26611325571084626
36971791,0.17970591271128383
36971792,0.21450108435024334
36971793,0.337614989057674
36971794,0.46973824891240346
36971795,0.41620689357215396
36971796,0.25041117505621724
36971797,0.4009357268657435
37011355,1.5727783652551308
37011357,0.6875671429207658
37011358,0.8422321002682791
37011359,0.8302715551163753
37011360,0.22509798159445987
37011361,0.3658653021069846
37011362,0.8260915061444607
37011363,0.2621509201985609
37011364,1.0134116815731833
37024302,0.4245516079902301
37024303,0.3995766319510005
37024304,0.5749730380681315
37024308,0.5535137225410884
37024309,0.1273621868654746
36992563,0.14249088373403612
36992564,0.40125072491479374
36992565,0.14268211619360777
36992566,0.1566360919198125
36992567,0.1350657328830687
36992568,0.1119252115064045
36992569,0.38750261931558644
36976590,0.7850437120732534
36976591,0.2966450082549966
36976592,0.2952487364337796
36976593,0.3569419094351015
36976594,0.23106942154467647
36976595,0.4460033075524222
36976596,0.2876750461254361
36976597,0.9715806981427104
36971021,0.07295109728606923
36971022,0.08977686428960308
36971023,0.06643596465514076
36971024,0.1156770905072978
36971025,0.10777644484160667
36971026,0.12570508433877867
36971027,0.10199118998477553
36971028,0.11976168805396459
36971029,0.1349845258756261
37014553,0.5478154441911273
37014554,0.3380385059015488
37014556,0.38668177418774835
37014557,0.4676783147264621
37014558,0.41708326377343147
37014561,0.26557157101347056
36991282,0.43944350917079256
36991283,0.18199528213141522
36991284,0.1196811362326459
36991285,0.15305806682221446
36991286,0.34974966109625144
36991287,0.11603298244350274
36991288,0.11346857635138848
36991289,1.3141172072951968
36991290,0.10797117720209301
36964365,0.04342019358047617
36964367,0.040566519051209775
36964368,0.03878880184773935
36964369,0.0436109591264394
36964371,0.04074587176289794
36964372,0.0448022725963753
36959651,0.20640970766620229
36959652,0.19104702064943507
36959653,0.27699749814622343
36959654,0.18049932823400494
36959655,0.14807289215904035
36959656,0.15416319844897874
36979165,0.8458265341635155
36979166,0.6183459559557649
36979167,0.8459887725205655
36979169,0.16668211670610575
36979170,0.6171367391972644
43428438,0.44820469054165635
43428439,0.1710867303044376
43428440,0.28252263498141406
43428441,0.2831061909382708
43428442,0.17533616151766268
43428443,0.11027772776617638
43428444,0.22855676106901013
43428445,0.23554315760346992
43428446,0.1830201315940162
43428447,0.38907816019542046
37008666,0.38009499619663567
37008667,0.07760745067288272
37008668,0.2085162430099701
37008669,0.4555677662486237
37008670,0.14483720036125863
37008671,0.27963593455170555
37008672,1.4328935526522026
37008673,0.14119750716443716
37008674,0.07641681721000351
37008675,0.43301685302416926
36986912,0.0791845406731779
36986915,0.15549414605571352
36986916,0.0696356235907222
36986917,0.09393860306795851
37011727,0.36918583415270523
37011728,0.22357999647006915
37011729,0.2426896601413871
37011730,0.24321922103357416
37011731,0.30762411999052464
37011732,0.5107539922819493
37011733,0.24016204879630917
37011734,0.44753211980833807
37011735,0.5417539272532867
37007893,0.12893079072223873
37007894,0.3106848541104177
37007896,0.693579881907053
37007897,0.1801890066585159
37007898,0.13500822840675522
37007899,0.39455681327834513
37007900,0.40199334383394625
36984723,0.9569073622635207
36984725,1.208918744071917
36984726,0.85903792522668
36984727,1.2259674961203004
36984728,0.8242985585223724
36984729,0.10666024532107027
36984730,0.94212064770007
37019038,0.7006124552208496
37019039,0.2909011538713257
37019040,0.16397379569729703
37019041,0.17650422472026403
37019042,0.1391737555872369
37019043,0.3667684125125046
37019044,0.29196954283460463
37019046,0.1795624977123848
37018848,0.0866680334165449
37018852,0.1472264131156113
37018853,0.14646654063966558
37018854,0.3392390679295544
37018855,0.08596700012134292
36987228,0.5256034365492386
36987231,0.30166956051877414
36987232,0.2232608605741249
36987234,0.10701436287896467
36982515,0.07941964722549279
36982516,0.07384961568583222
36982517,0.10545355397292856
36982518,0.09118570642136394
36982520,0.09176250968190287
36982521,0.09766671329919165
36982522,0.10093678887594407
36982523,0.09736501646074879
37020603,0.2057999936048088
37020604,0.21780961116391478
37020605,0.3071072206932936
37020606,0.23573564048873835
37020607,0.17644411925071535
37020608,0.5154146562132866
37020609,0.20914218846120994
37020610,0.35383139958955495
37020611,0.1759173610947963
37020612,0.3573141840839691
37023111,0.31396025741158673
37023112,0.34092818876146846
37023113,0.22348634181724267
37023114,0.1258808704947435
37023115,0.32360057807348036
37023116,0.12828126966226586
37023117,0.22015714146066434
37023118,0.6723460038692468
37023119,0.5541486818462952
36959172,0.4510699129606608
36959173,1.754961753053227
36959174,0.3446000392296386
36959175,0.07849055655188167
36959176,0.2724016523382479
36959177,0.40184719573679883
36959179,0.6780581537256805
36959180,1.2241241853954898
36959181,0.3710437597407064
36998265,0.1565542602655445
36998266,0.13803703571220852
36998269,0.19061224396500331
36998271,0.46145159341456365
36998272,0.1076825823447076
36990255,0.08130560529033495
36990258,0.3202618753917727
36990259,0.16628362745393535
36990261,0.1670893720315741
36956941,0.21381214357666725
36956943,0.10367780773336822
36956944,0.3703546801313223
36956945,0.21134336819034985
36956947,0.188808257301468
36956948,0.08809465272497166
36956949,0.0803999906880924
36990786,0.20223891369787894
36990787,0.4973116073161926
36990788,0.13132598809319426
36990789,0.20820983329131415
36990790,0.3291206577142598
36990791,0.14929713825994043
36990792,0.32119868067771656
37014050,0.23298662600661213
37014051,0.17804138215931323
37014052,0.7046704112867926
37014053,0.18650578893486636
37014054,0.17264683474468243
37014056,1.4352540889822945
37014057,1.5198018978987287
37014058,0.12068131462375606
37014059,0.6448871157776281
36997683,0.5843740299256549
36997684,0.12176986288929326
36997686,0.17760788853760742
36997690,0.2301206204752159
37021615,0.5183185424956641
37021616,0.2318754612309008
37021617,0.6315380053516136
37021619,0.5831343411011575
37021620,0.3281148984131156
37021621,0.22109880949467678
37021622,0.3702711522850253
37008419,0.44839673082630804
37008420,0.38869136408120963
37008421,0.49716720095293715
37008422,0.7083022823463909
37008423,0.368406461126118
37008424,0.5652308349985702
37008425,0.3605592581780786
37008426,0.45936683668030465
37008427,0.3081463046390813
36995643,0.32139639235797385
36995644,0.25225157892078914
36995645,0.29735176145271963
36995646,0.37551297390715443
36995647,0.26213039655912
36995648,0.448792968348429
36995649,0.41435011839793934
36995651,0.3226977744128107
36995652,0.2868718042010948
36995206,0.3206286050540189
36995207,0.2657874845477333
36995209,0.3428321803915101
36995210,0.2906549815656797
36995211,0.3322016341213342
36995212,0.2941140387677996
36995213,0.3975870559336464
36995214,0.22442048557228475
36995215,0.2173501228463375
37018002,0.35794006190123767
37018003,0.1946515751510313
37018005,0.12101464614628786
37018006,0.06233212763565965
37018008,0.07181286323726974
36989964,0.08270961024581935
36989965,0.05459483000164891
36989966,0.058405236518236585
36989967,0.08194165817335958
36989968,0.07202848054355226
36989969,0.0848987628215128
36989970,0.06068445589113521
36989971,0.061898797369823975
36989972,0.12922339481154682
37020663,0.4158029550983613
37020665,0.059911730096904765
37020667,0.17195963313906737
37020668,0.8677706675175941
37020669,0.18376300947790555
37023202,0.41824847106051594
37023204,0.0666370282146375
37023205,0.4052622618809192
37023207,0.1230673125522025
36987735,0.21524688521062746
36987736,0.2858980466537466
36987737,0.24874099313929418
36987738,0.30964952526002554
36987740,0.38826292801569057
36987741,0.40181607747064096
36983475,0.07712896757454557
36983476,0.07578635520231565
36983480,0.07741659433620665
36983483,0.0755676967891861
36955321,0.12671541711895914
36955322,0.18220708520590514
36955324,0.2040027611623328
36955326,0.1975898965394864
36955327,0.18485108024158048
36955328,0.3923557090797795
37009814,1.2847771940170907
37009815,0.7477447159631511
37009816,0.730754991221666
37009817,0.5238701170402182
37009818,0.3208691582451711
37009819,0.30860890680648184
37009820,0.28907129662976394
37009821,0.15833208572719704
37009822,0.39073048393116444
37023818,0.09573991808310982
37023819,0.13245840613267557
37023820,0.21430440014494176
36969870,0.0661282594993045
36969871,0.04787716650308549
36969872,0.0825694911877898
36969873,0.07597429826455603
36969874,0.08053118705600162
36969875,0.06466488965014025
36969876,0.06584043616336573
36969877,0.10193962217777293
36969878,0.06604560570948496
36992404,0.22199498158447814
36992405,0.06310732173392176
36992406,0.12351117206734247
36992409,0.09789023406332091
37012380,0.6319314652255207
37012381,0.08578660502976189
37012382,0.09639330348338013
37012383,0.7385298071499687
37016138,0.17184723351880013
37016139,0.18491105820771192
37016140,0.1849730920769524
37016141,0.11323936522456157
36995583,0.059955610516734655
36995584,0.4431545286313455
36995585,0.09346906323947647
36995586,0.0957446831375521
36995588,0.11468996516172601
36995589,0.21785100962561704
36995590,0.10125199413410081
36978271,0.08898962553031262
36978272,0.13575487250765278
36978274,0.08105007921484102
36978275,0.15723095564091844
36978276,0.0945758871972301
36978277,0.08686443794320198
36959854,0.2230423988514337
36959855,0.18029052113086805
36959856,0.7355397931397243
36959857,0.08349906983334966
36959858,0.5355349447465709
36959859,1.289756580212997
36959860,0.8407008580742754
36959861,0.11525865160345042
36963929,0.3249493947089577
36963930,0.17045569374924524
36963931,0.22974146924556904
36963932,0.1879583961867371
36963933,1.6553072490929275
36963934,0.5534932177386869
36963935,0.12855955310978637
36963936,0.9356330305595186
36973739,0.056547152464570115
36973740,0.05824008768910218
36973741,0.05069476309130575
36973744,0.3700687034655832
36973745,0.29620523760016243
36996773,0.04311753732061984
36996774,0.21294616202491207
36996775,0.43400557113698096
36996776,0.10363268049351534
36996777,0.13299487312291086
36996778,0.114466593546794
36996779,0.5184230624549298
36996781,0.21618783588369764
37007266,0.16197498349640257
37007267,0.1039957035746191
37007268,0.16553004881642006
37007269,0.2283385090447881
37007270,0.1350344469636048
37007271,0.09181180608496144
37007272,0.12440899927011949
37007273,0.23878813015947467
37007274,0.10563907476899098
37007380,0.12067816757771221
37007381,0.16822631283273434
37007382,0.11704611990440811
37007383,0.11403555127200417
37007385,0.15519576522671918
37007386,0.1420322953550129
37014079,0.09686291971100289
37014080,0.09243119477660894
37014081,0.1191382096977933
37014082,0.11157722627326733
37014083,0.6926137805106319
37014084,0.115739946291874
37014085,0.8954297122840744
37014086,0.1071479920718681
37009149,0.137365527524768
37009150,0.16754030594951203
37009151,0.15125680490682217
37009152,0.18150851155652234
37009153,0.10571467329174848
37009154,0.13107760138327315
37009155,0.16528980477140276
37009156,0.11071727523053922
37009157,0.13155317556298707
36961609,0.14672639652158098
36961610,0.25985659945361544
36961611,0.6756590011821014
36961612,0.549878061509747
36961613,0.6299864984934408
43426107,0.14645068793612592
43426108,0.12276135813876983
43426109,0.11271771419148074
43426110,0.24547257702398242
43426111,0.2737052511615865
43426112,0.8741933612911365
43426113,0.4177264238353805
43426114,0.2901306674499695
43426115,0.4783137764169049
37011403,0.26611559805325175
37011404,0.48108500833784995
37011405,0.12382820962146059
37011406,0.2741946397837413
37011407,0.17223142823837417
37011408,0.1467215680017857
37011409,0.12274117462930151
37011410,0.11187781810724026
37011411,0.1802421288952032
37011412,0.15275502999088292
36982392,0.45187775857631146
36982393,0.31226416940921436
36982394,0.114021725978672
36982395,0.1619119323692808
36982396,0.1703099339623265
36982397,0.2909032558758077
36982398,0.16584310599413674
36982399,0.4192792245608429
36982400,0.12769485417891857
37011826,0.6740567079702875
37011828,0.2532314479782881
37011829,0.2224367512886028
37011830,0.20109377362329575
37011831,0.2915055878332203
37011832,0.27296705816856354
37011833,0.3439264877545852
37011835,0.3674514068079748
37013129,0.06958757664056237
37013130,0.04338243695621219
36985228,0.2587429425232659
36985229,0.1902703370541373
36985235,0.21443050186696075
36985236,0.3058368582563853
36996257,0.4213585305733172
36996258,0.153793419585278
36996259,0.46038574472372423
36996260,0.7366120870562868
36996262,0.41554530067309703
36996263,0.26580897466333664
36996264,0.4448450247191565
36993482,0.5894347641321077
36993483,0.13455021565465922
36993485,0.9684714802279384
36971429,0.2151050653946514
36971430,0.5429147789879406
36971431,1.0301065858301122
36971432,0.21801545789767054
36971433,0.2732021884859729
36971434,0.20096993530164028
36971435,0.28172989387852077
36971436,0.8403825673097024
36971437,0.24212042416320959
36971438,0.2134840241906449
36965998,0.30758265735668905
36965999,0.17018598079606848
36966000,0.9728791290082649
36966001,0.13783431934086496
36966002,0.18634568971641935
36966003,0.17043620943885357
36966004,0.1503722531666038
36966005,0.22372643184867894
36966006,0.1670673407327779
36967208,0.40949279832831653
36967209,0.3558251297697246
36967210,0.46619681614250397
36967211,0.1999908566497294
36967212,0.25077185117847983
36967213,0.4501285918720681
36967214,0.13344318399743846
36959301,0.27006123396405285
36959302,0.12618150495392472
36959304,0.22075336977094945
36959305,0.1701586259817299
36959306,0.13051919334444304
36959307,0.0952276735388993
36960311,0.27463254671293036
36960312,1.2235895669971426
36960314,0.21592315081275076
36960315,0.41091812548847156
36960316,0.18406236034124263
36960317,0.6898013063266009
36960318,0.6843554559078404
36960319,0.16489222228360656
43422606,0.2528365218792717
43422607,0.2765850936852953
43422608,1.659451623247324
43422609,0.28114391029768643
43422610,0.6155595902056827
43422611,0.6813772348317358
43422612,0.24094384417720235
43422613,0.35786817097968765
43422614,0.9958036262435124
43422615,0.659223025032923
37009687,0.24942430538136393
37009688,0.22290170643691995
36960194,0.07963903845414194
36960195,0.20884089001786715
36960196,0.07423104534752223
36960197,0.25091359507150196
36960198,0.07006465143845178
36960199,0.19908373667933696
36960200,0.10697921520156992
36960202,0.06926041143734953
43424236,0.5873913842472236
43424237,0.25887774523993023
43424238,0.2850237365057912
43424239,0.15943389646612638
43424240,1.319001118799374
43424241,0.3056585703980536
43424242,0.32053624732456487
43424243,0.2844962156205976
43424244,0.384956530784708
43424245,0.4626650621716788
43430602,0.19905563735952234
43430603,0.2171608685358172
43430604,0.6445805961547616
43430605,0.20162833658537574
43430606,0.22255948395399575
43430607,0.24184811106352347
43430608,0.25427044685169703
43430609,0.3305354972787709
43430610,0.2648769821554099
43430611,0.2917403218432732
43429474,0.858921793464166
43429475,0.41830764835260587
43429476,0.6500370590273697
43429477,0.8743502612915398
43429478,0.18254581667396183
43429479,0.6877511078548556
43429480,0.33240354316756604
43429481,0.14088036038781776
43429482,0.20008805079839845
43429483,0.7664200604309875
36997994,0.10276466090049644
36997998,0.10217680044234453
36985082,0.22666408693233941
36985083,0.4790603461265833
36985084,0.08645868457623686
36985086,0.2165559383899206
36985089,0.08374798401275356
36986139,0.08662847081074754
36986140,0.04663528121327488
36986141,0.111299101202418
36986142,0.11310719089247066
36986144,0.08791006611250461
36986145,0.09821316537194315
36986146,0.10200031285401864
37014210,0.08216656574689624
37014211,0.10236009101881781
37014213,0.1655570817914981
36983237,0.13592179724101383
36983238,0.20296431310236354
36983239,0.17464929740771007
36983240,0.27901355968031144
36983241,0.12729053345583388
36983242,0.16885047449228904
36983243,0.14545021905719918
36983244,0.1739481541795493
36983245,0.12445907429336289
36983246,0.10486833026896322
36976402,0.40684278140707425
36976403,0.46276917510931115
36976404,0.36770558656046476
36976405,0.4258250990692199
36976406,0.2987681961934102
36976407,0.6532744553371714
36976408,0.33157479482570673
36976410,0.5438769289112961
37015541,0.07201540386484646
37015542,0.08875422006803024
37015543,0.07646230031919088
37015546,0.1713995800789851
37015549,0.0668984137217711
37020063,0.8260574260202991
37020065,0.07488737204436044
37020066,0.3551934324266096
37020069,0.1149336758455971
37020070,0.07375870011664032
36997900,0.11938861405234404
36997901,0.09048090510288062
36997902,0.15429769722012565
36997903,0.0650179202674917
36997904,0.0475250868833458
36997905,0.048049525748513046
36997906,0.21129565954671997
36997907,0.06148109599024377
36997908,0.07295053545426128
37019371,0.20649857185442733
37019372,0.23403344378294927
37019373,0.4038867996994278
37019374,1.2337611084136417
37019375,0.13688583598610568
37019376,0.10916974253915676
37019377,0.5201964329707015
37023554,0.12475791300141861
37023555,0.10578051343766849
37023558,0.2296192083613999
37023559,0.0986730398940201
36963740,0.14157343271127193
36963741,0.14956987496701946
36963742,0.15248209865654205
36963744,0.1968108043481316
36963745,0.1390098155179369
36966257,0.11266130196834175
36966258,0.09652469396413714
36966259,0.08938989923074032
36966260,0.07541747016390185
36966261,0.33863033470472037
36966262,0.15968722617047237
36966263,0.12076345201430104
36966264,0.0697493678115885
36966265,0.12785005264140423
36966266,0.15468470696015604
36971088,0.4689709006171862
36971089,0.14626289390681774
36971090,0.4166003591018214
36971091,0.33545753439734655
36971092,0.30894580151669415
36971093,0.1522458446646744
36971094,0.09303057694008056
36971095,0.08697267903350434
36961742,0.04486422655444199
36961744,0.049691220808298874
36961745,0.04445226291147122
36961746,0.04852795076789077
36961747,0.04480223729085602
36961748,0.052291059133430046
36961749,0.04969615631265688
36961750,0.06240972564551739
36958073,0.26610320612758126
36958075,0.08449629013068821
36958076,0.06912265012443737
36958078,0.18819153651922696
36958079,0.09694835249015044
36958080,0.12345445595269308
36958081,0.4982558816300801
36990841,0.626672072987208
36990842,0.3303740049213846
36990843,0.6193275574679449
36990844,0.3013149695050564
36990845,0.5933990797846489
36990847,0.9527584493314294
37012177,0.10265899534374191
37012178,0.24541852115853868
37012180,0.07649819596315073
37012182,0.09313960101215919
37011632,0.7542103071036977
37011633,0.2000391524966235
37011634,0.7638064047497046
37011636,0.25777481783662254
37011637,0.24123428803849173
37011638,0.11089568432114429
37022268,0.2527482848083793
37022269,0.2081264911243159
37022270,0.4472685194235102
37022271,0.05601265671881295
37022272,0.06960556352639578
37022273,0.12417639701573253
37022274,0.08494680622318578
37022275,0.7053301000316368
37018518,0.05423411297928341
37018519,0.5754411570983854
37018520,0.10402707914277769
37018522,0.05582601217209399
37018523,0.21632190331960888
37018524,0.15269865909046393
37018525,0.26111527523769595
37018526,0.2528830214955356
37018527,0.13649422226216493
36967070,0.5318165697433817
36967071,0.5259501290504616
36967072,0.26949629186200647
36967073,0.36553331770743264
36967074,0.23539597484497782
36967075,0.16246540899658782
36967076,1.626679022163366
36967077,0.9071927742945639
36967078,0.27476095375119003
36967079,0.28751708529266984
37022800,0.23826616533555986
37022802,0.2527051855213768
37022803,0.19905927724333947
37022804,0.20397287502957728
37020705,0.14134946518658426
37020706,0.14936235470247886
37020708,0.2513741197986876
37020713,0.2551582581802035
36997507,0.2256767373390353
36997508,0.28272839662585203
36997509,0.1166525498813079
36997510,0.2804433907605954
36997511,0.17806418080859196
36997512,0.5439826703479349
36997513,1.415300494871783
36997514,0.2303416089122567
36962548,0.08176906288815723
36962549,0.1090058328258616
36962550,0.0780587910609502
36962551,0.12564623639931025
36962552,0.07688952345829222
36962553,0.084040954576246
36962554,0.12635584814917777
36962555,0.09362426687650217
36962556,0.12559240378771644
37021003,0.1181561218880275
37021005,0.155515763815142
37021007,0.23219606710958424
37021008,0.2570834331508349
37021009,0.9350949538301101
36964265,0.57663730092662
36964266,0.16200309264391022
36964267,0.30227503948503676
36964268,0.15517882861779506
36964269,0.1476962105206984
36964270,0.07719180691737941
36964271,0.13676337154606225
36964272,0.10991020152500633
36964273,0.18093422026724454
36998099,0.2742919903380964
36998100,0.7201553642301934
36998101,0.8316179377962337
36998102,0.4220342057793676
36998103,1.63010224075723
36998104,0.21908098051327055
36998105,0.39994983629903924
36998106,0.19033970660504426
36998107,0.9571576070186097
36995134,0.08822329998446665
36995136,0.12206342016049877
36995137,0.36747233828403203
36995138,0.14974714746666587
37023132,0.05291648149105803
37023133,0.17368341468469148
37023134,0.48818906945186
37023135,0.0815270240010162
37023136,0.10507792777270734
37023137,0.08116504604562644
37023138,0.10682643005456967
37023139,0.12614612030402753
37017618,0.24185878113965315
37017621,0.23749677084917795
37022037,0.40080757960718155
37022040,0.675391522759107
37022045,0.46677323560444334
36981766,1.8636992337029576
36981767,0.05969127942345061
36981769,0.46821922662292986
36981770,0.4124384260911281
36981771,0.14856188296567308
36981772,0.20010455691714868
36981773,0.17127227628984315
36981774,1.1743442847383276
36982764,0.8248047499579437
36982765,0.8152776888770497
36982766,0.5263671073975862
36982767,0.23784193347083363
36982768,0.5303638754284572
36982769,0.12027953187723556
36982770,0.572123120120384
43420398,0.07576813581157778
43420399,0.24359297046599926
43420400,0.04865143438132742
43420401,0.6109186381516652
43420402,0.2221090970619654
43420403,0.07269744472143085
43420404,0.08224437960572699
43420405,0.16294622756588703
36973578,0.222425962761447
36973579,0.18586216733689634
36973580,0.12932155359326603
36973581,0.16333559411063717
36973582,0.37926122237483784
36973584,0.14365833164965575
36973585,0.18690654564400713
36973586,0.45715554241486545
36991129,0.11087318051140395
36991130,0.4359851218620353
36991131,0.21614017470796876
36991132,0.08657624031247806
36991133,0.5221476468828082
36991134,0.07720897865473092
36991135,1.22306200603829
36991136,0.22006643542845092
36991137,1.0402374279929807
36991138,0.4034168579502403
43432892,0.23991569274680952
43432893,0.21910322822464667
43432894,0.25246238543810695
43432895,0.21588801677391045
43432896,0.3190057561338073
43432897,0.45809374389535634
43432898,0.2664904509914187
43432899,0.3038237526384177
43432900,0.2881649380314205
37023840,0.09068001190015706
37021223,0.07659578431419178
37021226,0.13547479773373375
37021229,0.19722314192270024
37021230,0.0653755039825239
36961317,0.42774134740133674
36961318,0.15888891655921922
36961319,0.47878190948140337
36961320,0.13741255187166201
36961321,0.1497525502368645
36961323,0.13940432349390477
36961324,0.38150264598662237
36961325,0.25263056364091263
36961326,0.1826426033297886
36973012,0.3277408591318153
36973013,0.16662621145618614
36973014,0.11654471249434821
36973015,0.2274174019582179
36973017,0.15196541531925406
36973018,0.42480168940498797
36973019,0.24288161307766962
36973020,1.5176433856827416
36959900,0.10605367057992993
36959901,0.5518789226087641
36959902,0.312426629285679
36959903,0.29733041482026906
36959904,0.5425983875484052
36959905,0.27414631196379385
36959906,0.2830453402353012
36959908,0.2771127713422729
36958641,1.8369489876036336
36958642,0.09153873871352645
36958643,0.10979683332236459
36958644,0.09389176494328585
36958645,0.1598827317357698
36958646,0.0890234013516141
36958647,0.09133450495234506
36958648,0.8325843123514217
36998915,0.11917817587331454
36998916,0.0668929846091857
36998917,0.034999601852292256
36998918,0.033680694864075704
36998919,0.07890474207174496
36998921,0.07353045217732905
36984605,0.28890991802091504
36984606,0.23965250988188735
36984607,0.3047675519286352
36984608,0.38677779682339164
36984609,0.18893899291917363
36984610,0.2327095634816647
36984611,0.3301707016648538
36984612,0.39980264398399884
36984613,0.43474789433365046
36989471,0.769885128954704
36989472,0.23077644181502455
36989473,0.177558454777551
36989474,0.101685808472853
36989475,0.2042755119680757
36989476,0.4338417350854566
36989477,0.1312205793646589
36989478,0.13901678000988113
36989479,0.13468719195206963
43429205,0.25713016059989
43429206,0.4470130436229097
43429207,0.26453766515184307
43429208,0.33705553237697294
43429209,0.23799873083098774
43429211,0.24575173078188814
43429212,0.277433254619879
36955631,0.0810461974276557
36955634,0.21639249303176497
36955635,0.23119726272060193
36955637,0.6676719534298851
36955638,0.116342478984258
36955639,1.1159562725824048
36955640,0.5592836877815259
36984179,0.06383503153979717
36984180,0.1574094193553905
36984181,0.2174544069198298
36984182,0.06887360453070128
36984184,0.0605343277093634
36984185,0.07104236225688063
36983273,0.07193887996997404
36983274,0.09213937245333151
36983275,0.08490923903711474
36983276,0.07951718514838041
36983277,0.12409988546837282
36983278,0.1274679467498527
36983279,0.13299427561179186
36983280,0.13207270261580442
36983281,0.09147891673213729
36981250,0.1412990300976807
36981251,0.16142030707809332
36981252,0.3813913778039654
36981253,0.16445486915732563
36981254,0.28228627612244506
36981255,0.15667736251800407
36981257,0.2777397362840305
36979363,0.13881846361338068
36979364,0.1981314789119751
36979365,0.5188751722859221
36979368,0.14831739271319921
36979369,0.3424341112109382
36979370,0.1028438848369128
36985009,0.03516016756615644
36985010,0.12100238893116794
36985011,0.07523769164537937
36985012,0.03478623899060462
36985016,0.12522998605418478
37006577,0.19781198754318477
37006578,0.18862683808311073
37006579,0.13633619468048094
37006580,0.24059675182330068
37006581,0.14793270196852878
37006582,0.18434387395470014
36989679,0.1667825687160606
36989681,0.12264680944328135
36989682,0.07384964400588884
36989683,0.10434014687317386
36989684,1.1162311015203934
36989685,0.72644826511323
36989686,0.10226755722186508
36989687,0.09310142156696405
37021503,0.14592850082871445
37021504,0.23259798446359523
37021505,0.15775648872385445
37021506,0.2354043793813064
37021508,0.1637500459567297
37021509,0.15298054683634332
37021511,0.13753392504783368
37020077,0.08580060774401296
37020079,0.13176270336411897
37020081,0.45898598038431937
37020083,0.10781636196748234
37020084,0.08508632438002228
37020085,0.07179714492784114
37020086,0.7882836707641954
36983363,0.12423154818371823
36983364,0.13773273317519832
36983365,0.3533039960009878
36983366,0.6063623966441448
36983367,0.13855804613719863
36983368,0.17362673192916708
36983371,0.32518730696804415
36983372,0.1714724740409069
37019364,0.08196969615361982
37019369,0.13696434975613994
37019370,0.07624159357470355
36973619,0.06323369183016904
36973620,0.0788441062496088
36973621,0.13647906378866465
36973622,0.09195649078301493
36973623,0.13520033128141978
36973624,0.09218055816317056
36973625,0.09119258655099738
36973626,0.10140030524577769
36973627,0.07987460939587844
36973628,0.0939026378439183
36994701,0.1130588888439094
36994702,0.08146625323981184
36994704,0.08538465698482534
36994705,0.08300735118904153
36969540,0.07784907623152164
36969541,0.13919292318019455
36969542,0.0748163038124288
36969543,0.07834169071112837
36969544,0.07554648058958367
36994988,0.13621935345813302
36994993,0.15524409238882417
36994994,0.5210595522214766
36991759,0.15080143429147563
36991760,0.18631119937381388
36991761,0.22756128272906656
36991762,0.6778022443098567
36991763,0.1733916775682221
36991764,0.12082074235714321
36991765,0.3024627354932345
36991766,0.18859138551317656
36991767,0.1462712054059231
36991768,0.1037294281652932
36972192,0.05093564034127302
36972193,0.06058256437448211
36972194,0.04862169181026178
36972195,0.06712393637880633
36972196,0.049366498210818587
36972197,0.045518253047935824
36972198,0.05135872964000838
36972199,0.059184136319610316
36972200,0.10712274173481717
36973553,0.04835719660069717
36973554,0.05031314618202471
36973555,0.050915519352762284
36973556,0.04936852531793337
36973557,0.11343201590017526
36973558,0.05425755284040093
36973559,0.04859618959375178
36973560,0.052004820714751904
36973561,0.04609899723887346
36956527,0.8813900084224465
36956528,0.3517301108438458
36956529,0.13101806377500266
36956530,0.35230497386388265
36956531,0.1330234632892109
36956534,1.1215013544945436
36956535,0.3051669856676393
36956536,0.5756831380511759
37015938,0.08847852762390719
37015939,0.0873197716924098
36994724,0.39748604128373816
36994725,0.40199772745089846
36994726,0.4107419704124646
36994727,1.4713536199130794
36994728,0.8836143132040037
36994729,1.1184449271485268
36994730,0.30072152089624643
36994731,1.1156387303310322
36994732,0.19422281193179872
36994733,0.27335814174173895
36978662,0.06252261218356026
36978665,0.08551759632485424
36978667,0.0779906469998022
36978668,0.0908488361739956
36978670,0.06978642095676352
43428418,0.3481928332943232
43428419,0.26060550869962584
43428420,0.3656630546418435
43428421,0.4117132255659996
43428422,0.13273112614669877
43428424,0.3185822754589383
43428426,0.23282219909071733
43428427,0.2229095934042722
36967937,0.1464658934595473
36967938,0.17798306308156342
36967939,0.21602257379536527
36967940,0.23380597193962002
36967941,0.3428715404047357
36967942,0.20683090168553808
36967943,0.3146113573962919
36967944,0.2087388052284719
37015914,0.4261233959634517
37015915,0.14455346523245385
37015916,0.8583804423136967
37015917,0.15464594444721544
37015918,0.21564278455818706
37015919,0.6112148442655018
37015920,0.1140427405469774
37015921,0.24832723188877198
37015922,0.2304317540339411
36978015,0.25579789706143297
36978016,0.12422428749854501
36978017,0.26231349343144283
36978018,1.9694195489567785
36978019,0.24211033999189305
36978020,0.1670945129084427
36978021,0.8775138491438406
36978022,0.08932092773849218
36978023,0.11144250031446258
36974451,0.1771173809527766
36974452,0.8457229998723806
36974453,0.2769495373539961
36974454,0.4432218931905852
36974455,0.22223964320870193
36974456,0.1505012473100055
36974457,0.35962526708518194
36974458,0.20631747655252683
36964102,0.1329245363705014
36964103,0.2411440935621814
36964104,0.18687269091294995
36964105,0.23450360550915705
36964106,0.110160634350114
36964107,0.13751566004052962
36964108,0.17694435687495222
36964109,0.5688150358480814
36964110,0.5085579270517032
36980323,0.3901803783224272
36980324,0.1071497397913797
36980325,0.11677866651585903
36980326,0.10750418651399413
36980327,0.1295464673835817
36980328,0.11903257211868352
36980329,0.07783837152189102
36980330,0.16983744291091232
36980331,0.10253989755562191
36980332,0.13888768480218922
36998893,0.21527406247299505
36998894,0.35678254202383025
36998895,0.11405735945730128
36998896,0.10174310809024772
36998897,0.21292194490597233
36998898,0.06252929511502757
36998900,0.42825741790268274
36998901,0.06555553891134538
43424265,0.12922226404181936
43424267,0.4884385199070712
43424268,0.2889761111952659
43424270,0.1599179309141141
43424271,0.1185914718257736
43424273,0.13115482967366243
43424274,0.20892203421317823
36981933,0.5390910762877855
36981934,0.09054435000042028
36981935,0.1571457535845639
36981936,0.09491600653712816
36981937,0.10190454779549177
36981938,0.11956316859174355
36981939,0.803927114743527
36961614,0.2333333863647891
36961615,0.23349429613089126
36961616,0.25592218265087663
36961617,0.23903311222819018
36961618,0.23213204490940495
36961619,0.30237872342774985
36961620,0.2336578906302352
36961622,0.2044694077164856
37006634,0.14897494175741177
37006635,0.33063843535656484
37006636,0.13188057978582324
37006637,0.7939694467800427
37006638,0.2096433234089638
37006639,0.45259688927432357
37006640,0.28691530612506116
37006641,0.3573739496684859
37006642,1.0477266846141597
36975862,0.12565512468530637
36975865,0.12535052506439776
36975867,0.1478218638352993
36975868,0.32468109504607207
36975870,0.14250878360755126
36972451,0.05860241659702533
36972453,0.2029177352536335
36972454,0.18873937368632984
36972455,0.7352515438210637
36972458,0.2400374423478349
36972459,0.25669547860721065
36955754,0.11831006630528305
36955755,0.10740521346331491
36955756,0.09324587190599228
36955757,0.16750731298834884
36955758,0.09686733501092164
36955759,0.10553970351468941
36955760,0.1409474304368535
36961221,0.3826633218454826
36961222,0.14434975441677939
36961223,0.19485374963278912
36961224,1.2364524572795634
36961225,0.16391055421931242
36961226,0.19844016359827274
36961227,0.2890197405979563
36961228,0.24864543240447412
36981491,1.000170109559703
36981492,0.08877670818489984
36981493,0.6846870569264198
36981494,0.0919070496211048
36981496,0.20834280692175783
36981497,0.5488892473348173
36981498,0.17843801653564495
36981499,0.08783026727730828
36981500,0.07930937868200652
36991429,0.0761319422723281
36991430,1.2207262299637784
36991431,0.09624869811842174
36991432,0.11744458478916237
36991433,0.10565992838167852
36991434,0.1498022832072768
36991435,0.3896145158234087
36978771,0.44544228801850355
36978772,0.2502935320118967
36978773,0.30085512768770734
36978774,0.24390380857198735
36978775,0.16326949417885261
36978776,0.2315190114839096
36978777,0.3425727902127996
36978778,0.1974425960556116
36978779,0.2580149202330904
36978780,2.029551909824927
37018975,0.183601054709083
37018977,0.07652307011915033
37018980,0.13595964482761463
36981909,0.38607307861600976
36981910,0.10066521371987147
36981911,0.20772770146302155
36981912,0.10527811911064563
36981913,0.24293896678671922
36981914,0.24015821982604094
36981915,0.12758886772876063
36981916,0.126031151576644
36981917,0.41355470898120206
36955075,0.10064054601731925
36955076,0.10854215360764455
36955077,1.9256800529884972
36955078,0.35114156222252846
36955079,0.1362343100792628
36955080,0.12130078653447542
36955081,0.1751587965257921
36955082,1.173075526780747
36960942,0.5024590716425176
36960943,0.20290586839928149
36960944,0.24947351568906612
36960945,0.18945152711058905
36960946,0.14845461017519293
36960947,0.23723261299810236
36960948,0.15829924695365724
36960949,0.7748093600183281
36960950,0.2392729900558888
36960951,0.23404344389480478
36958394,0.28245436307209026
36958395,0.08472312876298563
36958396,0.2818898628004069
36958397,0.2543465444529855
36958398,0.23178445826749736
36958399,0.28573127811743754
36958400,0.25156788904705374
36954920,0.07983917654417037
36954921,0.06446134719442287
36954922,0.14825138016819406
36954923,0.06843260267455471
36954924,0.06388402879154842
36954925,0.10978248096540504
36954926,0.08342449820891785
36954927,0.07028239684761205
36954928,0.5796677687837002
36954929,0.10464482207277633
36966007,0.7298831735763217
36966008,0.4421466727636642
36966009,0.08073647021684738
36966010,0.1632610937222773
36966011,0.10446221125502708
36966012,1.1360590480965191
36966013,0.1183893462495503
36966014,0.18866755291238854
36955426,0.17920976046675874
36955427,0.09714378351268439
36955428,0.20807097471487762
36955429,0.13214957891681134
36955430,0.16412099760733187
36955431,0.11139685552413807
36955432,0.4364421941519831
36955433,0.418502141971841
36955434,0.15494829304257476
36955435,0.16282295501589947
36977227,0.11334479597348633
36977228,0.07249412834355366
36977229,0.06724143046462057
36977230,0.08902407399188815
36977231,0.09789209666804125
36977233,0.05324766039783442
36977234,0.09302742746129777
36977235,0.08889121671262512
36966997,0.09967820890674357
36966999,0.08720683419597977
36967000,0.0871981963676469
36967001,0.08637013173561599
36967002,0.11058119291978066
36967004,0.3535323195178723
36959228,0.08077283300503789
36959229,0.07822670033506884
36959230,0.12886267899129158
36959232,0.08562516210750679
36959233,0.08943383505172194
36959234,0.1650921371379751
36959235,0.10215595714795196
36959236,0.10143464046995754
36959237,0.07839438097426953
36989108,0.8711075455235288
36989109,0.45011547368021965
36989110,0.37826353189361184
36989111,0.9468549040163967
36989112,0.07192007288512446
36989113,0.4395057380233647
36989114,0.12481560665020332
36989115,0.1292903268355764
36989116,0.07027635179660636
36989117,0.12198856958674403
36960957,0.05672062295684995
36960958,0.09662169817980323
36960959,0.053306520006347245
36960960,0.1590935053279912
36960961,0.06912203190243613
36960962,0.08826367716160242
36960963,0.031414751106763346
36960964,0.0489115136169573
36960965,0.11005323791087435
37022700,0.2663068437988598
37022701,0.6256020968121007
37022702,0.27351991240254175
37022703,0.21710237921507206
37022705,0.11694410352612578
37022706,0.06339072789805535
37022707,0.25369054860687335
36960410,0.11876074472808482
36960411,0.14970472059410833
36960413,0.4933882199362488
36960414,1.4376012853065498
36960415,0.7411925277095147
36960417,0.7103988414439538
36960419,0.15015900171807853
36962905,1.2372554181387927
36962906,0.09785398822090029
36962907,0.12918537496291807
36962908,0.7899689548687011
36962909,0.14249045421410392
36962910,0.7694914390350335
36962911,0.14401643214094792
36962912,0.07725816659463221
36992760,2.25744070070709
36992761,0.160849573787682
36992762,0.9832678075590718
36992763,0.1473767112697825
36992764,0.3279848057908576
36992765,0.694546651339987
36992766,0.1798488308173094
36957297,0.16850469881787697
36957298,0.20191875238008775
36957299,0.10103155240483976
36957300,0.09939618276704039
36957301,0.05124511752660006
36957302,0.06432685620532211
36957303,0.14020319963915615
36957304,0.11183946140490744
36991523,0.1413208411360231
36991524,0.13995358158294
36991526,0.7601244504515174
36991530,0.1387291972313403
36991531,0.1366798101135872
36986733,0.31258762872352774
36986736,0.2972759800542466
36986737,0.28425742804877346
36986738,0.2638114357241446
36986739,0.3250032835535597
36986742,0.3088533128693002
43420555,0.4364114378145762
43420556,0.37550462261629486
43420558,0.3001133095111722
43420559,0.34945231325552817
43420560,0.4106853916933444
43420561,0.2958311399834639
43420562,0.27740789475597083
43420563,0.36893771694475663
43420564,0.36849640725037064
36965948,0.23317240434864006
36965949,0.48663551074932476
36965950,0.43793814356744565
36965951,0.48413318596247396
36965952,0.2924714387068754
36965953,0.2693542884661863
36965954,0.2911291076946585
36965955,0.49339218726388606
36965956,0.1633289657586232
36988289,0.25773353443858227
36988290,0.09128667564115124
36988291,0.6172401511908687
36988292,0.6642124329094633
36988293,0.09213716249775183
36988294,0.27533479103361824
36988295,0.6889128846639044
37019005,0.15039649134229605
37019007,0.20519677564296723
37019010,0.2025229476417547
37019011,0.17548798119669198
37019012,0.23559607755815828
37019013,0.09468875148572516
37019014,0.1448101882284921
36956508,0.23994160940100676
36956509,0.215156544255075
36956510,0.09521366540314362
36956511,0.11587637831507805
36956512,0.14954204723775097
36956513,0.7637490470019586
36956514,0.21467988705465532
36956515,0.6140449694565249
36956516,0.20609116017296217
36956517,0.16166306070197076
36956662,0.10645131622615248
36956663,0.075160323433773
36956664,0.24458955741883562
36956665,0.960575738286124
36956667,0.10013895923755946
36956668,0.09983632345739071
36956670,0.22282244636356147
36962289,0.8278074375797587
36962290,0.3789321507884291
36962291,0.7276922247736747
36962292,0.22336493059754112
36962293,0.5559281655853611
36962294,0.3502912411428696
36962295,0.11502380589321823
36962296,0.6877268937651375
36962297,0.13174761519228018
36962298,0.1448304924600548
37012251,0.17919073380929507
37012252,0.3278116352524037
36966689,0.210618719871907
36966690,0.25796043018291087
36966691,0.5812141027118409
36966692,0.08576769794433153
36966693,0.3006698909736972
36966694,0.23274355684968875
36966695,0.3755621510049064
36966696,0.12335109646813246
36966697,0.584745817420935
36966698,0.13555852420429154
43428268,0.20440456526525394
43428269,0.13533395235251153
43428270,0.5687959558134393
43428271,0.14248588642641336
43428272,0.1499255137448386
43428273,0.6610659032870503
43428274,0.1290408372932572
43428275,1.0318839248439344
43426754,0.09697453078658476
43426755,0.31680829403338606
43426756,0.10734759669865267
43426757,0.129083824002418
43426758,0.15980262214436455
43426759,0.23606967288737205
43426760,0.39890747142386046
43426762,0.13516430430016238
43423213,0.22164085939843015
43423214,0.6757894819930617
43423215,0.30068984322017256
43423216,1.4236634674840676
43423217,0.4558876444420691
43423218,0.7206586387750424
43423219,0.2713322814655237
43423220,0.15270803117020004
43423221,0.1458478154404954
43423222,0.17364870774318866
36975720,0.1768064134112799
36975721,0.30071828584191207
36975722,0.29837874821746385
36975723,0.14280068304063925
36975724,0.19584103066556405
36975725,0.3448847436226821
36975726,0.25441277857034356
36993518,0.18840171924821789
36993519,0.15171867588896645
36993520,0.12200763639644595
36993521,0.1590393504872716
36993524,0.0730084497048037
36993526,0.12543628768521098
37019240,0.17393294893755598
37019242,0.24819820701905862
37019243,0.18015659718001625
37019244,0.12904366813222104
36976864,0.36949787512989535
36976865,0.18111442007655523
36976866,0.3951593340741911
36976867,0.7355971793375038
36976868,0.32375866433645145
36976871,0.7713986685135881
36955261,0.12440492457250785
36955262,0.1164803282075155
36955263,0.13572876272648346
36955265,0.08561418396270659
36955266,0.3550044928862928
36955268,0.09079071418402782
36967137,0.4019184447654249
36967139,0.13831796416675898
36967140,0.4808348376536982
36967141,0.11956635612598465
36967142,0.13875893838199208
36967143,0.7998041894719742
36967144,0.40512669680939223
36967145,0.7710026745426303
36967146,0.5324455175514474
36960893,0.41872951067034064
36960894,0.30962858126995674
36960895,1.6829537443706934
36960896,0.2070842085223677
36960897,0.3130472399642056
36960898,0.5975165796292083
36960899,0.23648111952279777
36960900,0.2807848783566291
36960901,0.6022653287836464
36954910,0.1453942835124663
36954911,0.16336566445438375
36954912,0.16228824763459093
36954913,0.14374400984267213
36954914,0.18471508073005158
36954915,0.32354996964048843
36954916,0.13000779832896597
36954917,0.13728349432282258
36954918,0.09683307185565569
36954919,0.18187947923931821
36967884,0.40238435726874555
36967885,0.29183502842967474
36967886,0.13319998727226115
36967887,0.21990539993273905
36967888,0.27127408683203647
36959464,0.0657786110512463
36959465,0.12307106323786608
36959466,0.0471443126494159
36959467,0.0866139291742537
36959468,0.059141776817940424
36959469,0.5141075507770542
36959470,0.2591980269495288
36959471,0.09774415012672766
36959472,0.092714066268538
36988510,0.17354552516664715
36988511,0.13225051775867191
36988512,0.23140797451009862
36988513,0.38336656364019067
36988514,0.3938657061558251
36988515,0.19591748380258198
36988516,0.5396773391183282
36988517,0.12792835057320068
36988518,0.38676052932583455
36988519,0.21248833810660145
36981668,0.9229627614600465
36981669,0.34740225082800463
36981673,0.492422657000915
36981675,0.7633704176822498
36981676,0.5844022927480111
36989661,0.06711782063330861
36989662,0.0918484405253493
36989663,0.18456884003170576
36989664,0.08361467130077409
36989665,0.07981519523000687
36989667,0.07734310118762594
36989668,0.07731209543081513
36968029,0.7709597828850939
36968030,0.12582693369408493
36968031,0.05928196875561471
36968032,0.7381376594922621
36968033,0.7763369042604038
36968034,0.03515954842755095
36968035,0.6431041996197362
36968036,0.03471876604950013
36960420,0.27271675227909964
36960421,0.06283580722479536
36960422,0.15536109709883084
36960423,0.07426562912373169
36960424,0.17994901558902468
36960425,0.1546641902808744
36960426,0.1541463865968736
36960427,0.14519990907253996
36958604,0.2270064127931298
36958605,0.1411792115038982
36958606,0.06978338956041447
36958607,0.2259848131989489
36958608,0.09034789252180907
36958609,0.06129792899951836
36958610,0.14401503611094002
36958611,0.08071794093019496
36958612,0.06396991605292841
36986631,0.6264486108480366
36986632,0.2665580592462459
36986633,0.2272008472511519
36986634,0.648373547392321
36986635,0.27465132764482436
36986636,0.24313071743866124
36986637,0.2123783747606743
36986638,0.23279607938624383
36986639,0.19686338057107233
36961372,0.6076078660094122
36961373,1.2712479840358233
36961374,0.1902120431979768
36961375,0.28358604645558894
36961376,0.5835084017032306
36961377,0.5554087306922725
36961378,0.4248897459410186
36961379,0.3337016993041729
36993439,0.19836572778196096
36993440,0.13335819916773023
36993441,0.24513719869069042
36993443,0.3094195454214942
36993444,0.3070418501267948
36993445,0.10114293916969967
36993446,0.19865784878108966
36993447,0.39348906681708473
36993448,0.15082779612535152
36967147,0.11262800246142177
36967148,0.10071135443180534
36967149,0.08447622607197483
36967150,0.1357256017503403
36967151,0.09555399653663912
36967152,0.07652963605254288
36967153,0.08864978134016196
36967154,0.07031885320699575
36967155,0.1597830254326948
36965339,0.1475030651634955
36965340,0.15188095805221427
36965341,0.28165629462823466
36965342,0.24897379366085223
36965343,0.13373182533204037
36965344,0.14415306006296708
36965346,0.4061878420197194
36965347,0.34995307076347426
36967309,0.10319077423732914
36967310,0.0913942268115667
36967311,0.17948910214309982
36967312,0.11177133527022952
36967313,1.462709085879135
36967314,0.07765249669035718
36967315,0.1207560528277235
36970504,0.6930252903556431
36970506,0.08458352642651992
36970507,0.11732478408615171
36970508,0.11134978435626672
36970509,0.06178386517998857
36970510,0.10447322487408456
36970511,0.11378579278160963
37013479,0.06540884401219374
37013482,0.10166079984355411
37013484,0.04808990028533
37013485,0.11287392500674615
36960158,0.07883517214759204
36960159,0.17298368395457508
36960160,0.14408294473925995
36960161,0.08098830674479901
36960162,0.15199541956978432
36960163,0.08315108178290401
36960164,0.14025166455394286
36960165,0.15720772231715346
36960166,0.08507056603870641
37008659,0.04261893605656235
37008660,0.06851005318863743
37008661,0.06983208809442792
37008663,0.04398078084762978
37008664,0.07453543201067928
37008665,0.0603795717679552
36966577,0.5320508814698007
36966578,0.29010876571376704
36966579,0.8130480037355664
36966580,0.0663527870300879
36966581,0.213298679699088
36966582,0.11577248369065975
36966583,0.5854926138876181
36966584,0.2086630057478748
36966585,0.11678321053691383
36964549,0.14509554498469895
36964550,0.157442132192822
36964551,0.16074448368431005
36964552,0.08795507253543194
36964553,0.12760122021508133
36964554,0.26011996688005873
36964555,0.1795824886666969
36964556,0.22734392795645592
36955092,0.17897024807831466
36955093,0.06118856602561278
36955095,0.1350276014117984
36955096,0.07348158495071491
36955097,0.3188930737758664
36955098,0.08356033181943791
36955099,0.31304014345252223
36955100,0.08070598268446409
36955101,0.34532678886520873
36978847,0.09450282788518123
36978848,0.2671033774393644
36978849,0.10507987121329804
36978850,0.10465515798312482
36978851,0.1418982404985045
36978852,0.2870449858414996
36978853,0.1868897116241674
36978854,0.1530936374992873
36959981,0.1835071565709666
36959982,0.7256444472978463
36959983,0.19123630727896893
36959984,0.5894108078801684
36959985,0.2644570051885299
36959986,0.14902990412715847
36957473,1.0187856009877208
36957474,0.23911721009371076
36957475,0.9141528491617225
36957476,0.22956737883488573
36957477,0.13401878249604776
36957478,0.24175402828308717
36957479,0.4839502964128879
36957480,0.5683017689642551
36957481,0.49865187015432394
36957482,0.383661700250098
36983625,0.231065315567385
36983627,0.1323986888427443
36983628,0.23237544335681676
36983629,0.2604053024777526
36983631,0.16996264496946303
36966662,0.24435502219967797
36966663,0.10840196903098225
36966664,0.06984080024005195
36966666,0.055197598483254486
36966667,0.07223189870793466
36966668,1.2010973740185777
36966669,0.06413934110879758
36966670,0.08420250620714854
36987922,0.24104489850146155
36987923,0.13739630667832292
36987925,0.11565464030766191
36987927,0.2476437930474145
36987928,0.8472008308720104
36987929,0.29328455467932174
36997391,0.1422749274939946
36997394,0.07383538038712538
36997396,0.34322713045031106
36997397,0.15165433488264335
36997398,0.1709934171282405
36997399,0.08695463389111238
36979433,0.4945671076189645
36979434,0.37326726441999764
36979435,0.1671213318293106
36979436,0.3145927053256869
36979437,0.13756799222368832
36979438,0.21930608164151322
36957223,0.0329797134572134
36957224,0.03265651317251171
36957225,0.052922725074420696
36957226,0.05565431618386726
36957227,0.08849641302916464
36957228,0.12734567826433205
36957229,0.02762006578678376
36957230,0.05890562343983691
36957231,0.05458995375786775
36957232,0.03752240692386648
36966512,0.1392009039022495
36966514,0.28484935056224353
36966515,0.11703179006311862
36966516,0.2986166640075877
36966517,0.9664029794459941
36966518,1.424178662035885
36966519,0.1365168850183301
36966520,1.2637586798332736
36958115,0.10591747001378851
36958116,0.1431488083146239
36958117,0.15088029257523408
36958118,0.0882712106445077
36958119,0.2540206662475327
36958120,0.08436759180766638
36958121,0.0833045230350263
36958122,0.1343761366164345
36958123,0.09087927140814868
36958124,0.08315334834205888
36956412,0.10822086617546015
36956413,0.23417439644962304
36956414,0.12176474488512173
36956415,0.4666735534205966
36956416,0.29942874090869204
36956417,0.1551550344955308
36956418,0.08379916582933732
36956419,0.16068165017791985
36956420,0.12823855963957817
36955781,0.27217011048394624
36955782,0.1468064791036585
36955786,0.1366228876024717
36955788,0.11601078241755973
36955789,0.2253264352828592
36963766,0.28604356029895917
36963769,0.8587913235937985
36963770,0.2899197740014687
36963771,0.612352372979657
36963772,0.544772987295704
36963773,0.7554551911607009
36959388,1.2772191269922364
36959390,0.21857540137667178
36959392,0.5194912412483361
36959394,0.23398415068283812
36959395,0.2135355432445572
36959396,0.220556369140389
36959397,0.28423617737930684
37006727,0.1702433082881596
37006728,0.37631985236153626
37006729,0.3424932709287719
37006730,0.7051089244716159
37006731,0.6987981060293471
37006732,0.48417527368760227
37006733,0.37810989857810406
37006734,0.30378941867271325
37006735,0.5752516993323589
36965007,0.10176864820959008
36965008,0.16624534378380915
36965009,0.28558385522214147
36965010,0.2798981735937296
36965011,0.14309375234448418
36965012,0.21681046036767063
36965013,0.20929924072666883
36965014,0.3494152087775661
36965015,0.13531218688824478
36962308,0.11073645517571054
36962309,0.7048507659396431
36962310,0.5207175075086615
36962311,0.12821940766978
36962312,0.11440296614248746
36962313,0.2029961031721337
36962314,0.16437235369020742
36962315,0.14021905618479055
36962316,0.11052050482998314
36962317,0.13528681650873187
36998040,1.3573357812065854
36998041,0.822741895816048
36998042,0.10075721597670187
36998043,0.5027155009965714
36998044,0.07222936192093211
36998045,0.0834651877706384
36998046,0.2590427564802408
36998047,0.2583412523826338
36998048,0.4495652822313209
36961412,0.4183014221109778
36961413,0.9518719958068197
36961414,0.2107457532982896
36961415,0.5166321203184614
36961416,1.1642479236297338
36961417,0.7577623669045362
36961418,0.13958129765148036
36961419,0.17793229784589792
36963021,0.102174762569745
36963022,0.23161496770652815
36963023,0.15110088972321206
36963024,0.7936168575160484
36963025,0.40705929652243317
36963026,1.1543709143263958
36963028,0.8452984839534682
36963029,0.1484328785588098
36959435,2.053711560599611
36959436,0.16882308441635913
36959437,0.3564470914798899
36959438,0.1671988535929726
36959439,0.20062236747920648
36959440,0.24019948996026816
36959442,0.4117469269259715
36959443,0.19030940918482867
36959444,0.15007302357159655
36981867,0.5105383068484924
36981868,0.11933219434048858
36981869,0.22662864374877442
36981870,0.15215746041255326
36981871,0.11416304177852969
36981872,0.2563639735329072
36981873,0.10928768503992482
36981874,0.12322269746831688
36964815,0.13925632510552555
36964816,0.12035160679655986
36964817,0.13275090862899622
36964818,0.130272896466313
36964819,0.08420565359440495
36964820,0.12236469103532822
36964821,0.11378196323820368
36964822,0.0852185964354325
36964823,0.0826200785685052
36957005,0.10875836043269137
36957006,0.5032893680243156
36957007,0.13796102201914126
36957008,0.11140352187632095
36957009,0.11003010362300486
36957010,0.10365647472772775
36957011,0.22819101951836365
36957012,0.1480359171375888
36957013,0.12503993109454467
36958999,0.5166955685921748
36959000,0.3167940660150792
36959001,0.32827664762889536
36959002,0.20926036582707974
36959003,0.10625902385049825
36959004,0.2306807368533585
36959005,0.16906647050585094
37018942,0.11571090281496257
37018944,0.22262866462483474
37018945,0.09449908039645757
37018946,0.44910442679795265
37018947,0.24880363247807913
37018948,0.1611092717422119
37018949,0.1479900712002822
37018950,0.6764762575437648
37018951,0.11324259523111893
36989074,0.09062364609309834
36989075,0.6933515035675767
36989076,0.6296696018541795
36989077,0.08250623538616315
36989078,0.9327382844741278
36989079,0.7381086999787675
36989080,0.10856476441103893
36989081,0.18794537198719094
36989082,0.5520031364778998
36956421,0.6167151504284647
36956423,0.1698342149313006
36956424,0.09286299916665736
36956425,0.6997148661949044
36956426,0.7435830878973144
36956427,0.11387822913436652
36956428,0.10836692944426062
36956429,0.37393672734643607
36956430,0.08805169606313636
36955208,0.3610192191999668
36955209,0.4839991851840483
36955210,0.5331499525060008
36955211,0.70675008293012
36955214,1.009369168202876
36955215,0.44254445354024746
36957107,0.33124507895734645
36957108,0.09786702249980861
36957109,0.12528282259702547
36957110,0.16979836113341218
36957111,0.0948808035643404
36957112,0.0716326574638669
36957113,0.08619934613203792
36969184,0.21877607908792085
36969185,0.1066991863902658
36969186,0.6948654887833385
36969187,0.1302576789815099
36969188,0.34509411632806647
36969189,0.24502836359876093
36969190,0.12485729773102813
36997489,0.1014750606155999
36997490,0.46378721281947416
36997491,0.09167662919934667
36997492,0.08890747840848386
36997493,0.08812145009226333
36997494,0.40698183974313057
36997495,0.3551684977126866
37017435,0.11850747536234396
37017436,0.15138400871411503
37017438,0.09524358681849443
37017439,0.10079454633978809
37017440,0.14391065124741723
37017441,0.1488922742885579
37017442,0.14130374307078722
37017443,0.14287996282695387
36967052,0.079829417023186
36982859,0.07150135280668285
36982861,0.07767604651387723
36982866,0.092004809197172
36982867,0.06088020685565723
36996878,0.233963387284355
36996879,0.23696227883778248
36996882,0.24349091012958296
36996886,0.25107522616844125
36957627,0.13429207482985067
36957628,0.13371573934078215
36957629,0.7108762387642356
36957630,0.13623156333447675
36957631,0.4569982177164701
36957632,0.1390588569346904
36957634,0.12217229508271711
36976365,0.16643411132015612
36976367,0.06847598379068018
36976368,0.11660187386793747
36976370,0.0674239254227411
37009069,0.18760973462566702
37009070,0.20299627526878228
37009072,0.10755041901783627
37009075,0.12190737597977695
36995971,0.16245383970826893
36995972,0.16069022058951393
36995973,0.16635708909580837
36995975,0.1613734246530136
37016158,0.23938782838941114
37016159,0.09968168708347797
37016160,0.07053074821976192
37021695,1.9096143403719141
37021700,0.3964591634093845
37020009,0.12524866611046623
37020010,0.14380314271646105
37020011,0.1166153733937215
37020013,0.13797461567062827
37020014,0.12887579944872013
37020016,0.115824845721506
37020017,0.14333396574663448
37020018,0.13180735789271092
37023875,0.06473996948117386
37023877,0.060255051305661694
37023878,0.06023353942826891
37018678,0.11068368340538486
37018679,0.0602791648273412
37018680,0.23948342526012575
37018681,0.06393932749519365
36995013,0.14760361166765992
36995014,0.17689058684325773
36995015,0.19216401431576327
36995017,0.1556861646402574
36995020,0.150916472583134
36995021,0.19474681365268884
37019592,0.09746547515494129
37019593,0.13736947221496837
37019595,0.12594714156921405
37019596,0.14676765222882449
37019597,0.11661136300813535
37019598,0.0976030518447003
37019599,0.08968882197587733
37019600,0.09356205412440721
37019601,0.11843888770945113
36989199,0.12375382940596384
36989202,0.1286025242146958
36989203,0.15957979847011064
36989205,0.10912949809803886
36989206,0.12057078655160046
36989207,0.13008106618614673
37015600,0.3750025984513209
37015601,0.21337906266344855
37015602,0.3781117779288807
37015603,0.3368911888608531
37015604,0.3965381995858191
37015605,0.21019298300101674
37021060,0.41858541423788403
37021062,0.41232562555988744
37020784,0.19995041517885292
37020785,0.18039024668440012
37020787,0.5284606705530281
37020790,0.3976111195448733
37020792,0.3282378538144253
36976492,0.35561524797735666
36976493,0.2534147756678312
36976494,0.35248928008332864
36976496,0.3238922703606684
37024394,0.03669081817502343
37021853,0.09966487611472374
37021854,0.11155091857095964
37014255,0.37690425539697264
37014257,0.29187746605973236
37014258,0.08660251462758854
37014260,0.3013862116320067
36977042,0.36221062480182176
36977045,0.2216131788168288
36977046,0.2538303774986887
36977047,0.42433643555730605
36977049,0.199889729654329
36967295,0.06861916140859262
36967296,0.08649827486045528
36967297,0.07677140461414236
36967298,0.060310727535914994
36967908,0.053857159605727914
36967909,0.05840268218881218
36967910,0.0524283553830307
36967911,0.06449428867816175
36991942,0.2292331507287269
36991943,0.14268404926548217
36991944,0.15928431034029542
36991945,0.3602169365443663
36991946,0.22917261028034985
36991947,0.14767576557922868
36991948,0.13684953283442244
37008510,0.09761611029770886
37008511,0.10134165122147634
37008512,0.2279163646058968
37008513,0.26632424541710287
37017740,0.2050134541011681
37017741,0.24299850643360016
37022046,0.07236467030732813
37022047,0.06781893840421208
37022048,0.28956074054294273
37022049,0.28750845377988715
37022050,1.3247241532291878
37022051,0.09417973585547147
37022052,0.15701707376465684
37022053,0.32436007706801523
37022054,0.05621579041866342
37007302,0.13628397388277066
37007303,0.19643726757207045
37007304,0.2864011015135792
37007305,0.1648035419645028
37007306,0.12649984523132016
37007307,0.28515760539733026
37007308,0.10640316124687246
37007310,0.3258051823578671
36982973,0.12777637199214953
36982974,0.48589572132445696
36982975,0.15757656801733225
36982976,0.44887504125730093
36982978,0.10466177873172003
36982980,0.11589352538311529
36996034,0.34502707840745017
36996035,0.093473738484429
36996037,0.278618837026332
37019676,0.38093383854557716
37019677,0.3996480135530685
37019678,0.239886492958843
37019679,0.5975459337812725
37019680,0.23412754494689525
37019681,0.31567574532920917
37019683,0.5498082246601932
37019684,0.29936111763682827
37019685,0.3620555106867415
36964970,0.9186831209879768
36964971,0.17694695397646912
36964972,0.09965173576797204
36964973,0.20497989272072073
36964974,0.23867298693214492
36964975,0.22283986653274238
36964976,0.24178371966339807
36964977,0.1658992596503992
36964978,0.18394168047669546
36964979,0.24459982057013657
37019148,0.3740056300838903
37019149,0.7358584163013724
37019150,0.8228183839225349
37019151,0.7905579584695275
37019152,0.3292646610717315
37019153,0.801853734917128
37019154,0.7489599833335444
37019155,0.91463174909132
37012418,0.1612970213491802
37012419,0.1660243592641055
36982383,0.1599580622282955
36982385,0.15732530057274863
36982386,0.18213562872420191
36982387,0.1538418846649769
36982388,0.1645919137133999
36982389,0.1957847303791029
36982390,0.141993870222786
36982391,0.15417636669794496
36994931,0.1308733597694554
36994932,0.2422695450977444
36994933,0.13555100539692197
36994934,0.20901412393426283
36994935,0.13012910295549826
36994936,0.11042019458490113
36994937,0.12210523142246986
36994938,0.12314216667433724
43431641,0.13779877092099424
43431642,0.15421404945707623
43431644,0.13613393175055646
43431646,0.11978800640698357
36984910,0.07573595771978099
36984911,0.08949062825733879
36984912,0.09406593137608413
36984913,0.08466678831479499
36984914,0.09073045770601673
43432523,0.2844250467197293
43432524,0.48102960610276596
43432525,0.5411864262571185
43432526,0.1836456926073663
43432527,0.2251985706128064
43432528,0.5049037435872169
43432529,0.2944556934932062
43432530,0.557732970486418
43432531,0.5524073054880126
37024017,0.09445343895092147
37018355,0.15946318843438642
37018356,0.15850549487136784
36999139,0.2375118090473287
36999140,0.26628731862385924
36999141,0.26067855195690204
36999142,0.22966798882081296
37022012,0.112949396623136
37022015,0.26951183401118617
37022016,0.24918386855595068
37023330,0.9499772713032475
37023331,0.05247839190729786
37023332,0.13733814992142512
37023333,0.9800858654800634
37023335,0.9740291393918719
37023336,0.05777721861029809
37024071,0.13966804695294052
37024072,0.17405112509381818
37024073,0.14348888025178322
37024074,0.17585015994497225
36995671,0.05667283332953181
36995672,0.07110353380871477
36995673,0.07273616336899029
36995674,0.048943132908777616
37017894,0.14757875956723548
37017895,0.05661328218517422
37023923,0.12404698367236137
37023924,0.14221705495239845
37023925,0.12420605563967434
37023926,0.13330282490559314
37023927,0.12935355125762638
37018987,0.08648035895332046
37018989,0.14087517973535427
37018990,0.25750249440116607
37018991,0.15713405599936353
37018992,0.14234675860715543
37018993,0.08693336823375908
37018994,0.25190029227211386
37018528,0.1160620561936457
37018529,0.10292929502305938
37018530,0.0964942953217805
37018531,0.1083200226414911
37018532,0.09380048973826752
37018533,0.1333047791162009
37018534,0.13776457421761015
37018536,0.08940906313516271
36983944,0.0823390735537347
36983949,0.0607530178892266
36983950,0.07323837188701032
36983951,0.054940104561902875
43428548,0.05782781050477397
43428551,0.08023498356620824
43428552,0.09639920985723735
36990730,0.48379470005809005
36990731,0.0753066178611852
36990732,0.5050993913390219
36990733,0.7682613693014518
36990734,0.22908764013366578
36990736,0.1296595404917369
36990737,0.13060401390996387
36990738,0.11945138808054187
37016244,0.099627634897644
37016245,0.09931841494303871
37020555,0.07499334880926448
37020556,0.0681280910380343
37020557,0.07222366654137298
37020559,0.0698302506107922
37017292,0.17770387987427935
37017296,0.09001626623918256
37017297,0.2590386864044022
36998691,0.08081379737971175
36998692,0.11957394960119858
36998693,0.3701571950764784
36998694,0.12572773343949373
36998695,0.08206636036592564
36998696,0.09087090914149772
36998697,0.09141235882202685
36998698,0.08573746340539713
36998699,0.0862595698444503
36990612,0.3202512423932342
36990613,0.05372026591380773
36990614,0.052072465185080234
36990615,0.5961201447943332
36990616,0.23299004397758769
36990618,0.5131653122374901
36990619,0.3098137372730791
36995924,0.14644223489099983
36995927,0.09946286734145285
36995929,0.03380417476702732
36995931,1.2369241212858686
36995933,0.6248701470111965
37016534,0.05905726616328799
37016535,0.05858045310891508
37016537,0.05105091554404571
37016538,0.06559119583238891
37018489,0.1220912830821161
37018493,0.18373545689437384
36979215,0.4428891215609011
36979216,0.4731742790824756
36979217,0.413715329881285
36979219,0.46977349093980375
36979220,0.42867324638035503
36979221,0.3904083724518951
36979681,0.3671286184465561
36979682,0.1621533906394994
36979683,0.1418480714667508
36979684,1.5692148480951489
36979685,0.3547931306974198
36979688,0.14615644366880962
37010807,0.16580900884387695
37010809,0.1574745496584312
37010810,0.1292686450019847
37010811,0.16483646077949424
37010812,0.14943026463478826
37010813,0.12075457333283217
37012326,0.20329440348516734
37012327,0.18655642320928928
37012328,0.17015703833952672
37012334,0.15469565675056746
37021087,0.18341980582864323
37021094,0.19533430164540908
37012516,0.18107278284530176
37012517,0.20794838849153893
37012518,0.27491125152671925
37012520,0.18608739183536654
37012521,0.7040786511720561
37012523,0.37923400345056724
37012524,0.1456050228947398
37012525,0.20066881294040959
43420041,0.3729061361115172
43420042,0.34917650472000367
36977507,0.33248130620526384
36977508,0.1925226035703836
36977511,0.3583775560889512
36977512,0.4770942357782931
36977513,0.4428747346047148
36977516,0.26122604147791806
36974866,0.06667417928007612
36974867,0.06621076522574933
37021963,0.06783715179636551
37021964,0.05585457752000562
37015936,0.16113600975465625
37015937,0.15733025791236002
37013266,0.1496181759032718
37013267,0.1684651303926545
37013268,0.15188439859220892
37013269,0.16174931336376513
36972920,0.03388809256680485
36972921,0.02617687121857092
37018682,0.3264474429523329
37018683,0.4070377438538309
37018684,0.4515345211504772
37018685,0.08474954060609645
37018686,0.0635689661459545
37018688,0.04925913000760106
37018689,0.4159148207424154
36983748,0.27918961090802086
36983749,0.39863543496062276
36983750,0.26692944549700226
36983752,0.3038859477319586
36983753,0.3526720468343699
36983754,0.5327956415808356
36983755,0.2594774171658695
37023052,0.360095591142086
37023053,0.272342450536285
37023054,0.21890723293342054
37023055,0.17155998473128994
37023056,0.2215281953232198
37023057,0.3115352582832366
37023058,0.3665998095150614
37024035,0.8100046264225624
37024037,0.8076256947204499
37024038,1.444008968478607
37024040,0.41024595153102134
37024041,0.7518685681117092
37024042,0.3874309454824131
37024043,0.1724978861640619
37023033,0.11630610627680389
37023037,0.24575491868652596
37023039,0.10754651138893356
36993106,0.1106178906610677
36993110,0.1097410962862482
36993111,0.28025873417518815
36993112,0.27208396315664674
37020895,1.7142721074092844
37020896,0.2254669919498892
37020897,0.5148877590809241
37020898,1.6247476660084827
37020899,0.4258987927151127
37020901,0.5018375456609484
37020902,0.5198885973969792
37020903,0.3212670393004819
36990676,0.42889878411247484
36990678,0.6126932075845327
36990679,0.48541736949029596
36990680,0.4441175740248745
36990682,0.48913716223168263
36990684,0.18931927819746994
36990685,0.0957070348532144
36986174,0.10837095024519934
36986176,0.11488547220495553
36986177,0.10707364101318666
36986178,0.10881864411903286
36986180,0.1108055538091569
36986181,0.10082065589337118
36986182,0.11404310719679195
36987761,0.1897439221512492
36987763,0.11423416906302818
36987764,0.1891778020948132
36987766,0.20276596551444212
36987767,0.36510480448358107
36987768,0.2467356547683039
43428657,0.09802474752587989
43428658,0.22275728239628587
43428661,0.09647762617699175
43428664,0.177916427136049
43428665,0.14512620497440565
36983969,0.3752338896925436
36983970,0.7457477320519434
36983971,1.8313576281668558
36983972,0.7406624131650205
36983973,0.40298212228860275
36983974,1.8233343242149578
36983975,0.37363153071152333
36983976,0.4314293956568215
36983978,0.7691704677338139
36983434,0.14993268319878608
36983435,0.1034374860950089
36983437,0.10650648350034796
36983438,0.11207272797463882
36983439,0.1400956339798408
36983440,0.1375953387438098
36983441,0.16614308581507056
37015381,0.16053344451814383
37015382,0.24972308427188009
37015383,0.24952867916626598
37015384,0.22550200376990293
37015385,0.2894262664670354
37015386,0.3014778374644354
37015387,0.2666719915673964
37015388,0.3019003266065637
37015389,0.8320457761020926
37015390,0.19947112622824312
37012137,0.16944135767556545
37012138,0.18514438400388555
37012141,0.16639851094627137
37012145,0.14880894483992443
37012146,0.27227514127525293
36990485,0.13136610405239776
36990486,0.12862244012864568
36990487,0.5717535521890729
36990489,1.036335531594302
36990490,0.40069500634200994
36990491,0.4877630358397687
36990492,0.3792506057831389
36994197,0.16823407916290345
36994198,0.37925646556689746
36994200,0.37534655629036184
36994201,0.15542522280777094
36994202,0.15811050096825915
36994203,0.1779544887012247
36994204,0.20182995444858842
36994205,0.16184099670345245
37022897,0.06081744360770905
37022898,0.033046727096145236
37022899,0.10739618284602379
37022874,0.2693967015122782
37022875,0.059775567806265084
37023447,0.15758969896702002
37023448,0.09584832317111347
37023449,0.11202669027652037
37023450,0.08486403880311175
37023451,0.09544480783573717
37023453,0.11696889900278382
37023454,0.062361165667534475
37023455,0.12522459765355015
36983677,0.17398847509930598
36983679,0.06847969361279349
36983680,0.23630867789037058
36983681,0.08378523248067353
36983682,0.0916415971344734
36983683,0.11967993425201898
36983684,0.12978397504676228
37021682,0.09501886450576204
37021683,0.049688940979855496
37021684,0.08474517792257245
37021685,0.05058308646384464
37023478,0.061169147027566095
37023479,0.05529909401240039
37023484,0.054364390104063194
37023485,0.06503700767218168
37023684,0.14068071231102428
37023685,0.04789477938006569
37023686,0.055590403475136635
37023160,0.06905301891069483
37023161,0.06385177160278269
37023163,0.10933733583539479
37023164,0.07876531548579487
37023165,0.05165391078063115
37023166,0.1097177289813754
37021668,0.1246841325043238
37021669,0.17236653093195312
37021670,0.18178799477839955
37021671,0.12441042287969016
37021672,0.17214374906457422
37021673,0.12472864785302995
37021674,0.1217247098015494
37020134,0.1466724168569505
37020136,0.1837883016305236
37020137,0.14637400849452054
37020138,0.17672870671559918
36999367,0.16732097599333556
36999368,0.14766143516281705
36999370,0.16353464757730296
36999371,0.15277257521208382
37023646,0.3140723867481127
37023647,0.24219455558080524
37023649,0.21916550105706195
37023650,0.35285670726955165
37023651,0.36211887900595735
37023652,0.2985423880901637
36959201,0.18448165037447653
36959202,0.25454080475172913
36959203,0.32593782419031525
36959207,0.2828640128373368
36988595,0.0502461391719692
37022363,0.1195172994478165
37022365,0.10946927152576136
37022366,0.11310921265414668
37022368,0.11715134304713314
37022369,0.0912062348518062
37022370,0.09955100876319961
37022371,0.08876162382384754
37021042,0.18069786469714016
37021043,0.22601100358610954
37021044,0.21736799252555974
37021045,0.27234459042990783
36968963,0.3562926590742136
36968966,0.40303065421505785
37011805,0.168091807332206
37011806,0.13578232171009377
37011807,0.13005598942530097
37011808,0.17054479025749916
37020674,0.12471436179356686
37020675,0.21279561009319586
37020676,0.28505782062196533
37020677,0.05608082899111849
37020678,0.09748450091051016
37020679,0.6949529438432638
37020680,0.07142916286833875
37020681,0.29828240261018124
36979190,0.16035778584472915
36979191,0.3252929317216367
36979192,0.49259093032310775
36979193,0.14333948775817845
36979194,0.1522640073115758
37010007,0.37172978165786275
37010008,0.4247877103370435
37010009,0.21350118391107675
37010010,0.21482756659617433
37010011,0.20032245161621376
37010012,0.19786750178834348
37010013,0.25257351822435975
37010014,0.22659435485461246
36957927,0.09442562415707781
36957928,0.11067964019811133
36957929,0.09084668000252911
36957930,0.28910731786347654
36957934,0.4799603540884565
36957935,0.3887871797819956
36957936,0.0968340473854842
37011072,0.3578953438200826
37011073,0.13796160961995171
37011075,0.36165996056081506
37011076,0.44310938374569053
37011077,0.4575015256321173
37011078,0.4972196348494715
37011079,0.13303434136894043
37011081,0.4973828792138925
37019477,0.10478286852221867
37020181,0.05714341483572724
37020182,0.059993140078715285
37020183,0.06834093468779942
37020184,0.050928480351213085
37017876,0.10934844171916847
37017877,0.11042494533396997
37009667,0.3205184395659521
37009668,0.3385755565297326
37009670,0.18433035881566942
37009672,0.17765745036737143
37009673,0.2630147768378574
37022319,0.4698759504317763
37022321,0.4643193174616477
37022322,0.40685310337849
37022323,0.5775295314635436
37022324,0.4174957826407353
37022326,0.46400643949780535
37022327,0.5124540030484568
37024415,0.2638739368579742
37024416,0.27837231676044444
37015845,0.08302936662227682
37015846,0.08666585328135007
37015847,0.08894801722124795
37015972,0.0254954740335866
37015973,0.0281642844318955
36995785,0.43199861010875557
36995786,0.5193418146022625
36990144,0.3699455479883833
36990147,0.25488884581622484
36990148,0.8641913745263821
36990149,0.35692821585564455
36990150,0.1574881285220565
36990151,0.32638085568312364
36969483,0.08876669387474355
36969484,0.0537564628932761
36969485,0.28003469978784423
36969486,0.05405246157320157
36969487,0.05290532097871865
36969488,0.10566023567242083
36969489,0.8048032637175739
36969490,0.09758368796230094
36969491,0.26465271535462787
36973721,0.09594655201254286
36973723,0.09583447713079485
36973724,0.05507725950349312
36973725,0.057032488898585115
36973726,0.13532528175961808
36973727,0.18570825372506491
36983850,0.6564616570774222
36983852,0.06922218317259093
36983853,0.4745731546230398
36983854,0.6451076073707015
36983855,0.5454576520574044
36983856,0.0708889241163528
36994782,0.20256318774090176
36994783,0.22574822548825726
36994784,0.39161062093269317
36994785,0.16038090433916377
36994786,0.1319156501492751
36994787,0.3406679852229343
36994788,0.12217914419637957
36994789,0.3556556016511211
36994790,0.1336223675966322
36994791,0.22514673756635994
36979512,0.19293942339272982
36979513,0.12304037412646325
36979514,0.1434653016559139
36979516,0.23391685133843318
36979517,0.14660703242765263
36979518,0.12279794982042001
36979520,0.2387559427230821
36979521,0.16791867140151848
36986313,0.21776180136630705
36986314,0.1904628497009007
36986315,0.15587527564617903
36986316,0.11216677990461724
36986317,0.17703293818230958
36986318,0.19188253321282536
36986320,0.18851207372164092
36986321,0.22295519548717527
36979157,1.0723234794322487
36979158,0.15825228026503518
36979159,0.09169909521568026
36979160,0.11662264157312008
36979161,0.17132274019687987
36979162,0.11363844386169403
36979163,0.1491095994135874
36979164,0.1400513042263195
43422467,0.4223229169352264
43422468,0.041467333329432095
43422469,1.3408112250497641
43422470,0.4440903807105647
43422471,0.44280814390970197
43422472,0.12381681538653147
43422473,0.07587003958583702
43422474,0.12759621222505843
43422475,0.44360104747897094
36985030,0.11391230232283825
36985031,0.12342361945398803
36985032,0.09344182683276181
36985034,0.24917665490854227
36985036,0.1188444281682676
36985037,0.25296362685324214
36985038,0.08096335627287371
36989938,0.15743960501483414
36989939,0.9193617566317397
36989940,0.1292889839310941
36989941,0.12506863452921904
36989942,0.1799504085104955
36989943,0.13918562232484072
36989944,0.12690276774740739
36989945,0.1352071722588324
43422263,1.1380676674315091
43422264,0.7269902988701065
43422265,0.756921054062039
43422266,0.8461150634797328
43422267,1.1303397271102844
43422268,1.0907268326544528
43422270,0.5430377271950334
43422271,0.6721704865422955
43428352,1.422680790735853
43428353,0.5580432022981101
43428354,0.6294402478416276
43428355,0.44695171390048294
43428356,0.8936504787663242
43428357,0.457912403639954
43428358,0.510524266291729
43428359,0.6774320740224465
36993660,0.1771551803766009
36993661,0.11420965077567485
36993662,0.2499396835279196
36993663,0.18479318592242816
36993664,0.1829153934365311
36993665,0.2147998648075777
36993666,0.2822360363828738
36993667,0.2679927919586745
36993668,0.3065834775452323
36993669,0.2931459317939016
37017333,0.04906462871744219
37017338,0.08956328156372743
37016081,0.1596311641681346
37016082,0.1682397235407688
37016083,0.16022921708474988
37016084,0.27166241108021005
36982347,0.06278942428759868
36982348,0.07379753052082402
36982349,0.0666890384315688
36982351,0.7512966428315754
36982352,0.06403122296929108
36982354,0.11368763732840907
36982355,0.07804508476748219
36982356,0.7067037078648606
37021072,0.06845551387547325
37021073,0.24295940755161283
37021074,0.09278169512894738
37021075,0.06553209648513016
37021077,0.10279464125191298
37021079,0.28762254939157483
37021080,0.29426538971093485
36977951,0.2097519769234728
37013238,0.18665356165310362
37013241,0.2303358168724819
37013242,0.18027513158606123
37013243,0.37934509775824227
37013245,0.34901350876731546
37013246,0.2691742456248367
37013247,0.27603993251317693
36971923,0.050479714179197735
36971924,0.33236264054126635
36971925,0.04908075022052127
36971926,0.052769355956125114
36971927,0.05378465385074573
36971928,0.052340946025612976
36971929,0.07749397055732099
36971930,0.2757016269396893
36971931,0.08085644857747533
36971932,0.05265671183554705
36974591,0.11320464988172725
36974592,0.11469567610191954
36974593,0.07973548156328496
36974595,0.07468114031087714
36974597,0.07019508619058565
36974599,0.14385052946405383
36993208,0.14960020286687387
36993209,0.7700401884629754
36993210,0.15777475821004633
36993211,0.3317898332027477
36993212,0.19592322116731575
36993213,0.21466831312268986
36993214,0.1973510500387987
36993215,0.20749784051595813
36993216,0.17103508626580666
37023828,0.0803855908566964
37023829,0.2787868755914325
37023832,0.2858969044477869
37023834,0.083129451870868
37023835,0.06270880066605572
36971561,0.1394113426672526
36971562,0.15427017072952992
36971563,0.13203462031071989
36971564,0.2910843643200704
36971565,0.15454075733183253
36971566,0.16184833947362529
36971567,0.13334525560084956
36971568,0.1324530345183136
36971569,0.11990084497762744
36983180,0.14348171960395248
36983181,0.17012744729942048
36983182,0.18856979088965498
36983183,0.1484415857567368
36983184,0.11892735982046918
36983186,0.14236418506749055
36983187,0.13271088899738373
36983188,0.1547007882509723
36983189,0.282290251821426
37020969,0.28564926972522325
37020970,0.07638610181744064
37020971,0.4854499771605671
37020972,0.09127447329883728
37020973,0.4913362629832566
37020974,0.06456100044369173
37020975,0.10253062544859566
37020976,0.2462623441880381
37020977,0.06565191802551573
37020978,0.16921074751263782
37014382,0.11545076001183478
37014384,0.0847694869996537
37014385,0.7712146285646254
37014387,0.0853578290556339
37014388,0.18657241769144065
37014389,0.09281365176610475
37014390,0.2584483997185835
37012855,0.08146282762185476
37012856,0.0828773940714835
37012857,0.5441681537982234
37012858,0.11241388980704171
37012859,0.5428744803511785
37012860,0.09595117312193266
37012861,0.31757532482627093
36988676,0.08179813780078468
36988677,0.18862581137367948
36988678,0.10869432317076486
36988680,0.129569684320569
36988681,0.09865871171576741
36988682,0.1559165641825863
36988683,0.07953261225063746
36978928,0.2928331610224191
36978929,0.2669623738207205
36978930,0.29355794401647567
36978931,0.30626813484328985
36978933,0.2741336418555938
36978934,0.2717370627384325
36978935,0.30842437254837257
36978936,0.2813294981611799
36978600,0.27466055221043967
36978601,0.28243232180909617
36978603,0.23636560348580354
36978608,0.29974787605034714
36982840,0.1794904909666963
36982841,0.39679435748357245
36982842,0.12336526273565508
36982843,0.3605451252327532
36982845,0.23619342656699552
36982846,0.2012351951115826
36982847,0.9844403773828225
36982848,0.1668274276859669
36982849,0.2734493956847683
36987390,0.1681246107780954
36987391,0.1591388481320903
36996291,0.07772506645857677
36996292,0.09077769610910015
36996295,0.0785029970604896
36996296,0.08993803571698385
36987958,0.1169804162806304
36987959,0.09816032295658757
36987960,0.09880162727727598
36987961,0.11253144247057599
36978681,0.2790797300341436
36978682,0.3162840941651421
36978683,0.267086534650642
36978684,0.31302859251021964
36978685,0.37531185701216624
36978686,0.26056284908515437
36978687,0.4053705952388173
36978688,0.3074129306051204
36978689,0.17501087077330577
37013961,0.32391187216379747
37013962,0.33488933440031454
37013963,0.1802383858469773
37013964,0.13882795431638253
37013965,0.24328343551846046
37013966,0.26224916734641074
37013967,0.8617324742665534
37013968,0.25154290661304674
37013969,0.28730479999275976
37014874,0.3682704350672554
37014875,0.2285670692935727
37014876,0.22285745412314342
37014877,0.23710552126889578
37014878,0.6751032873349385
37014879,0.11557625356492407
37014880,0.23943423810459202
37014881,0.5236545732794996
37011393,0.1235009770542996
37011394,0.37944761802850546
37011395,0.7614906666400001
37011396,0.6109244219828598
37011397,0.25449481340514124
37011398,0.25374037201152955
37011399,0.24086190883406852
37011400,1.1014200265367236
37011401,0.11375343725103451
37011402,0.41205796205392925
36977748,0.13780358389850986
36977749,0.16468569763394103
36977750,0.3017779825383601
36977751,0.16001587452653046
36977753,0.38722085412484836
36977755,0.2346948368340955
36977756,0.07266113051727523
36990161,0.11799557999579836
36990163,0.10964579930415105
36990168,0.07091710336990951
36990170,0.08698492049226994
37007992,0.17944695195584334
37007993,0.12845472892791657
37007995,0.1287324790319583
37007999,0.16331040797439692
37011894,0.1497268031021657
37011895,0.14537955506569641
37011614,0.16997804592585303
37011615,0.17550077682130577
37011620,0.1674512975842147
37011621,0.14720608888363435
36972789,2.0929011672948374
36972790,0.0979439561782385
36972791,0.18479516608116497
36972792,0.12063580108314002
36972793,0.22153802615712717
36972794,0.23822867529614447
36972795,0.08492658887064415
36972796,0.5007727168290355
36972797,0.11177739961757933
43428014,0.13377836151354827
43428015,0.07459200596735518
43428016,0.054244911496319395
43428017,0.13249029999792553
43428018,0.062368000936973915
43428019,0.134045299535112
43428020,0.6423166069274614
43428021,1.0425111264382054
43428022,0.12344998139826385
36985160,0.1534937761820213
36985161,0.22963120104804485
36985162,0.16857637543383402
36985163,0.2087658259322343
36985164,0.15610678686645543
36985165,0.35116677888386566
36985166,0.15203341931506686
36984848,0.0974190538389952
36984849,0.10301289714356451
36984851,0.09969563907872361
36977080,0.13810623407646397
36977081,0.2507296285366243
36977082,0.9616995534396882
36977083,0.4215894255060939
36977084,0.4330380518492805
36977085,0.26296417909139813
36977086,0.2454031204078407
36977087,0.3377043976051491
36974370,0.15387408516723544
36974371,0.14357641964382337
36974372,0.1411698724327181
36974373,0.1649373855309534
37023547,0.08001799417298747
37023548,0.0835016148635611
37023550,0.08022619815046539
37023551,0.0832391520939013
37023552,0.09318516350703364
37023553,0.08426278641792796
36998727,0.27057575151714813
36998728,1.0220913037380948
36998729,1.129859074915704
36998730,0.17384929232934354
36998731,0.14804748260146425
36998732,0.17036889879119857
36998733,0.17695276281488465
36998734,0.2325299780106298
36993159,0.1480475092558537
36993160,0.9695797902067053
36993161,0.2798031674855302
36993162,0.156846365663037
36993163,1.0158535175646484
36993164,1.1348946455588123
36993165,1.0837089613211648
36993166,0.28435045753553906
37020933,0.058821287285631504
37020935,0.11303731439816206
37020936,0.05508208726636333
37020937,0.05667703315491139
37020938,0.056479575415596325
37020939,0.06418661323907116
37020940,0.10289113653647254
37020941,0.08997848887789624
36970657,0.2710282457756226
36970658,0.14804474980246463
36970659,0.15558837368140063
36970660,0.061479734714407416
36970661,0.08252776039790356
36970662,0.055066239107350826
36970663,0.0532308223901979
36970664,0.08430560136232582
36970666,0.22162024194550473
43429420,0.2157617353394544
43429421,0.2836543575693613
43429422,0.583740317007207
43429423,0.2959820749732482
36998808,0.4851522842867068
36998809,0.2203812409939537
36998842,0.07908217769830637
36998843,0.07863937113727348
37020504,0.22007162831330745
37020506,0.22558611350387914
37020508,0.03651010332723813
37019251,0.16027311995024407
37019252,0.23825455473265142
37019253,0.21043763365614984
37019254,0.1696145766453083
37022730,0.07002851581834875
37021293,0.09663107852432097
37021294,0.09988373828357684
37024177,0.10896667450278211
37024178,0.21885724602990556
37024179,0.4014023770206319
37024180,0.0882368513076134
37023391,0.17961242984848805
37023393,0.1658396907060283
37023397,0.09783866683349847
37022176,0.1463717089146984
37022178,0.16222547104316912
37022179,0.5016458699165726
37022180,0.19326020104362707
37022182,0.39069151977534167
37022183,0.48106975808643004
37023860,0.14031990148885973
37023861,0.08134047748375342
37023864,0.22529220326802157
37023866,0.9651364581700194
37023867,0.19641737370170137
37019171,0.08566621651332783
37019172,0.0914192757466277
37019173,0.8099498744805046
37019174,0.27583450998198633
37019176,0.7510670616227161
37019177,0.4291857142947595
37019178,0.42052536437986526
37019179,0.2730192622745959
37023852,0.13743898510944957
37023857,0.13324886425542617
37015452,0.14059471858927314
37015453,0.13685935245300163
37023708,0.09697312001977071
37023709,0.09593155371073435
37022666,0.09269861357380156
37022667,0.09065238846092202
37018148,0.27734844930846747
37018149,0.21974578914527523
37018150,0.348193647133972
37018153,0.3887534462849329
37018155,0.2107005403003492
37022401,0.12110503727600148
37022402,0.11587351374340547
37022403,0.09595740871651491
37022404,0.10325826079548588
37022139,0.07174645518500912
37022140,0.06551918462808877
37022141,0.0727491115149009
37022142,0.07616574460600412
37019355,0.13273545130396444
37019356,0.19052639219915712
37019357,0.1799265802918048
37019358,0.1950472804517761
37019359,0.16296645012252214
37019360,0.19093141848645068
37019361,0.18317676767736446
37019362,0.16829918182949474
37019363,0.16002622507603462
43426422,0.06590591307956721
43426423,0.06827300324130876
43426424,0.0639541427115862
37024087,0.6204366075285679
37024088,0.051168270539944036
36974298,0.07791091638428857
36974299,0.07469240622458018
36963390,0.34960652176237844
36963392,0.3942272489663263
36963394,0.11836547659964101
36963395,0.08103396855601408
36963396,0.07831701399894614
36963398,0.1463749726947656
37023265,0.06765039685747883
37023269,0.06700094950795714
37023271,0.07468768797628084
37023272,0.07190257431627431
36974432,0.07709509742409004
36974433,0.08873227223397456
37017563,0.11878370151913781
37017564,0.04709987680393526
37017565,0.05209756181199713
37017567,0.05118169371204783
37017569,0.052410240646237796
37017570,0.046755375748122344
36980278,0.19385400930306837
36980279,0.08197055787812026
36980280,0.29997000119449446
36980281,0.21944137255940455
36980282,0.09434347684403924
36980283,0.1173253293338011
36980284,0.3310711338973354
43420770,0.13608759834956333
43420772,0.36951920948807665
43420773,0.20641386026556613
43420774,0.6004910990310055
43420775,0.3386070410192116
43420777,0.5378230471975175
36962879,0.06713766228325864
36962880,0.07685357909781831
36962881,0.5235629083833244
36962882,0.0741920717875087
36962884,0.08114124077435077
36962885,0.3408480912569194
36962886,0.08984556744523164
36962887,0.06747010875710155
36982868,0.6420404717156961
36982869,0.5010944532965398
36982871,0.29739110951426084
36982872,0.25718544948893024
36982873,0.17468283202337012
36982874,0.16412783222690225
36982876,0.1840776064400884
36982877,0.297188230512933
37021547,0.11935103350228592
37021548,0.20627374279328592
37021549,0.11101004106370344
37021550,0.2263377472029863
43420888,0.2967631063186073
43420889,0.30181507976171645
43420890,0.3403322199263877
43420891,0.7406774972236683
43420892,0.21506449882025236
43420893,0.16579274003161437
43420894,0.29972601558131073
43420895,0.19018077170056352
43425259,0.17617106148098657
43425260,0.1840249342595723
43425261,0.2344154634259212
43425262,0.19633707635734182
43425263,0.3423524484920732
43425264,0.22541623094328445
43425265,0.23114192929954408
43425266,0.2576976138529408
37018218,1.0707031968388458
37018220,0.31570216179415606
37018221,0.2617391894248334
37018222,0.13338901360508526
37010992,1.1425196207179789
37010993,0.2681280447318021
37010994,0.3485472772470983
37010995,0.27736845295446894
37010996,0.6048173284238674
37010998,0.24473946171195168
37010999,0.20705336512322198
37011000,0.648250227225091
37022132,0.4897785404542509
37022133,0.3557427317112877
37022135,0.48603252919986356
37022136,0.5045122086002239
37022137,0.6281301187935043
37017906,0.09792657751513904
37017907,0.07314471173434822
37017908,0.5152486948178743
37017909,0.07063220956464365
37017910,0.10544741139992171
37021153,0.39449209244537936
37021154,0.895018283132499
37021155,1.1805490167660269
37021156,0.13707725937234091
37021159,0.9548392035958112
37021161,0.8993994010262992
37019674,0.08296949751075088
37019675,0.07610785235604842
43421712,0.12703904037562308
43421713,0.12694205246157134
43421715,0.10826051553553304
43421718,0.10948799037249421
43421719,0.1712975997097763
43421720,0.10882376646495336
43421721,0.1560953780033733
36978368,0.08840536032947893
36978369,0.08530537373718011
36978370,0.11686853685492138
36978371,0.2496685156392328
36978372,0.06836248983728942
36978373,0.06563193025938562
36978374,0.4451465750265593
36978375,0.11615227245232315
36978376,0.08044286509022808
36978377,0.07097495195192521
36982589,0.09976545009715644
36982590,0.04102406113350221
36982591,0.04676535720669831
36982592,0.09223030741888338
36982593,0.046640966382711264
36982594,0.04762521119589106
36982595,0.044709627960917736
36982596,0.10615918517720865
36982597,0.22361945693785504
36982598,0.11684964627153632
37018713,0.7157536050612884
37018715,0.17370956456564846
37018717,0.28981622742829605
37018719,0.2548981169728989
36967108,0.43674047829203855
36967109,0.3321595789613901
36967110,0.22168290856497808
36967111,0.5178137282701561
36967112,1.2821712699227528
36967113,0.2014444843876752
36967114,0.212832905032801
36967115,0.2702829820080148
36967116,0.21794459699001295
36980232,0.06480934515884623
36980233,0.04451883775928848
36980235,0.04439488039982076
36980236,0.0670519117925722
36980237,0.067793889104773
36980239,0.06833763305461243
36973284,0.06380047533328206
36973285,0.10559036367098036
36973286,0.3336523442421365
36973287,0.2548482981608897
36973288,0.11849817842937707
36973289,0.10985346118733477
36973290,0.06688100438038054
36973291,0.10532449605068672
36973292,0.10553251712641892
36973293,0.08644954959332635
36982072,0.09122477197911623
36982073,0.08921011372776055
36982075,0.10160527745065837
36982076,0.0828853592814452
36982077,0.10967460906062745
36982078,0.08754108830973241
36982081,0.09995974135894146
36968179,0.07620018511029042
36968180,0.12308520035678772
36968181,0.11844506693754266
36968182,0.36081183946998907
36968183,0.12416562414969375
36968184,0.246500829547466
36968185,0.5758924941203206
36968186,0.2961050153037635
36968187,0.2742209472440177
36968188,1.2414921148210867
36982490,0.23518752270044985
36982491,0.17765208708949123
36982492,0.22687684215409412
36982493,0.15247454278725467
36982494,0.1608305873014213
36982495,0.13608374618712035
36982496,0.4112785912121761
36982497,0.15731873333664573
36977640,0.10771737120131658
36977642,0.11407580100910522
36977643,0.31866498584417796
36977644,0.31519935982246583
36977645,0.256723432658277
36977646,0.11164185866188464
36977647,0.14699756743555717
36977648,0.31412477035692177
36977649,0.11280897065134823
37016051,0.18513837256176077
37016052,0.16630841615069603
36986833,0.11484304050012381
36986834,0.23333156343969316
36986837,0.1533982318592697
36986839,0.14665055271251254
36986840,0.14418993462317578
36986841,0.6065579276537036
36975650,0.47920488506312037
36975651,0.1633158628862978
36975652,0.1790758098200021
36975653,0.17403744985995803
36975654,0.5673236162815299
36975655,0.3801854016575209
36975656,0.15436449291411203
36984588,0.07604143577581599
36984589,0.08580753383227517
36984592,0.10486822446218746
36984593,0.10162459821761094
36984595,0.08458567605725838
36989118,0.1791799119367581
36989119,0.08017248311338114
36989120,0.1572530917475656
36989121,0.0687625400835122
36989122,0.08024841019801252
36989123,0.6764261927977608
36989124,0.1527887339579836
36989125,0.17485579844534965
36989126,0.08622295654227553
36989127,0.22451158468778132
43428229,0.06134986703969002
43428231,0.2166543560177605
43428233,0.24934116995165465
43428234,0.31578763223383394
43428235,0.23390516201186076
43428236,0.11286010938615043
36994128,0.16140515597564248
36994129,0.12892400184876446
36994130,0.16046256497460754
36994131,0.13070066431779592
36994132,0.13660258689081364
36994133,0.16531931690870508
36994135,0.14165254380788647
36994136,0.14831432224013855
36974401,0.15606109732649262
36974402,0.3895515218444712
36974403,0.4799450388792811
36974404,0.09968290049796041
36974405,0.10863104117059304
36974406,0.1452931527856072
36974407,1.2727274375955855
36974408,0.13061804102831884
36974409,0.22705388497171636
36974410,0.16177354540441213
43426172,0.14340240893091852
43426173,0.14377082534339772
43426175,0.43985250148735455
43426176,0.2663328419969172
43426177,0.3672845342029972
43426178,0.25852514391656206
43426180,0.11035293050161786
43426181,0.23579197449943545
37008523,0.18264793260731213
37008524,0.18441661942800933
37008525,0.18385145869094346
37008526,0.19145924573818818
36972984,0.07782999910687868
36972986,0.12999494568325923
36972987,0.09283532312856613
36972988,0.09632925820241982
36972989,0.1912111066123902
36972990,0.28263415389341934
36972991,0.12999270715245245
36972992,0.6173976748401808
36972993,0.3684149804227875
36960811,0.08069092279586923
36960812,0.07889986922219128
36960813,0.11255551857944762
36960814,0.08415853203146229
36960815,0.10517743605184683
36960816,0.08707340718476081
36960817,0.07810126935160082
36960818,0.10756935012043552
37015349,0.055734262615621616
37015350,0.08176011605522147
37015351,0.05362385473056898
37015352,0.06365382962372836
37015353,0.07623121945561642
37015354,0.05561759652066564
37015355,0.08650498164033994
37015356,0.07982211532300079
36962808,1.4788791915922055
36962809,0.15179168282389116
36962810,0.12868436587592674
36962811,0.13652378662049336
36962812,0.12710611606141986
36962814,0.14472351871938158
36962815,0.12543826744773257
36984242,0.17165780062169003
36984243,0.20652494857712125
36984244,0.12396005036079469
36984245,0.14653528550386066
36984246,0.2029575834937581
36984247,0.15398781313439008
36984248,0.19990823296436883
36968852,0.17550779886142215
36968854,0.18550141695011618
36968855,0.36149851979209124
36968856,0.36909616561826275
36971345,0.11610369959240942
36971346,0.10520026663574633
36971347,0.14391344656440638
36971348,0.08289096479712539
36971349,0.07475481350115093
36971350,0.08228199105919846
36971351,0.07971067497183644
36971352,0.14291971604526957
36971353,0.11901614688152841
36971354,0.13420568815259865
36986698,0.5163965336817802
36986699,0.7708427322209229
36986700,0.5457985067420951
36986701,0.38230338833047395
36986702,0.8086929059568958
36986703,0.7404972441663424
36986704,0.42366155159135566
36986705,0.6289330926105429
36985623,0.07454301821095209
36985624,0.2428882848716636
36985625,0.1412101295293141
36985626,0.14097263297981386
36985628,0.06754367983431471
36985629,0.19819452335582236
37024186,0.06915098016742018
37024188,0.07896594655067579
36976821,0.1839579811591546
36976823,0.12310631319023148
36976825,0.13258120980419544
36976827,0.13569080670370157
36976828,0.1866440891873438
36976830,0.13894654070387163
36987371,0.28683396702126046
36987372,0.35847339126723826
36987373,0.30577020561197793
36987374,0.22865956214800895
36987375,0.2901459930747266
36987376,0.3163677897419393
36987377,0.24129918703552888
36987378,0.20527274638818058
36987379,0.3238461286720368
36994966,0.7483294677967373
36994967,0.26476198377887455
36994968,0.15679562851186404
36994969,0.8192970910351802
36994970,0.08437644206558984
36994971,0.08539946588690074
36994972,0.2595212428708097
36994973,0.26453049488396846
36994974,0.4147352191424896
37014545,0.30735181345598744
37014546,0.15698248879033302
37014547,0.4160131691804347
37014548,0.19338207089585657
37014549,0.45290891815377904
37014550,0.2584392456528892
37014551,0.26877549381884996
37014552,0.3178446814770714
37011443,0.1462716295670934
37011444,0.47325042067743667
37011445,0.277915097832077
37011446,0.24310423668608488
37011447,0.30057314782140593
37011448,0.31123462793480056
37011449,0.22048068507829627
37011450,0.09834758671176336
36997750,0.26849289298401513
36997751,0.1339139760215707
36997752,0.3526934036898416
36997753,0.221415521112731
36997754,0.15257453728285608
36997755,0.287297953464132
36997756,0.14777418908425732
43429126,0.5131115634775599
43429127,0.2259075063604829
43429128,0.17436057333149954
43429130,0.16353120102522398
43429131,0.2554510502190726
43429132,0.3404640421593868
43429133,0.6368356680539624
43429134,0.5921964412415366
43429135,0.28951676445321545
43429870,0.07624407450913259
43429874,0.08537653731449074
43429875,0.08219316151542119
43429876,0.08581627550886388
43429877,0.08936290618883423
37012804,0.17124659777489518
37012805,0.1776844123828186
37013429,0.15683434726641246
37013430,0.18651607699706085
37013431,0.2344319651680928
37013432,0.23261998104524576
37016234,0.1726498175447642
37016235,0.18753167617917552
37016236,0.16292766204664497
37016237,0.1728606827291167
37016124,0.1672396293841508
37016125,0.162669894854205
37016126,0.31604425965178035
37016127,0.31725035764030823
36969750,0.1092459694630751
36969751,0.07693563330032085
36969752,0.10501161389185802
36969753,0.22928674592135376
36969754,0.11121044983566124
36969755,0.059940210151207984
36969756,0.09427720996778269
36969757,0.11429026469520562
36969758,0.1095108906660212
36972864,0.17953359816565137
36972865,0.07490477776765643
36972866,0.18501273392425946
36972867,0.08374706985264217
36972868,0.07304020163859379
36972869,0.2110509576650968
36972870,0.1278164955737732
36972872,0.2014734143585033
37023531,0.23748421901096575
37023532,0.08580183095213735
37023533,0.21809978966809604
37023534,0.14481738419237628
37023535,0.13868429069463314
43428054,0.0366864975655339
43428057,0.29623495822490864
43428058,0.3839064238298736
43428059,0.4146287426009248
43428060,0.16238456383904915
43428061,0.225441525629112
36968842,0.11271349089501319
36968843,0.14362758285462032
36968846,0.13761722169252938
36968847,0.1210570365116137
36968850,0.15404389836107824
36968851,0.1568997423609633
36968880,0.36261396486852826
36968882,0.3071853441398777
36968883,0.28259150678005457
36968884,0.31552310047114895
36968885,0.41691955815402865
36968886,0.31539121445846546
36968887,0.40858575549122794
36979137,0.2153874004467183
36979138,0.3765036795259251
36979139,0.2624070702795616
36979140,0.24724346019839952
36979141,0.16956002778143156
36979143,0.32367456298756714
36979144,0.1898547081527776
36979145,0.2710763963336419
36979146,0.3131295816366086
36998750,0.0991397177742087
36998751,0.12795781716208762
36998752,0.12264741845369431
36998754,0.09842388347133724
36996009,0.16303684075754615
36996010,0.26493977679051106
36996013,0.16200123780785886
36996014,0.3469720016515643
36996015,0.14627848658252413
36996016,0.14476325815755356
36978378,0.1133111632827879
36978379,0.08498037003695698
36978380,0.08311834916728926
36978381,0.10968458816056716
36978383,0.1656204287999889
36978385,0.08587713394296885
43427616,0.35843757610170474
43427617,0.4776563372855024
43427618,0.3429127366615544
43427619,0.37703709743778785
43427620,0.19403171687217124
43427621,1.3090373089909741
43427622,0.3893847575798909
43427623,0.5098815797969575
43427624,0.19309858921254047
36973813,0.09136835547688556
36973815,0.10898297107799505
36973816,0.12019973947323122
36973817,0.11180001321131319
36973818,0.11987117128196706
36973819,0.13797955123948852
36973820,0.0825657541316387
36973821,0.09704036022927721
36972613,0.09663440886295317
36972614,0.23000447887366035
36972615,0.09878478499665312
36972616,0.08892707881887539
36972617,0.0911038122119792
36972618,0.0840149155080801
36972619,0.0690057080027835
36972620,0.08904927979760217
36972621,0.06620202786042756
43422588,0.4821051476890009
43422589,0.28287385570899864
43422590,0.282555239225903
43422591,0.3439633984379727
43422592,0.14913494131340768
43422595,0.11194619006038092
43422597,0.1805133609277288
43425305,0.3989963239885954
43425306,0.3100637737970057
43425307,0.5050733202805626
43425309,0.10508246429360689
43425310,0.09571549911003412
43425312,0.16454723111558875
43425313,0.21118039029346336
43425314,0.09577436834297837
43419565,0.12374302705887007
43419566,0.1541990760025051
43419567,0.48156665751684324
43419568,0.09898660369893941
43419569,0.1528732623248624
43419570,0.09979099916679934
43419571,0.1262422206165066
43419572,0.12190930204306652
43419573,0.17836068669424787
43419574,0.12605609175580554
36967584,0.22025607390265808
36967585,0.2089645055810192
36967586,0.2871171329746407
36967587,0.2094693275404807
36965596,0.18733144671036572
36965601,0.1925241014494805
36965602,0.4094775849067984
36965603,0.18447437703343614
36972182,0.07054633527466414
36972183,0.08619616351548301
36972185,0.08594395354876051
36972186,0.08786349741784909
36972189,0.0432737994798007
36973467,0.08343713383515888
36973469,0.21285227111320917
36973470,0.18334877294681848
36973473,0.12326114424249832
36973535,0.20856661974150043
36973536,0.09088521488754683
36973537,0.23801002166817126
36973538,0.6069405714801503
36973539,0.049915941718988235
36973540,0.03935008835552484
36973541,0.03711519862556908
36973542,0.24275226569282424
43424948,0.04007312229017101
43424949,0.09649363984877359
43424950,0.060029699845438114
43424951,0.03708295547796291
43424952,1.5326701600328447
43424953,0.040164053897864836
43424954,0.1801521612101231
43424955,0.07456381536495621
43424956,0.03574363683157514
36988225,0.12297990799506657
36988226,0.3040462566224492
36988227,0.07771244121047548
36988228,0.2791617519451884
36988229,0.08445386432800747
36988230,0.09515554358556869
36988231,0.2896389973659648
36988232,0.34212227356264674
36988233,0.09680672140221028
36988234,0.11981319419918088
37016630,0.009579604366780646
37016632,0.00958549559120057
37024417,0.09200644588484133
37024432,0.2365329734850929
37024434,0.10199634172494321
37014564,0.06498276134146391
37014565,0.10319173041418404
37014566,0.07908736013851166
37014568,0.0723417126063069
37014569,0.06293610729497123
37014571,0.07249111771099123
37023416,0.15583321253247542
37023418,0.0607705016635041
37023420,0.14010549822896273
37023421,0.08614115037121324
36971139,0.11650336062834259
36971140,0.2680447798491129
36971141,0.29491778179692124
36971142,0.08394662000063478
36971143,0.09499459931874946
36971144,0.04932621470552066
36971145,0.26219661069310085
36971146,0.28677830622744543
36971147,0.04481136018914301
37022644,0.23850161490805866
37022645,0.21892870745023937
37023583,0.0827320420747739
37022002,0.21937503606497435
37022010,0.05443485005209291
37022011,0.21144930980572804
36965510,0.2501918286365155
36965512,0.6968808399443452
36965513,0.38308805467992424
36965514,0.34511998662736687
36965515,0.2683753564309452
36965516,0.4933906092044255
36965517,0.4190444440284394
36965518,0.708947545014365
36965519,0.3781616688744681
37022751,0.2835776383158146
37022753,0.2671558577425304
37022754,0.3751574434792871
37022755,0.2896997717239098
37006746,0.09896962688330004
37006747,0.1013476640620811
37006749,0.09634371268009637
37024056,0.22473585875680402
37024057,0.07441644823489077
37024058,0.19337350392795402
37024059,0.2806416739416409
37024060,0.08484629425443811
37024061,0.10722916199217367
37024062,0.27400647682351414
37024063,0.08147498334203093
36965125,0.3675299057226854
36965126,0.20149706323238817
36965128,0.28783578828644935
36965129,0.4207666782880212
36965130,0.5622706949003374
36967650,0.40828508818269393
36967652,0.07963297220608319
36967654,0.07311419537462459
36967656,0.049124799932882005
36967657,0.39126125194229716
36964336,0.2136985067654429
36964337,0.22328831938958468
36964338,0.22224487999168785
36964339,0.2176207849054768
36964340,0.1957277306969245
36964341,0.27621657238796915
36964342,0.15676339737536063
36964343,0.26299382323074816
36964344,0.13575542868756105
36964345,0.14864356385266658
37019634,0.18994362621947838
37019637,0.24624233638569715
37019638,0.15233122625703804
37019639,0.34463568505225806
37019640,0.21648214945843045
37019641,0.17351006736771435
36973077,0.1906535450229707
36973079,0.505290735333615
36973080,0.3270467735135438
36973081,0.20436022861693237
36973082,0.12314897742264624
36973083,0.1439310610486948
36973084,0.3099865333321119
37020061,0.1339618234572986
37020062,0.1351763614646104
37021277,0.18052601757669517
37021278,0.12179755012424884
37021279,0.11968338001612147
37021280,0.1368815010518102
37021281,0.22525928449552682
37021282,0.14899174263157783
37021283,0.14019788732760893
37021284,0.12462591853385233
43423888,0.5033983784554821
43423889,0.11084073609756658
43423890,0.4109547177530741
43423891,0.4295196403945515
43423892,0.23827421274487487
43423893,0.4069457994672267
43423894,0.428030252531475
43423895,0.22011211625059357
43423896,0.2934478827382147
43423897,0.4881107366531798
37024483,0.18423499630179554
37024484,0.20990643195248304
36960801,0.05641696201029002
36960802,0.1419242678373338
36960803,0.05514125784280054
36960805,0.05134041273609797
36960806,0.05476270633274473
36960808,0.04735752963849057
36960809,0.05083060054910217
36960810,0.1070608790579451
37010619,0.1618218232757213
37010620,0.16771090119194954
37010621,0.27026765290822996
37010622,0.29267020812227706
43420146,0.16488253282054316
43420147,0.14348981508806083
43420148,0.13739737730790544
43420149,0.10802403800511835
43420150,0.20455263211524347
43420151,0.17349008433856258
43420152,0.1557100782866017
43426717,0.1171537886942994
43426718,0.09372989130952987
43426719,0.09299616423644447
43426722,0.06372828533534441
43426723,0.09340286017260348
43426724,0.17202237506628149
43426725,0.09705170988887102
43426726,0.11858882337397526
37024452,0.07017931149473002
37019766,0.2812274148681691
37019768,0.06342274637177121
37010650,0.22580267108247906
37010651,0.07330137865268822
37019396,0.19427061853434302
37019397,0.1316334002331748
37019398,0.4966033113217254
37019399,0.5502199381185157
37019400,0.58568622745173
37019401,0.3491162380787192
37019403,0.14693279232965473
37019404,0.504506143450782
37023905,0.22042699079657502
37023906,0.2041422050886352
37023459,0.04909931391249999
37023460,0.14752419891623722
37023463,0.09238815279415567
37023466,0.049476330215524625
37015584,0.07632015078852408
37015586,0.18420691344282333
37016261,0.09543485381003755
36961731,0.14466756524676685
36961732,0.13838376668798605
36961733,0.11036315972874304
37021641,0.17846306783133697
37021642,0.08383450592528928
37021643,0.1435153607547354
37021780,0.06117086011938669
37021781,0.07070810550371753
37021783,0.08036427385133066
37021784,0.0693584556291337
36986787,0.5283985253743818
36986789,0.1500849684421629
36986790,0.27640283229125595
36986791,0.17930182487540577
36996955,1.0742141282389026
36996956,0.09530466565870131
36996957,0.7333491385169529
36996958,0.19998322656120926
36996959,0.41324798876392443
36996960,0.07278897325658516
36996961,0.10626888224680556
36996962,0.09670435357089088
36992295,0.2766092186551077
36992296,0.2794762705138705
36992297,0.30294837134942376
36992298,0.2719436619441751
36992300,0.21555832814158368
36992302,0.3586207154047336
36968254,0.3590857292485309
36968255,0.3639159890871652
36968257,0.09682588532568669
36968259,0.134956607148412
36968260,0.21980459294386623
36968261,0.10629153295673777
36968262,0.3005844220955555
36955396,0.33081599084603047
36955397,0.16564050776017128
36955398,0.15621057445679792
36955399,0.15332465922587363
36955400,0.2408664137674618
36955401,0.6107327773842515
36955402,0.1591757414599421
36955403,0.5937434615800133
36955404,0.2818128458875432
36955405,0.32436866902353045
36994267,1.4131462858352324
36994269,0.27498123750771863
36994270,1.5865067471826746
36994273,0.2641124524871445
36994274,0.3518508036896057
36994275,0.7733956780169271
36994276,0.24912840815699322
36987999,0.18831694196454354
36988000,0.14754819320310675
36988001,0.5419377013579155
36988002,0.18033768135161782
36988003,0.287731894496759
36988004,0.21129414162221913
36988005,0.28131271845835004
36988006,0.6440770413369808
36975314,0.20786513202690618
36975315,0.14494167734154553
36975316,0.3363251872363271
36975317,0.19049273318018162
36975318,0.2859108812059805
36975319,0.8016814661542333
36975320,0.137361841120768
36975322,0.16455624350885
36997985,0.13490677545037005
36997986,0.19009646276957545
36997987,0.22542988281759868
36997989,0.15559249101462888
36997990,0.13488856180174863
36997991,0.12723027913660773
36997993,0.19102949431541866
43422729,0.07829396995892392
43422730,0.44946636083567476
43422731,0.28811538587947166
43422732,0.15691625225170583
43422733,0.16681787731466058
43422734,0.7118543696505857
43422735,0.6793174012853573
43422736,0.2092350127413157
43422737,0.1889862358343447
43432028,0.31198939362826683
43432029,0.09257508494938586
43432030,0.05784118720448788
43432031,0.060052090511553816
43432032,0.17829817007459953
43432033,0.07146662276365956
43432034,0.2570379156385115
43432035,0.11910804562095383
36995800,0.18213725558066304
36995802,0.18023469955022706
36995803,0.15847545960827977
36995804,0.16203158487173214
36995805,0.15817635061920401
36995806,0.12848157242092995
36995807,0.15700274164059172
36990564,0.33919114461147626
36990565,0.2128599980427259
36990566,0.21412093624062617
36990567,0.18835947926365665
36990568,0.19121921294041686
36990569,0.323677237341861
36996157,0.35065336982417833
36996158,0.3699868291341447
36996159,0.3702341652833234
36996160,0.16413885428004954
36996161,0.3442628898405605
36995619,0.14556230427874603
36995621,0.137545121292268
36995622,0.14650398994117733
36995623,0.10898541791728056
36995625,1.2213774589963053
36995626,0.13426136967275648
36995627,0.106189128704124
36991346,0.2376977133698606
36991347,0.23457846124021814
36991348,0.17074052003174028
36991349,0.13257237971414834
36991350,0.17340748631669936
36991351,0.17501545007818844
36991352,0.3745901587463168
36991355,0.24064682411692875
36984556,0.13845091125838593
36984557,0.09495477712460264
36984558,0.14599474130328635
36984559,0.10303030605527898
36984560,0.11498944901511328
36984561,0.1214474199210233
36984563,0.11565777562340435
36984564,0.16701311888829762
37020334,0.19429721975266429
37020336,0.07131052956567539
37020337,0.17938116186688333
37020340,0.1711851323431232
37010403,0.23026645505163032
37010404,0.3965490739819885
37010405,0.28410872933224585
37010410,0.7834061377404037
37020824,0.032415023572595986
37020825,0.044530610282875416
37020826,0.035106782991055026
37020827,0.03859634371777527
37020828,0.0461171498714585
37020829,0.04658851239850718
37020830,0.04154098447058211
37020831,0.04134530489501431
36993546,0.3125180916250249
36993547,0.39802854056092696
36993548,0.12990451368251293
36993549,0.10880668653892409
36993550,0.14498684071193996
36993551,0.11633517007341573
36993552,0.23032002674159865
36993553,1.2625968905647857
36993554,0.10517616814281154
36993555,0.1443344195413774
36972038,0.1578043474385142
36972039,0.16506263471246232
36972040,0.17685544021687563
36972041,0.13736806447528072
36972042,0.16468647814092152
36972043,0.14516872609094442
36972044,0.2855585498680107
36972045,0.1456745994919318
36972046,0.17992733195893834
43420013,0.12350321882303486
43420014,0.10423288463168875
43420015,0.08741695159471707
43420016,0.13786477074369663
43420017,0.12512669223553805
43420018,0.12006744160725648
43420019,0.1555359597186838
43420021,0.36889460141772784
37014527,0.15941703114362524
37014528,0.145921991489666
37008758,0.16158697587943924
37008759,0.18022619346926694
37008760,0.1716555191241628
37008761,0.18490306128422768
37013248,0.1571091093976235
37013249,0.135599546261936
37007426,0.1334291530085797
37007427,0.18768099468482102
37007428,0.13059632402938956
37007429,0.13970972678235952
37011867,0.6334447351439386
37011869,0.4803152633426014
37011872,0.6373774653785464
37011874,0.5660624387553118
37008678,0.5612288982904211
37008679,0.5949631136615896
37008681,0.484100192114528
37008683,0.5450670387855044
37008685,0.6152459767750231
37008686,0.5662045343765133
37013433,0.18827785814344836
37013434,0.17323655391903525
37010440,0.17391685941175467
37010441,0.17387509143317936
37010442,0.17781943778255144
37010443,0.1738522886629381
37006920,0.12464360551844021
37006921,0.1604262378298559
37006922,0.15788560200425117
37006923,0.17682467485518527
37006924,0.18153714456428732
37006925,0.4717936477420522
37006926,0.11952400303803884
37006927,0.13819639409884427
37006928,0.17430210814045705
37006929,0.1164636887062485
37015835,0.18593962359997754
37015838,0.1866156427318844
37015839,0.20297729206109472
37015840,0.17235623011168683
37015841,0.18018709579138614
37015842,0.1667503833637328
36993556,0.18111460069356317
36993557,0.1792485118937562
36993558,0.17818391561494168
36993559,0.14151456254259448
36993561,0.22289494900713389
36993562,0.16640707610491284
36993563,1.0047984700312051
36993564,0.11687198279467435
36993565,0.9758983350702148
36997911,0.24764939243977194
36997913,0.2915702335789121
36997914,0.27249385285917355
36997915,0.23146555766380564
36997916,0.24207087189235504
36997917,0.239051376959312
36997918,0.2632735245742885
36997919,0.24849418106602578
36997920,0.23591250683026851
36997981,0.06046118501314514
36997982,0.06014630658972913
36997983,0.0779787746426105
36997984,0.07434876460045514
36991493,0.15545801125793993
36991494,0.15648358393724904
36991495,0.7158272140356925
36991496,0.5251067090788399
36991497,0.15896352578352044
36991498,0.19023434933632102
36991499,0.22150272861508333
36991500,0.22025848343298884
36991502,0.17172560210325746
37014781,0.1114953248709718
37014782,0.12964435137030203
37014783,0.25983221251495786
37014784,0.2710007159776087
37014785,0.3124308844158823
37014786,0.23141347482341645
37014787,0.3431911586981103
37014788,0.2619643155240257
37014789,0.2392965868351872
36959325,0.14703336617000012
36959327,0.08695529755990992
36959329,0.11125473390879818
36959330,0.11740329412597907
36959332,0.12212435476088022
36959333,0.09469412049937209
43428501,0.16927880241566065
43428502,0.09774074262323602
43428503,0.11616408053050763
43428504,0.09908351851566208
43428505,0.08386392256894835
43428506,0.10964239593555745
43428507,0.08591758220850329
43428508,0.697342332899823
43428509,0.08187549439876377
43428510,0.06307199169232076
36983537,0.13705296919124935
36983538,0.17029292764070095
36983539,0.1563222384274532
36983540,0.10079173495293636
36983541,0.13549357935814832
36983542,0.15393260070123874
36983543,0.17299069124790653
36983544,0.1795128496191936
36983545,0.15350115859812835
36983546,0.15765662462461263
37007019,0.37548506755593153
37007021,0.38285079091533414
37007022,0.38429720144857243
37007024,0.3415719219038073
37007025,0.41069483894770553
37007028,0.34631762033053454
43428889,0.11285701459690632
43428890,0.08671661744176737
43428891,0.43555573580191304
43428892,0.08185630447778706
43428893,0.0975136945011522
43428894,0.09287075275389409
43428895,1.261095551870822
36994340,0.18249415409834227
36994341,0.1777776096102165
36994342,0.09428117086234465
36994344,0.4176754373173124
36994347,0.5235512885748453
36994348,0.4405504277649814
36997652,0.06711331491389597
36997654,0.05282391297646056
36997655,0.052838583960860656
36974517,0.06950821461369727
36974518,0.09727313153298349
36974519,0.09524101434925014
36974520,0.0984429008975921
36974521,0.09144044458515295
36974522,0.06450624306151825
36974523,0.09068716889502318
36974524,0.21640137507633342
36974525,0.12079985026526852
36974526,0.3003770697984569
36987000,0.32511199972007804
36987001,0.26323229523471
36987003,0.35869447909546454
36987005,0.26504189441756976
36987006,0.2827475799695279
36987007,0.2941000074178489
37012596,0.15494871291039236
37012597,0.2563065309899648
37012598,0.2932470326152817
37012599,0.9639563439313714
37012600,0.2073454462549473
37012601,0.19485203337918638
37012602,0.1946874673669703
37012603,0.7698144923358907
36997306,0.2975014933550713
36997307,0.29243515480159593
36997308,0.18260498608277428
36997309,0.23447721074752745
36997310,0.2863825142688043
36997311,0.08207022994322109
36997312,0.29743860571332587
36997313,0.2629194307400482
36997314,0.3213668236752808
43429623,0.43294649269700536
43429625,0.17071335343864336
43429627,0.17928494334679426
43429629,0.6135251747129404
43429631,0.6942137446093828
43429632,0.1491792018556265
43420136,0.26988034197782135
43420137,0.26046010001183745
43420139,0.4586243174314319
43420140,0.35298001247413535
43420141,0.20243237737188605
43420142,0.391080511957705
43420143,0.4157929778724016
43420144,0.26222520480675215
43420145,0.7286301732328414
43424405,0.3567867902667168
43424406,0.5733724270688697
43424407,0.6714987173527897
43424408,0.7239522035200086
43424409,0.36471891000401196
43424410,0.39362835504045746
43424411,0.22566724467825328
43424412,0.34026553551101674
43424413,0.5293565448865089
36965680,0.29878791908174995
36965682,0.8028721230769477
36965683,0.7838969676041825
36965684,0.6905916423847659
36965685,0.10833503342735913
36965686,0.8275725574328013
36965687,0.6361102178862882
36965688,0.11250885666041992
36984410,0.1945688699232672
36984411,0.37571390397741045
36984412,0.3904410677003972
36984413,0.3257309262921837
36984414,0.5435068472583138
36984415,0.26988500961982514
36984416,0.23120205767520038
36984417,0.2610700272725192
36984418,0.5939296021020238
36988906,0.20519945102308992
36988907,0.22172907803032077
36988908,0.20314717145707786
36988909,0.206971265521493
36988912,0.3154354779371038
36988914,0.20353801688845982
36988915,0.35354432749170983
36992410,0.49369183276147116
36992411,0.48346399336417767
36992412,0.34680989422602065
36992413,0.1854731163199872
36992414,0.35724716814180796
36992415,0.17489927910198336
36992416,0.4294768485676023
36992418,0.3924234526058229
36994447,0.09399381993596129
36994448,0.15550573661552622
36994449,0.16008080003815958
36994450,0.7161516791130671
36994451,0.141817402192055
36994452,0.14760998109285084
36994453,0.1017072577520367
36994455,0.09346337353719027
36977441,0.2756617330547341
36977442,0.1694957924510399
36977443,0.29947624076085105
36977445,0.14883551261817338
36977162,0.15827288915848525
36977163,0.30821162070199104
36977164,0.280031053386072
36977165,0.329524782853767
36977167,0.26477918272763695
36977168,0.1628174210118975
36988888,0.18668697055939473
36988889,0.2273641535191871
36988890,0.1666609495831386
36988891,0.3702428839113962
36988892,0.15185295421409414
36988893,0.15083050627226863
37009477,0.11453948386908969
37009478,0.2651398211138585
37009479,0.2733306627462241
37009480,0.2948759111853981
37009481,0.15104380714413784
37009482,0.2841548300009434
37009483,0.1866465106625178
37012958,0.16132302123238068
37012959,0.1699510443828714
37012960,0.1648762386318232
37012961,0.15404440077182435
37008436,0.1365391932755604
37008437,0.1420327265014867
37008438,0.11946480251177465
37008439,0.14654136432618872
37008440,0.12219730428162416
37008441,0.12293862042921085
37016162,0.13364924610265116
37016163,0.1647421501540086
36973312,0.07298875291932592
36973315,0.11574532299806023
36973316,0.07026228244150004
36973319,0.0773455068589949
37007858,0.1450075453266814
37007859,0.13332720254101965
37007861,0.13214658493550946
37007862,0.14295435619610625
37007863,0.15662649449894475
37007864,0.15882599799714578
37012411,0.16953442232851723
37012412,0.16762992673066773
37021523,0.15486376672049465
37021525,0.13841698378672326
37021526,0.17970495664882552
36977785,0.23523648356371632
36977786,0.07513530940687152
37012352,0.0601928677802648
37012353,0.07166218802281653
37012355,0.05263528117772267
37012358,0.08835966638254764
37012359,0.10894841670262158
37021521,0.07667846286449165
37021522,0.09620284715738125
37017998,0.13887287948983848
37018000,0.08863368327260547
37018001,0.14760183588771336
37020019,0.055057418097492115
37020020,0.0789104252417683
37020021,0.07087750641594708
37020022,0.07270576332625535
37017418,0.7653610075228506
37017427,0.14459222811545305
36964467,0.06229713613040946
36964468,0.09219271745399425
36964469,0.12882577208577778
36964470,0.05195054269979123
36964471,0.33178137835771543
36964472,0.08238689479417832
36964473,0.08010801127714558
36964475,0.09643636337962538
36970936,0.1639772916781861
36970937,0.2110871409783576
36970939,0.10519651950202064
36970941,0.162420705872515
36970942,0.10305741620583722
36970945,0.3216434263945714
37007838,0.06657143529627546
37007839,0.09827015842685868
37007841,0.0642921963964399
37007842,0.08485891109209102
37007843,0.11331070785137773
37007845,0.17445502721538714
37007847,0.16958946580414225
37019549,0.12834856511859338
37019552,0.10124444069085893
36969216,0.1454527274506892
36969218,0.5613938756917455
36969219,0.12636700094361986
36969220,0.2758047969863093
36969221,0.13834692674371818
36960348,0.25474299596546446
36960349,0.23632015038245352
36960350,0.1992682245852477
36960351,0.18277288657952379
36960352,0.11398978664935867
36960353,0.15838158009212336
36960354,0.09571090122197123
36960355,0.3000339129003089
36960356,0.21075931320878324
36960357,0.29586675963342624
37023356,0.12604372722651466
37023358,0.10431559274037203
37023362,0.12325321177176027
37023364,0.13928022765701714
37008330,0.1434799733669413
37008331,0.334184985427094
37008332,0.148573131836401
37008333,0.3806039993111741
37015331,0.08147866623758304
37015335,0.5370475820600222
37015336,0.07721167335467737
37015337,1.0752370720372078
37015338,0.19129431531883825
37015339,0.16492533078531588
37018468,0.1749025907407649
37018472,0.5463541232982149
37018473,0.17647761897508096
37018474,0.5200441845212515
37020194,0.06454588059710673
37020197,0.06764736460202386
37020199,0.05191331984761433
37020200,0.06753228359902459
37018357,0.40722541607347607
37018359,0.3176388171427076
37018361,0.3625060425405195
37018363,0.4085517655901367
37018365,0.4298002628681125
37011193,0.2252659121692669
37018375,0.15998866487431318
37018381,0.14262046134480308
37018383,0.30733096085078787
37018384,0.27325507430152707
36998609,0.1278900204603449
36998610,0.14033180832034695
36998611,0.1374371156814793
36998612,0.13740708742526936
36998613,0.13411542721857506
36990987,0.4361183614652107
36990990,0.3847525993766954
36990991,0.44907195679362627
36983758,0.2845300797952936
36983760,0.6562668009371238
36983761,0.632914773316345
36983763,0.37837414440123074
36983766,0.36830938221810844
36983767,0.17539455031712964
36960358,0.364198462352559
36960359,0.6512871867937368
36960360,0.21960398049465404
36960362,0.724507685692624
36960363,0.4065144886790795
36960364,0.2361142178225544
36960365,0.09871625180950913
36960366,0.2430816722919224
37015357,0.16869066796297383
37015358,0.17957655029658254
37006821,0.587703028037171
37006822,0.41768066474128995
37006823,0.4222780813079712
37006824,0.27578109076534013
37006825,0.5178394095937873
37006826,0.4585981079434661
37006827,0.39201569513419776
37006828,0.5188936864896099
37006829,0.211516885842561
43427122,0.3707537462611222
43427123,0.11467266853187004
43427124,0.3330721834214163
43427125,0.132874124958781
43427126,0.3489100712579983
43427128,0.3511371500656167
43430670,0.12019993172772542
43430671,0.12281104125583747
43430672,0.12695950596938327
43430673,0.14409626791919702
43430675,0.16115632788136935
43430676,0.17686222820004555
43430677,0.11922580510934278
36973365,0.19563413787775552
36973366,0.24682956582810384
36973367,0.0747459827738592
36973368,0.07342921790464442
36973369,0.3016581058214156
36973371,0.04281149798847075
36973372,0.048115143553420205
36988405,0.3067938355437447
36988406,0.3794931998961967
36988407,0.23366576150977203
36988410,0.11196895422687922
36988412,0.560070917357803
36988413,0.232446979521192
37010827,0.1065554974650144
37010828,0.15916139454109432
37010831,0.05584417454751603
37022184,0.1486361294491389
37022186,0.12510063143271508
36986385,0.19440548012426703
36986387,0.05746558361047023
36995177,0.24117465949481884
36995178,0.23311659186489112
36995179,0.16791275197541589
36995180,0.5545035668291801
36995181,0.8939680970908157
36995182,0.13856443068736812
36995183,0.4697030084059531
36995184,0.446264548809374
36995185,0.451734984128599
36995186,0.12257500540478129
43426224,0.34810227608658906
43426225,0.18114775537688924
43426227,0.35815850638528174
43426230,0.12540440039905254
43426232,0.49323338817125273
36999280,0.22221165916531335
36999281,0.09691561247626272
36999282,0.21476487690536641
36988992,0.6610651516378302
36988993,1.0145393984253526
36988994,0.11455547187761812
36988995,0.7720665230715362
36988996,0.6639980369685449
36988997,0.7047315371803622
36988998,0.1769986204719317
36988999,0.166371785113604
36989000,0.4408821262334784
37014400,0.12727694282248372
37014402,0.6200750733966465
37014403,0.5572768536318662
37014404,0.14682789237371058
37014405,0.6334405105833434
37014406,0.9247104304935487
37014407,0.08911897893187241
37014408,1.418393455656735
37014409,0.13130959011890433
36976657,0.17552059498291173
36976658,0.10635597371872718
36976659,0.15880190337823188
36976660,0.09798706934909937
36976661,0.07641437425525897
36976662,0.07784494006373206
36976663,0.10084272300181585
36976664,0.16779079783500955
36985414,0.28884421377124203
36985415,0.25476796389259265
36985416,0.962120611729735
36985417,0.2689628840473926
36985418,0.4719474195976295
36985419,0.3354182217227867
36985420,0.12646478357644306
36985421,0.21708845209667277
36985422,0.2601995666946371
37015142,0.14691974534226654
37015143,0.1802366161621297
37015144,0.867106628913691
37015145,0.11492553632705652
37015146,0.21596606754054318
37015147,0.20675115719631548
37012210,0.5546821808839523
37012211,0.30167986959623794
37012212,0.34034010374018303
37012213,0.26188003372734225
37012215,0.4887190738342984
37012216,0.27120701415688114
37012217,0.2226844305390056
36980268,0.20981335163428103
36980269,0.6608906024298474
36980270,0.27021389377669974
36980271,0.428491558466152
36980272,0.5087886350276698
36980274,0.5293921965227961
36980275,0.10123180050131038
36980277,0.5392010173361779
36996851,0.14152035645236546
36996852,0.17478459803566357
36996853,0.2009591251786933
36996855,0.1942105778224089
36996856,0.24109270672803118
36996857,0.16663822056693514
36996858,0.14206986542436437
36996859,0.22234044320850055
36996860,0.19904422029782454
36978719,0.3187893518171602
36978720,0.09532449360580354
36978721,0.2507429319261996
36978722,0.9456949695210631
36978723,0.18420987566797645
36978724,0.09133088644233571
36978725,0.18363426599348306
36990117,0.3411004228965856
36990118,0.0891710945119105
36990121,0.366594046286471
36990122,0.5507815173842404
36990123,0.24605800925685636
36990124,0.8158334680617078
37011956,0.39132728154415936
37011957,0.19673564516671438
37011958,0.3061759249226952
37011960,0.137002645287391
37011961,0.4408745313214757
37011962,0.11574824202450429
37011963,0.48877578783251374
37011964,0.4728077963504488
37011965,0.2491202810506189
37024343,0.12564733711525908
37024345,0.08619416757250575
36959838,0.1750819269769196
36959844,0.10888684311395008
36959845,0.0957204343368365
36955616,0.8222759168632622
36955617,2.2915402658016495
36955618,0.14578188267298475
36955619,0.1896310258464877
36955620,0.45183174100440615
36955621,1.140591286712126
36955622,1.102855876352316
36955623,0.7861775606252908
36955624,0.3412932496422586
36974353,0.12284726729758358
36974354,0.11236851260203541
43425500,0.15845537513634544
43425501,0.1766605120442034
43425502,1.5134090990126396
43425504,0.21059425272089624
43425505,0.13279339881498894
43425506,0.1677942460828326
43431814,0.7821099287582091
43431815,0.17020723282374628
43431816,0.17807366154375254
43431817,0.12296511705533064
43431818,0.36543357431001106
43431819,0.09320437648275906
43431820,0.11157764941985983
43431821,0.2979042000276936
43431822,0.10209017580991546
43431823,0.06414976509909624
43428923,0.07993066785344796
43428926,0.085169929114243
43428927,0.13357365193992954
43428928,0.3733252585123176
43428929,0.26234147186837486
43428930,0.41502360875997885
43428931,0.10133232544104089
43431668,0.285624349943482
43431670,0.1503780367135026
43431671,0.15570277537003918
43431672,0.08718708512788209
43431674,0.20592976840961946
43431675,0.07196982910505861
36991695,0.3448645450285105
36991696,0.5379389244958999
36991697,0.1045287103852474
36991698,1.6133652273966699
36991699,0.27682677596936583
36991700,0.2320573701764499
36991701,0.10154580681040408
36991702,0.388382847648973
36991703,0.1904122712842408
36991704,1.468915482759099
43431858,0.07888792053222946
43431859,0.28578860896029196
43431860,0.1822037601551763
43431861,0.22504796704599972
43431862,0.20860255095818125
43431863,0.12214028195495735
43431864,0.36921713892241914
43431865,0.6501106270574689
43431866,0.2627814345102784
43427456,0.15309067992940342
43427457,0.20978814866048756
43427459,0.6424467437859703
43427460,0.20827551274285963
43427461,0.7859872559409352
43427462,0.4024120516446795
43427463,0.5625726198427984
43427464,0.2876680134383936
43427465,1.2352342011282351
36994556,0.06400463357844847
36994557,0.10120732021539154
36994561,0.10373843173476227
36994563,0.0633243053725664
36963841,0.06497884894200641
36963842,0.05357428787995074
36963843,0.11118813264034842
36963845,0.13550542805821147
36969214,0.220214260962559
36969215,0.13380406629486327
36970864,0.11336196692135908
36970865,0.06316090502435996
36970867,0.06440401772905859
36970868,0.1173633838706623
36970869,0.09700329575743506
36970870,0.20086028645407483
36970871,0.17333357848009331
36988607,0.43376278770729265
36988609,0.18977144440315075
36988610,0.19402745663881138
36988611,0.3362254025111837
36988612,0.13419262957201897
36988613,0.12248479532660274
36988614,0.14227728491631236
36990935,0.16519074266896558
36990936,0.8289031261135673
36990937,0.1849318201121189
36990938,0.1878611449963204
36990939,0.22359705964241983
36990940,0.25037798070828293
36990941,0.5433561275650645
36990942,0.5983400942350839
36990943,0.2644296159033126
36990944,0.25838108584622105
36956811,0.4810738649344086
36956812,0.5735801564660266
36956813,0.1284655229201972
36956814,0.2163353835816176
36956815,0.3142190660188742
36956816,0.16237422080287456
36956817,0.37814828708843595
36956818,0.2202202232150568
36956819,0.23209538898313564
36956820,0.7686715830725226
36962174,0.06565207697262193
36962177,0.39086627726846274
36962179,0.23299792549169385
36962180,0.38337874369405883
36962181,0.5549179120513864
36962183,0.2572911778713711
43419442,0.2494793476117172
43419443,0.396369945790232
43419444,0.08794226180870159
43419445,0.15285681235479723
43419446,0.09047983513896038
43419447,0.11022810674459577
43419448,0.5251630426870275
43419449,0.19333178339491847
43419450,0.20354089287724422
43419451,0.27561898549254743
36977314,0.1727696912930644
36977315,0.1399468850824899
36977316,0.32978290573364677
36977317,0.13297120246095176
36977318,0.11578901845528411
36977319,0.09063640188826577
36977320,0.09796159877606844
36977321,0.3057167208880671
36977322,0.0684634657953689
43419668,0.2024405539921711
43419669,0.6018394580792958
43419672,0.12463980521780219
43419675,0.19664364310662058
43428932,0.18107658810071176
43428933,0.8508479637839349
43428935,0.1652322571058527
43428936,0.16541330169003227
43428938,0.15783510600619247
43428939,0.16242909526302482
43428940,0.1139551792557787
43428941,0.23019856871817915
43432371,0.31143874978047253
43432372,0.3168313600156057
43432373,0.19690270510691865
43432374,0.135090585319648
43432375,0.3114065852371069
43432376,0.20467568928928975
43432377,0.7375155492049607
43432378,0.2603041954848636
43432379,0.11338953179448483
43429830,0.1086825542108964
43429831,0.2353693422022868
43429832,0.13665770291684265
43429833,0.093475192902662
43429834,0.28723555961757596
43429835,0.1038341571557954
43429836,0.43106477558990386
43429837,1.1657972805488956
43429838,0.6416173158763625
43425125,0.1733232612598198
43425126,0.18468637952544684
43425128,0.23937881455424312
43425129,0.31529682651825874
43425130,0.4071754785249532
43425131,0.8318845028787335
43427581,0.34051596109161386
43427582,0.0857385086021515
43427583,0.4254171886487902
43427584,0.19574946949617628
43427586,0.8592521115424908
43427587,0.3272919621372868
43427588,0.3390084724167994
43427589,0.4172160063448892
43427590,0.28472715742536825
36991847,0.3263201691616536
36991848,0.41523429262858336
36991849,0.36062499898889916
36991850,0.3320570918902724
36991851,0.27231145156706554
36991852,0.3788016205429008
36991853,0.44160602308838465
36991854,0.32106235850442943
36991855,0.376370096173057
36967452,0.10258468432097136
36967455,0.0799574168686628
36967456,0.06955761038758634
36967457,0.09765617259815507
36967458,0.10840941996050606
36967459,0.2413629366912963
36967460,0.12239377172446497
43431757,0.23079118674550134
43431758,0.0847419320612676
43431760,0.29691147694170317
43431761,0.4698244722886311
43431762,0.5980238150483695
43431763,0.3341987166264255
43431765,0.16504552249402557
43422969,0.23922692289742103
43422970,0.11984198416484353
43422972,0.36411498711383233
43422974,0.26529683314550295
43422975,0.09727814448258673
43422976,0.15868330581692547
36997234,0.11153895858142786
36997235,0.11184766765566996
36997236,0.09800667736591873
36997237,0.08987270697758333
36997238,0.1027250956494392
36997239,0.09654539418195114
36997240,0.09553006746601725
36997241,0.10282226739285635
36972674,0.13829056866310194
36972675,0.1255182194488087
36972676,0.09901114380718878
36972677,0.5831667476445244
36972678,0.1558151628134259
36972680,0.1545338814290368
36972681,0.10042836133772595
36972682,0.6285249062472831
37010775,0.0772435968662899
37010777,0.07168074694335033
37010779,0.062486044442663
37010780,0.05683634864616381
43432762,0.23669691082412986
43432763,0.14096489644498114
43432764,0.1739860478843022
43432766,0.207244934574052
43432769,0.12455968490460716
43432307,0.26617070745472593
43432308,0.1518556419683356
43432309,0.06896956815890866
43432311,0.42014113150640653
43432313,0.35599026073936024
43432314,0.08379513630216497
43432315,0.3169887464702524
43432316,0.10080206384550325
36993527,0.07350000518654558
37016530,0.04586098927467844
37016531,0.17964496105794447
37016532,0.15995280852351135
36967199,0.5634747430106938
36967200,0.5957362914356802
36967202,0.47794900880005625
36967205,0.7767155940533327
36967206,0.3892825258066036
36967207,0.4456825467670691
36990208,0.05425089835931404
36990209,0.13256792691144448
36990210,0.235848284254205
36990211,0.0545651506224117
36990212,0.2612856807533322
36990213,0.16655857865363313
36990215,0.07508457525336654
36990216,0.24905239471843751
36990217,0.39857361678488606
43423343,0.662134592449552
43423344,0.7287939224022185
43423345,0.10629349499023015
43423346,0.0815069581533904
43423347,0.15063571479836568
43423348,0.10868627450006821
43423349,0.10254353065739306
43423350,0.06489162778797303
43423351,0.09648915095700158
37023793,0.11899426565721284
37023794,0.16194544835952862
37023795,0.12352629066808309
37023796,0.15313787715194888
37023797,0.11767048582773232
36982498,0.10842301786957861
36982500,1.2494910796221101
36982501,0.0609752981464932
36982502,0.14869303550927368
37022243,0.08947090388708474
37022245,0.14054213658634243
37022246,0.14346274092960354
37022247,0.13199010489576465
37022248,0.08254074766565213
37022249,0.08377576552656066
37023473,0.13704163230632546
37023476,0.24329167308195268
37023477,0.05747139315585151
37020979,0.048821403446023794
37020980,0.6370450036833096
37007760,0.09955308340504919
37007761,0.4199683146851941
37007762,0.2231708244115352
37007763,0.5392380125471598
37007766,0.17831727465371006
37007767,0.16636121369005905
36978709,0.2394952518286726
36978710,0.1963282460399469
36978711,0.3420860489102416
36978712,0.3341700574237776
36978713,0.16207471938747445
36978714,0.1470790456896627
36978715,0.21899181540369847
36978716,0.057524167748049755
36978717,0.23606769094689306
36978718,0.40397533846413386
36965300,0.24554305535671636
36965303,0.09636023376184008
36965304,0.23525570007392657
36962958,0.17396572781080202
36962959,0.13951118988201971
36962960,0.14510083305356614
36962962,0.12642620823862044
36962965,0.12352569528105141
37022188,0.24412704045520606
37022189,0.39361272685231813
37022190,0.23147034611698863
37022191,0.3403183298004485
37022192,0.33319897994136793
36960326,0.08130510521552034
37017446,0.15524435093522537
37017447,0.12270570896028954
37017450,0.1365468654591558
37017452,0.08642547094481368
37017454,3.1166323739445363
37014947,0.3095456935224463
37014948,0.3600047250093859
37014949,0.5717645511590218
37014950,0.39671236866688575
37014951,0.546538207941523
37014952,0.4185180091903398
37014953,0.29723819241589655
37014954,0.5372937433380999
37014955,0.3998085504533759
36974070,0.3107790831829636
36974071,0.1728144635015907
36974072,0.3507223822985083
36974074,0.18914571701890434
36974076,0.2630830041438886
36974078,0.3151471012292535
37010833,0.8838687294216937
37010836,0.5213491791164019
37010837,0.430168098605952
36970520,0.09890905084257845
36970521,0.10908631952932098
37018961,0.061753520124732425
37018962,0.06650415332333123
37018964,0.056941646019416245
37018965,0.09437335173939716
37018966,0.08017595661319163
37018967,0.0643504204213141
37020419,0.27739791429813426
37020420,0.4262637753211918
37020421,0.30023348151041573
37020422,0.10103003957097903
37020423,0.13885064684329013
37020424,0.09725444962515159
37020425,0.25167840747013576
37020426,0.38651121674830236
43422205,0.09808352205238323
43422206,0.08701742190417107
43422207,0.05128505465646783
43422208,0.12521609892664567
43422209,0.1731478961131205
43422210,0.23873967597336232
43422211,0.17110986931723238
43422212,0.17904382354063414
43422213,0.09578482101290005
43423616,0.1351841310775854
43423618,0.42135462736629037
43423619,0.19352453133661085
43423620,0.24583659551502432
43423621,0.11475624670907461
43423622,0.10834757416545583
43423623,0.14631668508146603
43423624,0.13965392244887984
43423625,0.12618677231466607
36991031,0.10403416841380017
36991032,0.06121911280810629
36991034,0.7240845954730731
36991035,0.08940091029967633
36991036,1.4582971588052087
36991037,0.19045800879295946
36991039,0.08939733237670042
36996605,0.5556697452029518
36996606,0.09830764797556368
36996607,0.3340598133148959
36996608,0.44484325275313297
36996609,0.3629864350834298
36996610,0.5578463558687752
36996612,0.2153668298535866
36996613,0.6061932829043463
36996614,0.24905398510336327
43423175,0.11115009420823874
43423176,0.11424978334557533
43423177,0.12134030317747846
43423179,0.09940943817741361
43423180,0.09274084777820361
43423181,0.1538408306148851
43423182,0.10716384975110885
43423183,0.07304853750817479
43423184,0.11850044422798384
36965410,0.08529579308781302
36965411,0.09869395338746732
36965412,0.09270679270432435
36965413,0.10390948881247739
36965414,0.08984618202770182
36965416,0.08664052028913538
36965417,0.12581888371405184
36965418,0.1122083795866085
43430714,0.1416027907487923
43430715,0.23785322347012716
43430716,0.21856034564032897
43430717,0.27512485048065416
43430719,0.1537972369481623
43430720,0.19367281840482248
43430722,0.23252126362976613
36969171,0.5675954385242015
36969173,0.39231144930872436
36969175,0.225024885335094
36969176,0.35655730483613907
36969177,0.17859444494103488
36969178,0.20045151725615806
36971940,0.15142459242561077
36971941,0.15548331004401247
36971942,0.25306176046072393
36971943,0.28362932321516
36971944,0.1537312630595308
36971945,0.17342802184938938
36971946,0.20042457721893955
36971947,0.2398310751241466
36971948,0.1521555626369142
43432715,0.17189424395022113
43432716,0.3281316946082578
43432717,0.2785072849768134
43432718,0.1972192474935907
43432719,0.29890515475020424
43432720,0.45038631388699135
43432721,0.7066398942897917
43432722,0.15985282562831246
43432723,0.22263344593818893
43432724,0.2134062060570693
36957437,0.1264798296180197
36957439,0.16910168255060823
36957440,0.11798712018929061
36957441,0.12508651724527237
36957442,0.13713097197766413
36957443,0.1142649499006548
36957444,0.13288845826363646
36998240,0.047032361413300416
36998242,0.17335292222911533
36998243,0.17289054472843016
36998244,0.047296308635803426
37023015,0.21095901532600334
37023018,0.11329975793762466
37023022,0.1169915863792045
36998253,0.1896569137105513
36998254,0.16480945129953883
36958966,0.08390878184427694
36958967,0.07036859978888203
36958968,0.0773297713809358
36958969,0.08036150608533996
36958970,0.07606228512041764
36958971,0.08620008378232757
36970882,0.03940804740005295
36970883,0.03809107923688775
36970884,0.03744608475241124
36970885,0.04249282106649388
36970886,0.04228008003809899
36970887,0.04152253901299698
36970889,0.044395492325132874
36970890,0.038772073208193016
36970891,0.04225529847890048
36973148,0.0503572466008502
36973149,0.03929365681584373
36973150,0.04040102516976903
36973151,0.04043861128101072
36973153,0.04264558125764983
36973154,0.03820801656004704
36973156,0.04408291533182946
36998245,0.02955726351287735
36998246,0.2541911305910564
36998248,0.030268331776906073
36998250,0.252543572697428
36998251,0.03862806029330901
36998252,0.03711579404527773
37009649,0.10640150213545058
37009651,0.17172047925420736
37009656,0.22393357453989046
37009657,0.8312363831974734
37014142,0.1506967504728825
37014143,0.15950176847832837
37015960,0.15282772598984148
37015961,0.13022077838177476
37011251,0.15558098718906646
37011252,0.17712541812547375
37012561,0.21974560408218866
37012562,0.18770630801845156
36973920,0.20886841953121876
36973922,0.29275230671958136
36973923,0.13929572022317196
36973924,0.22965209184929583
36973925,0.23513829596474795
36973926,0.2422441366468293
36973927,0.13825182851107995
36973928,0.09895435179426863
36992303,0.1510566511302248
36992304,0.1308605525400054
36992305,0.1303564609440903
43430159,0.22085942318650162
43430160,0.216253753414487
43430161,0.1787200577904198
43430162,0.6164877546297517
43430163,0.1764090999197981
43430164,0.40013762536781944
43430165,0.06466730965524285
43430167,0.45196642073861737
36985824,0.5127805136273207
36985825,0.890917107645414
36985826,1.2635628233434086
36985827,0.44679337676553194
36985828,0.3593864330175164
36985829,0.5752486870863783
36985830,0.20829747351698388
36985831,0.32813747310673613
36985832,0.31518421634710797
36956878,0.1961439889099649
36956879,0.19172159028738198
36956880,0.5291088735480055
36956881,0.23205693884816586
36956882,0.42727701925103934
36956883,0.07690987707972954
36956884,0.14402617567211828
36956885,0.05547715637625843
36956886,0.06717076842269208
36956887,0.407595725363236
36974546,0.051842414648269414
36974547,0.060555455031101185
36974548,0.44776512420371617
36974549,0.04842970633851504
36974551,0.07434532456230168
36974552,0.04423260231246791
36974553,0.06983799317034013
36974554,0.18330872250854047
36968451,0.12779220495196994
36968452,1.1198559834755613
36968453,0.1312814225532277
36968454,0.3997845106221939
36968456,0.16502604924542788
36968457,0.2073323132288645
36968458,0.0806157240740915
36968459,0.0759818698351997
36968460,0.12992960041394008
43427509,0.17359552941924722
43427510,0.23926587050912834
43427511,0.16553244345053694
43427512,0.25047745444669384
43427513,0.3819725783219631
43427514,0.8001064049895459
43427515,0.3299987481080996
43427516,1.0910597635576011
43427517,0.8349704224168032
43427518,0.10915931584796151
43420022,0.1275628643721944
43420023,0.20310809725486959
43420024,0.32581990933228594
43420025,0.24998619623840085
43420026,0.32615007898239917
43420027,0.11927425978951568
43420028,0.2016997162338103
43420029,0.755036820347133
43420030,0.11030269500328106
43426023,0.217225884143668
43426024,0.21115928596420305
43426025,0.2988287230130482
43426026,0.1862844412859984
43426027,0.26416059558230737
43426028,0.24102762891721727
43426029,0.12207967665697396
43426030,0.26882052824295505
43426031,0.22808016008842855
43421044,0.117837431519716
43421045,0.10858275563445029
43421046,0.07937153225775745
43421047,0.18949419080075655
43421048,0.08261009303320731
43421049,0.11062940661222231
43421050,0.11923944026399862
43421051,0.13560267819897062
36988528,0.10632268467165354
36988529,0.5602348987457332
36988530,0.11027630306288354
36988531,0.34002034901061207
36988533,0.11680432802329485
36988534,0.11490252123274378
36988535,0.38372381488353535
36991444,0.20211782431060393
36991445,0.21700747145816984
36991446,0.37514603876884967
36991447,0.15623584260420176
36991448,0.17740556688196166
36991449,0.15508395749924064
36991450,0.18139080731631696
36991451,0.47634582969582123
36979280,0.18224483331927402
36979281,0.19934045534718797
36979282,0.20997109698408606
36979283,0.1540079974554565
36979284,0.20180302792382074
36979285,0.17397662222647023
36979286,0.16061700689149855
36979287,0.28231003771903634
36979288,0.3099601700769889
43418957,0.44499399811996515
43418958,0.13419466193144958
43418959,0.3784175566090486
43418960,0.4075038424768296
43418961,0.30986856942098706
43418962,0.21980575148934708
43418963,0.4196576771656576
43418965,0.09083388539857859
36996861,0.06118690965255863
36996863,0.7436913810129128
36996865,0.16773301297811127
36986431,0.5801442348121573
36986432,0.5072657573157856
36986433,0.5637152304663264
36986434,0.22249886654692605
36986435,0.139570688353678
36986436,0.5518679113969174
36986437,0.5456854345450793
36986438,0.23168954812738654
36986439,0.11960637282783924
36981438,0.20573786245797787
36981439,0.12578149947605188
36981440,0.29764430557607024
36981441,0.2704877017333769
36981442,0.31593632092044044
36981443,0.1220319355247461
36981444,0.17628862069392234
36981445,0.2645971862537971
36981446,0.14832291674490003
36981447,0.13430981103206546
37007387,0.2674583761203843
37007388,0.1927648805622815
37007389,0.4208317319820833
37007390,0.34734943087170117
37007393,0.4619425134205438
37007394,0.22095186373815437
37007395,0.2097865191267854
37010566,0.3320435433138911
37010568,0.3435497177904078
37010569,0.42297305935752255
37010570,0.49498702643184295
37010571,0.3506465558236349
37010572,0.2978712846820198
37010573,0.44311488787436615
37010574,0.39134510895877034
37009392,0.12842946628489973
37009393,0.13245730172278858
37009394,0.21695012025134724
37009395,0.13469379277950558
37009396,0.17933291619224345
37009398,0.1762980853853935
37009399,0.1420832985422494
37009400,0.26541704693652524
36988141,0.8837933107257758
36988142,0.22929485906077138
36988143,0.6200839428895186
36988144,0.16878754961364148
36988145,0.19300835193082314
36988146,0.27635823814089766
36988147,1.4750862608011315
36988148,0.553962581829156
36988149,0.3468119531625572
36988150,1.603705293809206
43428210,0.16541330997421183
43428211,0.23142879867446212
43428212,0.34634809506040937
43428213,0.7576178140999957
43428214,0.4946796205170332
43428215,0.4122173992468943
43428216,0.1986831395683599
43428217,0.7540647985549652
43428218,0.1643985382385705
37009004,0.1499042799820114
37009005,0.43550390891165297
37009006,0.2855028479015427
37009007,0.11873549669730747
37009008,0.3087199347916823
37009009,0.16926782851166258
37009010,0.17259941428116662
37009012,0.12468360894043903
37009013,0.20349727056409211
36959965,0.16711191579839424
36959966,0.3943458477165293
36959967,0.12192140616097914
36959968,0.12077816816921155
36959969,0.3311762634156042
36959970,0.36760928188785347
36959971,0.12313449546542884
36962557,0.555279709645987
36962558,0.15601784211675376
36962559,0.21620685210594856
36962560,0.15261227529876484
36962561,0.4628683368345067
36962562,0.28126767557546717
36962563,1.305878680094439
36962565,0.1515295432028256
37013345,0.2668004075714521
37013346,0.628072859634589
37013347,1.4406638365397488
37013348,0.5429374793364946
37013349,0.2962017991298448
37013350,0.8756135504595111
37013351,1.8860596930731732
37013352,0.2318950342075525
37008941,0.08661512228868512
37008942,0.08457789780493687
37008943,0.09344037832192886
37008944,0.12635338867146376
37008945,0.07692414795584393
37008947,0.13030618832957777
37008948,0.19618376416118505
37008949,0.07716332529879559
37014418,0.43687841509654474
37014419,0.46003926239169524
37014421,0.11996775494996517
37014422,0.13050071272275096
37014423,0.07429198474428182
37014424,0.08771339342418338
37014425,0.1335162046051818
36995536,0.13119778933334691
36995537,0.12561222711094183
36995538,0.1322859199069766
36995539,0.13295925660627292
36995540,0.14622405047531573
36995541,0.1200173482051378
36995542,0.15341460403270002
36995543,0.37043065756850263
36995544,0.11803682023241155
36995545,0.15118605517656716
37012307,0.25846890180894955
37012308,0.14419707071449608
37012309,0.18608435796702677
37012310,0.44877151797853077
37012311,0.18213934117953673
37012312,0.1423395729980512
37012313,0.18943181982417892
37012314,0.19006655044554893
37012315,0.24890917882453617
37012316,0.20192933052118853
37006461,0.21263301106961577
37006462,0.2506413740666499
37006463,0.12314134027009557
37006464,0.23613870082818997
37006465,0.47940429980311117
37006466,0.12876432440511282
37006467,0.13584423803954002
37006468,1.6394121302213711
37006469,1.9762816714445381
36975943,0.15607808202945472
36975944,0.5757751593906469
36975945,0.23378089665682428
36975946,0.32426116526717363
36975947,0.47447007948481557
36975948,1.1800791362049379
36975949,0.11235220021033965
36975950,0.3086439788526853
36975951,0.08054059384078299
36975952,0.31925811666230064
36986192,0.10975133440341135
36986193,0.18478039486539172
36986194,1.0498352258612256
36986195,0.24928811421364258
36986196,0.12907025436293446
36986197,0.10886927952034485
36986198,0.19264493848482264
36986199,0.15788878253247082
36986200,0.08651924594227031
36971761,0.1592447054003737
36971762,0.13595412973789905
36971763,0.2617732792668717
36971764,0.13648378907856973
36971767,0.28948714967012434
36971769,0.14749860013561042
36957798,0.19053255238103434
36957799,0.3671848133892761
36957801,0.34788161128767464
36957802,0.24370486474106934
36957803,0.5122756639264336
36957804,0.23547334923881214
36957805,0.25808049864488375
36957806,0.2601760329073444
36983256,0.35846650505345556
36983257,0.234237753422918
36983258,0.4303575498268312
36983259,0.15079450863029115
36983260,1.0640774567843214
36983261,0.5591769107915481
36983262,0.2204782323832726
36983263,0.23250737204839833
36983264,0.26099794544816524
36970252,0.07379043023683475
36970253,0.19373583485459137
36970254,0.148335684482028
36970255,0.14751330381457592
36970256,0.1612120559403251
36970257,0.09020480415313059
36970259,0.07669368965829935
36966760,0.06061246921831208
36966761,0.2948340823873168
36966764,0.05148908674855878
36966765,0.28031875678809354
36966766,0.04894687150811035
43425334,0.15236497929138076
43425335,0.18031099558693886
43425336,0.10573745156904747
43425337,0.25195856071984696
43425338,0.3956384095785083
43425339,0.07397446077664768
43425340,0.2628063295784992
43425341,0.06582359096657393
43427270,0.2598706115823789
43427271,1.1013836537072799
43427272,0.1672070497990065
43427273,0.13611914609430678
43427274,0.8052422020386488
43427275,0.12181458098560154
43427276,0.13764500001152458
43427277,0.2770087456147342
43427278,0.943441646668677
43427279,0.3816809590500709
43420986,0.1284004348261483
43420987,0.8051526217292427
43420988,0.4264011116369726
43420989,0.5031887629198303
43420990,0.28125446428906764
43420991,0.4190314491655489
43420992,1.2921410778514681
43422571,0.2821299524806139
43422572,0.16937766770928842
43422573,0.19479003434079448
43422574,0.4195921243662049
43422575,0.12209979384821375
43422576,0.4839700867179425
43422577,0.5357438635545481
43422578,0.2883920410230314
43422579,0.27550431457711794
36966267,0.44402187148310934
36966268,0.07718444938425707
36966269,0.1382035421458157
36966270,0.06963549990700152
36966271,0.3859878252139055
36966272,0.19848840714296417
36966273,0.4153827975117261
36966274,0.35334699571573286
36966275,0.06851940096591258
36966276,0.40381340418432404
36995094,0.0726856273739107
36995095,0.9727627695962371
36995096,0.295416780817537
36995097,0.2127424591358269
36995098,0.08584260296245903
36995099,0.06494756895188569
36995100,0.20011025180884573
36995101,0.7811486811051004
36995102,0.1398626172602719
36995103,0.17110328917832382
36980130,0.12643548196681206
36980131,0.106550780901046
36980132,0.14272463313312095
36980133,0.19001489089010645
36980134,0.1367567840965561
36980135,0.13158550195359908
36980136,0.2286889965168369
36980137,0.12837714223173807
36980138,0.09838324734680207
36971727,0.10708357022080375
36971728,0.16955264457222202
36971730,0.14058088580052142
36971731,0.19235166475130275
36971732,0.1609690626576097
36971733,0.7961275182786627
36971734,0.14526438172154385
36971735,0.2785157874077397
36971736,0.16340747671385905
36991925,0.08478641155332343
36991926,1.2699762063612656
36991927,0.46704824271618106
36991928,0.032552354099014795
36991929,0.06242560626263951
36991930,0.05188085292398987
36991931,0.08457025646391886
36991932,1.1778542808780488
36991933,0.12500380513008982
36959054,0.13234851355648847
36959055,0.6786403171231938
36959056,1.144443051335768
36959057,0.13355448180059937
36959058,0.9323818539267529
36959059,0.12586982229980365
36959061,0.22945993344369514
36959062,0.09231194099344066
36985984,0.11660082768661356
36985985,0.40407054482048893
36985987,0.17341924625310678
36985988,0.33776118251672266
36985989,0.10800090853532648
36985990,0.1317520889897591
36985991,0.10040621672563647
36985992,0.16813226062062445
36986342,0.31930435191228335
36986343,0.051985341133114246
36986344,0.1749685205883239
36986345,0.17861469359638896
36986346,0.08308770121379654
36986347,0.39556117443467864
36986348,0.151316548255382
36986349,0.1472369622425009
36986350,0.2599914371677047
36971183,0.05413801023627743
37019945,0.6187651636376263
37019946,1.0268924528106766
37019947,0.06608769709771184
37019950,0.08659050104273144
37019952,0.19201499574546152
37019953,0.03153837859888537
37018731,0.0885905913536706
37018732,0.16548937485386248
37018734,0.14008151321745335
37018735,0.0723897696733847
37018736,0.11556988485986192
37018737,0.18201403465351484
37018738,0.07959210358894568
37021490,0.3277424715937606
37021495,0.3419615620770527
37024093,0.1561879030261848
37024095,1.2449255565941726
37024096,0.10950960735522743
37024272,0.0896046347158923
37024273,0.09498248104560182
37024274,0.09109753957749918
37024275,0.09583921825618827
37007009,0.5506626701871707
37007010,0.5301502181879295
37011206,0.2970620863962989
37011208,0.2898138365037532
37011211,0.22611789710446095
37011214,0.2978285751041839
37011215,0.21373712527786304
37008750,0.18841140071538257
37008751,0.1574166407193283
37008752,0.12383404934679872
37008755,0.1578667485544116
37008140,0.2934179760937716
37008141,0.28356290413290397
37008142,0.260806695325177
37008144,0.30565251719480974
37008145,0.31594131079635596
37008146,0.2714507422433165
37008147,0.12017727722475978
37008148,0.12677267282648677
36954985,0.069426186762571
36954986,0.49213108296580177
36954988,0.1138890792640733
36954990,0.12352739009949631
36954991,0.45136526770733526
36954993,0.4071091564031413
36954994,0.4339987200569558
36959248,0.13470313699809136
36959249,0.32404960068793226
36959250,0.2797707800059452
36959251,0.11457969678958914
36959252,0.41008331717046304
36959253,0.1073571746678586
36959254,0.1776459453079272
36959255,0.06518062259318959
36970297,0.09257498669963257
36970298,0.06505867329294929
36970299,0.0847159194689762
36970300,0.22702056358179193
36970301,0.09536481420275358
36970302,0.14198757503140635
36970303,0.07683571180785699
36966033,0.07619557466813226
36966034,0.5632931028145808
36966035,0.2998067141762016
36966036,1.072770017180712
36966037,0.24091151482879009
36966038,0.4579134377284667
36966039,0.6731022313252302
36966040,0.1366529304975016
36966041,0.9165044348133017
37021380,0.09033236573883174
37021382,0.12360306208663575
37021383,0.08728390387473961
37021384,0.3676037768797373
36988261,0.3730840512381345
36988262,0.4937161924356659
36988263,0.07159519422754311
36988264,0.06030881060208337
36988265,0.38874483555389827
36988266,0.27503598447651334
36988267,0.4235983074609135
36988268,0.31971552266221054
36988269,0.42777759978760643
37019309,0.15081283811811586
37019310,0.23884517199730865
37019311,0.17677206160311784
37019315,0.1898746149840741
36980457,0.06638633026365276
36980458,0.1726457430149731
36980460,0.2305194672043516
36980461,0.20873802889074114
37018009,0.1765163745138503
37018011,0.18016775731149376
37018012,0.5066458598916
37018013,0.19391259011824308
37018014,0.19221854332483754
37018015,0.1750669851708681
37022405,0.12124482233344679
37022407,0.10833328199172557
37022410,0.09954030489129512
37022413,0.11473329867796252
43430549,0.06997757542497196
43430551,0.14106094718880266
43430553,0.07144675387023229
43430554,0.15471808414260066
43430555,0.14139990980184663
43430556,0.1734050199879181
43430557,0.0565815298538702
36977658,0.1573645613237932
36977659,0.22978469165153592
36977660,0.16292134224295118
36977662,0.19518074562759014
36977663,0.24294998396034054
36977664,0.15822350007755387
36977665,0.2678732342065145
36977666,0.1551758098802025
36977667,0.2391697629456158
43427718,0.28583311846994974
43427719,0.09451380936235329
43427720,0.08095498338689913
43427723,0.2595570722356194
43427726,0.05100910976314488
37020291,0.4091784726321229
37020292,0.2795664934470407
37020293,0.18213071677781612
37020296,0.27134742153383073
37020297,0.2751154865152838
37020298,0.18813604896507788
37020300,0.17527159753223995
37022673,0.04929172106675163
37022674,0.05330335164658261
37022676,0.0793452020006994
37021936,0.07557180264389317
37021938,0.0773438621720686
37021939,0.5289720587971992
37022290,0.1329084059116875
37022292,0.13672591538634538
37023379,0.08789822425664949
37023382,0.09847429483070703
37023383,0.11219889700480644
37023384,0.10267076559715885
36995565,0.7561446901178936
36995566,0.07966902308507685
36995567,0.07800640639488814
36995568,0.09517345727336335
36995570,0.5441493111606177
36995571,0.11400478678079072
36995572,0.1271802649085857
36995573,0.09699114041489255
36994812,0.11361423899261203
36994813,0.18874282882661578
36994814,0.3403932878296581
36994815,0.09671144902787777
36994816,0.18204437045054267
36994817,0.052144563803896225
36994818,0.39045355588137215
36994819,0.20495008231614106
36994820,0.054389241355895915
36985529,0.3618777473647846
36985530,0.19398281948713988
36985531,0.2407057531863542
36985533,0.18288883591647245
36985534,0.36633365206705143
36985535,0.6912860858206772
36985536,0.2634576613314498
36985537,0.33481065019728923
36969388,0.25607014154677965
36955388,0.214481764147617
36955389,0.2070661472663688
36955390,0.32140241433304084
36955391,0.18968626084845555
36955392,0.2870304096174996
36955393,0.32149738607505485
36955394,0.36456891877365705
36955395,0.24783451272042795
37018042,0.11791455981740692
37018043,0.3117465120353545
37018044,0.18023686460148303
37018045,0.25728746413807424
37018047,0.12054424227678273
37018048,0.19674298374862959
37018049,0.35836862383426676
37018050,0.339314317152841
37018051,0.9933301704039478
36973750,0.04954843303248408
37013030,0.28869339405349886
37013031,0.2591409962973246
37013032,0.29847981451173566
37013035,0.3073907357191352
37019726,0.13482337500155706
37019728,0.07374344151799113
36971662,0.051388180225444946
36971664,0.06571382897008093
36971665,0.041388345169543816
36971666,0.062157905099551436
36971668,0.03829641296047114
36971669,0.053966922171405286
36972032,0.11626451165279937
36972034,0.06556262612499894
37022794,0.11690764828717479
37022796,0.13497116386808658
37022799,0.11286394259695483
36964760,1.1246942259376973
36964761,0.13881177801757877
36964762,0.21100260273241758
36964763,0.14558146060321242
36964764,0.1438149318180922
36964765,0.2501586264580571
36964766,0.237147431797068
36964767,0.7278324756964812
36964768,0.6846832123805416
36964769,0.1176122214402719
36979689,0.14737166022993511
36979692,0.4552117672387571
36979693,0.698031506634414
36979694,0.29649816454115263
36979695,0.21341322004785784
43423937,0.14724235513798434
43423938,0.14839474518647955
43423939,2.8663303216400458
43423940,0.19509752367813882
43423941,0.31430072375434537
43423942,0.21295734515543652
43423943,0.20578792946607508
43423944,0.21826272206707695
37013013,0.23773669644877704
37013014,0.9619848272369623
37013015,0.42883797008676366
37013016,0.5463061042304311
37013017,0.19236447309513874
37013018,0.5585144016270314
37013019,0.5517958396571774
37013020,0.5107718691230696
36957816,0.22656165315567983
36957817,0.5593806960277178
36957818,0.2342034886040135
36957819,0.46455197065510584
36957820,1.3305190764940253
36957821,0.8101505228656309
36957822,0.12664733973736783
36957823,0.21243737016277975
36957824,0.593837064171542
36957825,0.2111477616615819
37013618,0.5313312071243915
37013619,1.0096629623306683
37013620,0.23161626554401035
37013621,0.19693401557744072
37013622,0.31642417912180876
37013623,0.1161638630139007
37013624,0.7591783813305706
37013625,0.09595774300512568
37013626,0.2717607071321619
36956124,0.19118715372716905
36956125,0.16449845421381293
36956126,0.1058357090265472
36956127,0.11222944911467367
36956128,0.13368730490078531
36956129,0.47472104177904445
36956130,0.158632223485619
36956131,0.2068355838771256
36956132,0.1760824015869673
36980667,0.32404601432166585
36980669,0.33716122739412924
36980670,0.21411640010498173
36980674,1.1500902992074638
43423433,0.3630564131297691
43423434,1.2513904686977815
43423435,0.16504274179584966
43423436,0.40827128965344955
43423437,0.5909924412902768
43423439,0.34836883217297204
43423441,0.2330922418414368
43430820,0.19940058036921707
43430822,0.14542505541617212
43430823,0.2391137284659849
43430824,0.16545738791320436
43430825,0.235602570493346
43430826,0.2337657209443604
43430827,1.11049065304971
43430828,0.6091571008637578
43430829,0.19811685404818358
43423805,0.9482753373942194
43423806,1.130867563326847
43423807,0.4507228780591954
43423808,0.3002309076707982
43423809,0.2639964456112644
43423810,0.2083806406006525
43423811,0.2523219832064291
43423812,0.19361269201422177
43423813,0.7306677032912239
43423814,0.2650993384490623
43419042,0.2486393735332595
43419043,0.9112698690471907
43419044,1.4911947458862842
43419045,0.8981851413464952
43419046,0.5075244747331179
43419047,0.14489961525793096
43419048,0.36893315934638055
37012586,0.32565097272566096
37012587,0.10829718412489231
37012588,0.09057098368620521
37012589,0.6531008982535703
37012590,0.12398416638468805
37012591,0.21137940364139143
37012592,0.2011258290372479
37012593,0.12172670484779306
37012594,0.15855648406404213
37012595,0.13870193616210152
37015606,0.13289020274595437
37015607,0.32907628934833094
37015608,0.08988433391384298
37015609,0.3469971000407994
37015610,0.30043041462808695
37015611,0.18319885699591018
37015612,0.3067087013755988
36982264,0.1902779375315088
36982265,0.23421566801135071
36982266,0.201811093049539
36982267,0.28158173452542196
36982268,0.17293517820316529
36982269,0.21807820742850365
36982270,0.18036556206527382
36982271,0.1853905328223033
36982272,0.7043986676139609
37012221,0.15382166263335773
37012222,0.1556276905279829
37012223,0.16625648312401797
37012224,2.084293024730349
37012225,0.38491470933643773
37012226,0.25615395002167013
37012227,0.1583947985720028
37012228,0.2391123396111252
37012229,0.16110558878625345
37012230,0.1548246628195417
37018103,0.12234912113333575
37018106,0.17379263432645098
37018107,0.3341148861308743
37018109,0.12887431217459405
37018110,0.4163494789498913
37018111,0.7541179658614473
36980589,0.10578972093909776
36980591,0.31176882780378434
36980592,0.22577563456040314
36980593,0.21258777380750843
36980594,0.09894140232393211
36980595,0.15395951035228558
36980596,0.4524859619113074
36980597,0.0975512861208202
36990739,0.1577990730327566
36990740,0.38322445053112963
36990741,0.8811482021117819
36990742,0.19952882730743476
36990744,0.23153118798131686
36990746,0.6088818666863656
36990747,0.7389474173442363
36990748,0.40138137212808783
36980983,0.4745222338593639
36980984,0.10007760438238834
36980985,0.11272235461056979
36980986,0.4125622406323683
36980987,0.09962028929205514
36980988,0.09775890793335942
36980989,0.1629058306980973
36980990,0.422953533672475
36980991,0.09729229119783339
36980992,0.11181039385863466
36986210,0.2852414437495507
36986211,0.17619155369677103
36986212,0.6504462132956693
36986213,0.2122723682143359
36986214,1.0079374930986844
36986215,0.23394625514990489
36986216,0.2461076546241226
36986217,0.18130251150520293
36986218,0.2530868181249881
36986219,0.19586211525810931
36962538,0.2519035185774379
36962539,0.05588772856178376
36962540,0.131095449592688
36962541,0.07228733049545485
36962542,0.09136377298949178
36962543,0.1421051026652474
36962544,0.09645164734450293
36962546,0.0640782881030896
36962547,0.11733878787498074
36966586,0.5185785518730995
36966587,0.10141893966622711
36966588,0.10826294285325049
36966590,0.1782714294659178
36966591,0.09867136954552688
36966592,0.18685310989911028
36966593,0.2267648931686424
36966594,0.49441915643390333
43432157,0.12857693253713529
43432158,0.2525110215794406
43432159,0.1026051961743563
43432160,0.22702911315783897
43432161,0.1320757924730763
43432163,0.2314044067301432
43425530,0.2084734793713324
43425531,0.16880225324168432
43425532,0.2376019802519584
43425533,0.2516069478376743
43425534,0.4880550687188733
43425535,0.20643281221617205
43420249,0.5125924730666499
43420250,0.16922967703192143
43420251,0.12117889266751358
43420252,0.7817324273507795
43420253,0.1553377555469712
43420254,1.0428871108389188
43420255,0.13797292444439466
43420256,0.2289246466877144
43430168,0.15701652919718234
43430169,0.5968481205870102
43430170,0.5833006622376768
43430171,1.2062431292366882
43430172,0.5200905923079212
43430173,0.3101676423733666
43430174,0.5991311536608026
43430175,0.17205587023601426
43430176,0.3002370272467031
43421682,0.36140382694111167
43421683,0.39502120426680154
43421684,2.1499715822044276
43421685,0.9337056408696681
43421686,0.2375660586080627
43421687,0.29718426105330387
43421688,1.1026327432965273
43421689,0.16144538922444007
43421690,0.14666628443911456
43421691,0.1667845730670665
43421296,1.0210208690945075
43421297,0.9693282551324741
43421298,0.17553430089079275
43421299,0.1701002609548645
43421300,0.6751764294003763
43421301,0.29206778756531315
43421302,0.4961462250822971
43421303,0.1457756257617394
43421304,0.2995785196543396
43421305,0.23050885378528005
37006570,0.20347681649579277
37006571,0.1528591174943016
37006572,0.15110782747600765
37006573,0.16050327043796803
37006574,0.17153558049200315
37006575,0.15014244486698528
37006576,0.21535964825528203
36975854,0.21235613756099006
36975855,0.17475355006459414
36975856,0.16358285574937184
36975857,0.17736308179472754
36975858,0.39696899711157646
36975859,0.22308716030761833
36975860,0.25461875096157555
36975861,0.17899935740320036
36975371,0.21776442675681076
36975372,0.17578128831916862
36975373,0.2073881646078298
36975374,0.3201091063133894
36975375,0.231877321655392
36975376,0.1561396880728309
36975377,0.1324313495847816
36975378,0.14903153275750294
36975379,0.17505124959615467
36975380,0.17422397813732843
36990134,0.20722341063256755
36990135,0.19090795403526356
36990136,0.20677046983371022
36990137,0.25303444539352676
36990138,0.1564079663373891
36990139,0.36399101911404985
36990140,0.1440732456862997
36990141,0.23422070113819674
36990142,0.16324194003446196
36990143,0.18765687973215056
36977694,0.1764489041471161
36977695,0.14716071468890168
36977696,0.21961986535765055
36977697,0.16831593040454956
36977698,0.17730259276434882
36977699,0.1479326040440924
36977700,0.20563138822665322
36977701,0.1372014847117218
36977702,0.1602946187207262
36980149,0.5939975678107389
36980150,0.7152759564255694
36980151,0.2942864677790705
36980152,1.1307080018278495
36980153,0.5584134312992863
36980154,0.48806137689312173
36980155,0.4553320062865811
36980156,0.3688691528417091
36973649,0.36747097945522567
36973650,0.14136141026575988
36973651,0.23293724950046016
36973652,0.11722640167338447
36973653,0.14974164804581164
36973654,0.19298863587653567
36973655,0.13296060569319557
36973656,0.16731373995287635
36973657,0.34673536475413846
36969693,0.08257048299128457
36969694,0.4084418624049365
36969695,0.24207815489510118
36969696,0.3427388860381045
36969697,0.3286770232843007
36969698,0.20524508655412724
36969699,0.12748789722572468
36969700,0.1261208964825642
36969701,0.13059807048884706
36969702,0.15370694136003116
37010539,0.14886687290899897
37010540,0.14620194373193784
37010543,0.3690198238647899
37010544,0.14530079381661126
37010545,0.15444605019790647
37010547,0.1487590044188337
36964898,0.09003588382824633
36964899,0.08167204212505645
36964900,0.14287183870217637
36964901,0.06396150363254144
36964902,0.11038486050907587
36964903,1.4565597218037711
37019954,0.3676159433162073
37019957,0.5090885440154834
37019958,0.22267362395756685
37019959,0.10963856732367606
37019960,0.1898646584086164
37019962,0.20691630917352943
37019134,0.08596067302282946
37019135,0.17766509266128033
37019136,0.17643398069275987
37019137,0.16611278531636012
37019139,0.10692220598812133
37022029,0.25847185772019465
37022031,0.7444381424875266
37022033,0.7443781657553845
37022034,0.22466176654964423
37015299,0.07425319342517156
37015300,0.08672571097595064
37015301,0.10598875435670142
37015302,0.12839245450384826
37015304,0.06822568027509192
37015305,0.06987406494246816
37015306,0.11182323985800387
37015307,0.1343266930057204
37016644,0.1187527051039205
37016645,0.6344399344112858
37016646,0.6449869700654229
37016647,0.12179994261133702
37018096,0.06532351476955296
37018097,0.08541967752339338
37018098,0.49647023598300477
37018099,0.07086188942380557
36997357,0.24708400322128263
36997358,0.18180356065888809
36997362,0.20562497632995907
36997363,0.4225734342587751
37010236,0.07823614995854668
37010237,0.050898700087201695
37010240,0.09994565294386892
37010241,0.08645582764124454
37010243,0.2911676229857155
36965391,0.10837901729550746
36965392,1.5648495134962104
36965393,0.0848738808481587
36965394,0.0632651634211711
36965397,0.0887381640762222
36965398,0.0863680828963199
36965399,0.524315970295531
36960404,0.09997453427316809
36960405,0.0805426222165511
36960406,0.09701426513962201
36960407,0.10050612448227832
36960408,0.10356059344977779
36960409,0.07447278231922179
36964941,0.10420087930421257
36964942,0.1291690616335331
36964943,0.06377488322093638
36964945,0.11868453075633406
36964948,0.1239727612910631
36964950,0.48762956990953465
37024124,0.08152192998195039
37024126,0.09544937975375656
37014504,0.1720403847493108
37014505,0.20855665180379235
37014507,0.19827416895321923
37014508,0.16653872506121456
37014509,0.25866124034762833
37010690,0.217487937689212
37010692,0.22517881570945164
37010693,0.10098014051610676
37010694,0.18722467689955466
37010695,0.12809657894976348
37010081,0.2987683129067307
37010082,0.34193517424052183
37010084,0.20835712813123095
37010086,0.13678358776072222
36997963,0.11354287957727796
36997964,0.07343436505150788
36997965,0.14917980382969778
36997966,0.15605551424347874
36997967,0.1328555002187583
36997968,0.18837873381570128
36997969,0.11069135423310426
36997970,0.12607605960962256
36997971,0.19869349845631015
36997972,0.1497519586844181
36990236,0.2509347223296
36990237,0.5017834919521688
36990238,0.23748078060303196
36990239,1.3284193930052588
36990240,0.22761447341275706
36990241,0.3174817152137633
36990242,0.5769784669624716
36990243,0.19728806663730586
36990244,0.23349411147278024
36990245,1.4239538647186778
36961126,0.16350989978643748
36961127,0.19429688657807193
36961128,0.1620334257119203
36961129,0.2571214215154293
36961130,0.15653776256038
36961134,0.2115969176545765
36969703,0.07512089406173479
36969704,0.08996100277533425
36969705,0.1380693815191984
36969706,0.06151510876173282
36969708,0.6442114136409428
36969709,0.0593092496902676
36969710,0.07397155775490787
36969711,0.07668545173101228
36969712,0.5556395865749182
36957918,0.30094308077819837
36957919,0.20792120042562792
36957920,0.4950566786312473
36957921,0.29664231485431314
36957922,0.4449693878946587
36957923,2.007798934658935
36957924,0.1721407123156714
36957925,0.1550256859166108
37019337,0.2751291519228236
37019340,0.19965148202194838
37019342,0.24055696605053933
37019344,0.2829374115204013
36985237,0.3042148450227857
36985240,0.16997108048592396
36985241,0.3612394547463956
36985242,0.09540365500856401
36985243,0.18886613213013778
36985244,0.1773564613585068
37019388,0.4730011642572209
37019389,0.37129328620099666
37019390,0.5409870401813542
37019391,0.5513832476087683
37019392,0.6206535720938505
37019393,0.7803083217134847
37023613,0.10981240820582543
37023616,0.10972386172647003
37023618,0.10926182936135004
37023620,0.11021631229077325
36995424,0.12293313363717716
36995426,0.15328388190864944
36995427,0.08190695309507316
36995428,0.2815738444728986
36995429,0.07301362802867387
36995430,0.45669855366029194
36995431,0.05276293974878147
37008843,0.34088891077353406
37008844,0.3272670947334758
37008845,0.11788530992648441
37008846,0.34274268610116837
36966170,0.13127263415201917
36966171,0.0880475714914318
36966172,0.07885956973200273
36966174,0.07444503769079988
36966175,0.13295678626677868
36966176,0.07400927584832034
36966177,0.1415377721512591
36975672,1.3166063987933456
36975673,0.16674167531382125
36975674,0.13840676563767834
36975675,0.4392697466374007
36975679,0.12757539644092747
36975680,0.30927184254206347
36975681,0.49649660922917893
36955127,0.16990434429820747
36955128,0.07915541615310488
36955129,0.09299571382416134
36955130,0.12009309075714178
36955131,0.1936565295872192
36955132,0.08399954434159547
36955136,0.10549467700156286
36973045,0.32872641008476106
36973046,0.4468638888060246
36973047,0.26556830272768217
36973048,0.26849775282783506
36973049,0.23444809785395349
36973050,0.3110304834291218
36973052,0.2047898619369356
36973053,0.39886402506540564
43424874,0.07560507217792344
43424875,0.09460602598772218
43424876,0.10052123545899813
43424877,0.10242554380836312
43424878,0.10864689187637881
43424879,0.16848176618989066
43424881,0.08121006535930443
43424882,0.09774641650470986
43424883,0.09324664723775361
37023538,0.041207426696530866
37023539,0.04108380265922382
37023540,0.08477367911894167
37023541,0.035154288534898416
37023542,0.2596938100798719
36971405,0.3525400368934313
36971406,0.25496654902909716
36971407,0.05195738524752442
36971408,0.23765832789323307
36971410,0.21813093378890447
36971414,0.2396481292957018
37017776,0.09321342174776567
37017779,0.060265550860252426
36964733,0.10053376539159863
36964734,0.9622391283478985
36964735,0.1933351518352726
36964736,0.06826868549270973
36964737,0.07940694197679468
36964738,0.13191005520069476
36964739,0.10033341101506257
36964740,0.0635449085927836
36964741,0.11768423941248732
36954838,1.0133505961766789
36954839,0.1805617576319897
36954840,0.5832101954588214
36954841,0.6017666884085566
36954842,0.279350518937466
36954843,0.3747522107703166
36954844,0.18600773499263942
36954845,0.12283540391703715
36968495,0.22708606977076354
36968496,0.3189549888739124
36968497,0.21261998142287328
36968498,0.39890724532638006
36957668,0.09886120465695586
36957669,0.06128007503177258
36957670,0.09382307692449181
36957671,1.2216363584739864
36957672,0.07368817190630524
36957673,1.3200345046918929
36957674,0.1463540045712733
36957675,0.08699405621195376
36957676,0.09248197532293166
36957677,0.15722016090600943
37022276,0.16864477410736622
37022277,0.33745816167846826
37022278,0.18077688939818903
37022279,0.2535009551744444
37022280,0.20620142676990746
37022282,0.18460423042079482
37022283,0.21312289403309176
37022284,0.3635134417677581
37014496,0.14946593778685396
37014497,0.10657192111529111
37014499,0.10763262066296156
37014500,0.25287666607606
37014502,0.19243677912281704
37014503,0.3269819497755252
36998375,0.734277233098513
36998377,0.7432765190925757
36998378,0.757013584180694
36998379,0.7480050231982348
36998380,0.12634922020174547
36998381,0.12873241565146473
36998382,0.1461674338201027
36998393,0.17081384107039815
36998394,0.13428423849633286
36998395,1.9029192886690132
36998396,0.37194236882493953
36998397,0.15249354015762026
36998398,1.0648853417585151
36998399,0.14934146016326383
36992938,0.700388732956037
36992939,0.4112178255002728
36992941,0.20171741877100247
36992942,0.5325159386735904
36992943,0.47113683242893917
36992944,0.39876328654960574
36992945,0.29578173939880076
36992946,0.474071928987885
36964119,0.1417632803425353
36964120,0.14000406193615364
36964121,0.14088561341674427
36964122,0.1977537364708225
36964123,0.19708509376780203
36964124,0.29910295000868925
36964125,0.1332142413014036
36964126,0.2865504934620402
36964127,0.14505689693171112
36964128,0.16470106936298173
36968508,0.0806394110855276
36968509,0.11928006888330321
36968510,0.0695918608028566
36968511,0.16963697715232812
36968513,0.2870802008378006
36968514,0.18365784795517776
36968515,0.4901995055330166
36968516,0.1738450998810622
36976769,0.23010822752264914
36976771,0.1230765877520072
36976772,0.4810915609568179
36976773,0.109468867211938
36976774,0.2953971835806815
36990517,0.16154123160591805
36990518,0.2060252758354029
36990519,0.19728163022473308
36990520,0.35960617663028394
36990521,0.815901662555591
36990522,0.18904915590952798
36990523,0.1786217872964269
36990524,0.1260382492478339
36990525,0.16467875666843115
36990526,0.21241657686962323
36959220,0.2450334162673239
36959222,0.10560292336699774
36959226,0.1998072796849565
36969492,0.07184452392721763
36969493,0.14349221555700792
36969495,0.1534123875802931
36969496,0.11898736037392842
36969497,0.0681807635501363
36969498,0.07732533936175229
36969499,0.553352191643752
36969759,0.06860202872780406
36969760,0.3033656376716246
36969761,0.14438491930832387
36969762,0.16878130453984463
36969763,0.1083821108615292
36969765,0.07334364987117277
36969766,0.11168639529081778
36959491,0.21952816475316583
36959492,0.03137896472547063
36959493,0.07300778652139396
36959494,0.06971740967706803
36959495,1.058031012255792
36959496,0.07724141501864842
36959497,1.0584925242275889
36959499,0.04715918083021154
36959500,0.4584605749352241
36997470,1.3983839563690446
36997471,0.1295614227997015
36997472,0.2254878537181899
36997473,0.7241042322155697
36997474,0.1706430727401519
36997475,0.22087458330226437
36997476,0.2791768385707448
36997477,1.4870085303932712
36997478,0.1870534972485488
36957041,0.30287165058615356
36957042,0.12301319464862635
36957043,0.09065365705011434
36957044,0.2006197420125567
36957045,0.1459506703430284
36957046,0.13803980358722087
36957047,0.31948798211050655
36957048,0.38229791416779746
36957049,0.4793142342861534
36957050,0.08278254620869316
36998149,0.20152739439411968
36998150,0.08746178196740514
36998151,0.1265534994331099
36998152,0.11586771657802977
36998153,0.07737242530815902
36998154,0.0810331550115173
43425315,0.2099737344827071
43425316,0.1138367315578436
43425317,1.3976390241533119
43425318,0.19204237531418833
43425319,0.12870090940299392
43425320,0.18608753807600242
43425321,0.1539737132143849
43425322,0.632938067418053
43425323,0.3242351270985484
43426918,0.2861797341100982
43426919,0.2586350062794577
43426921,0.5696326875988104
43426922,0.16296974160677216
43426923,0.5681050946575226
43426924,0.22786434398138275
43426925,0.18867713974465425
43426926,0.15631333122362281
43426927,0.1504574938633207
43432280,0.1259207965911138
43432281,0.190409558623338
43432282,0.12490172758548161
43432283,0.23759405704220127
43432284,0.13667196582988694
43432285,0.1747692989425254
43432286,0.16005906921148855
43432287,0.13798341551296178
43427409,0.29542676074216573
43427410,0.36113144091992716
43427411,0.11058031198126955
43427412,0.5184127987833155
43427413,0.3986245155002827
43427414,0.5572010077479332
43427415,1.9509792406790722
43427416,0.1912095357883439
43427417,0.14161083944703892
43425993,0.11102672929076579
43425995,0.1427148221708579
43425996,0.3645615579442991
43425997,0.1455103988659173
43425998,0.30841591892726794
43425999,0.1671413893313014
43426000,0.10628804935929248
43426001,0.13513644814062764
43426002,0.8878735137159096
36962574,0.11066363008413024
36962575,0.09362672820308184
36962576,0.07026018667767439
36962577,0.06473262219899095
36962578,0.09109069499362986
36962579,0.11505267202888647
36962580,0.10774586931866967
36962581,0.12343737508727275
43430430,0.30317019055671035
43430431,0.3093688871782247
43430432,0.31045452121487355
43430433,0.16540502819824954
43430434,0.9818856109376656
43430435,0.09392984045436506
43430436,0.11569046932942864
43430437,0.23786509863095356
43430438,0.1729808843116646
43430439,0.32530100184013816
43423102,0.258029529350091
43423103,1.0820128488582457
43423104,1.4475682275635233
43423105,0.16715581480636485
43423106,0.4328010207771278
43423107,1.2068514275864972
43423108,1.196745973399546
43423109,0.3183816091818547
43423110,0.08788639917636268
43423111,0.1876195281059347
43418883,0.307012527896922
43418884,0.10040144153008469
43418885,0.14170369413460437
43418886,0.22469704478622748
43418887,0.7527738458141773
43418888,0.435620766619223
43418889,0.13584856158996003
43418890,0.22149537115383408
43418891,0.2637269759335178
43418892,0.13748693702456127
36998408,0.3337332722235999
36998410,0.6485688064676458
36998411,0.8210902411871549
36998412,0.07569354727481731
36998413,0.05966026136878597
36998414,0.5207303055546726
36998415,0.294123783293332
36964421,0.1448308842944035
36964422,0.18834860827565625
36964423,0.8680356579353373
36964424,0.20894859934015567
36964425,0.20309272129324743
36964426,0.12806270981049564
36964427,0.10935216020960695
36964428,0.44528088816965783
36964429,0.45567318889877984
36964430,0.12454902075563064
36957850,0.17568912153350633
36957851,0.11240321486013527
36957854,0.13765441285574548
36957855,0.14496530077166941
36957856,0.19253068468875503
36957857,0.13833582475518308
36957858,0.1617310569213575
36966023,0.36621895409647764
36966024,0.10912939743978352
36966025,0.5919398031662222
36966026,0.21452425591078939
36966027,0.3939076202685438
36966028,0.4072030988332327
36966030,0.38749510090499106
36966032,0.19075572248983244
36967478,0.12257809305535441
36967479,0.6169858778941388
36967480,0.5663823002218047
36967481,0.16943222143160783
36967482,0.2105636663455185
36967483,0.6376005352189208
36967484,0.11081131458215517
36967485,0.13040471855286628
36967486,0.9263377129728946
36961703,0.14003558310934505
36961704,0.138607220503806
36961706,0.09859666308361069
36961707,0.098429893189397
36961709,0.18244267096384306
36961710,0.12114967142470365
36961711,0.29463059547247716
36961712,0.21961494511652385
37014581,0.1467564769092967
37014582,0.10928182630419726
37014583,0.09102443275839933
37014585,0.15834078865913895
37014588,0.08325460223634955
37014100,0.20515336531631242
37014103,0.24886310592746147
37014104,0.08277876704497793
37014105,0.23170809525384065
36969799,0.1685090503435685
36969800,0.16065046593093538
36969802,0.16555040218371145
36969804,0.180297820059957
36969805,0.09048532854244981
36969806,0.13266911865052955
36969807,0.08044349122242989
36987751,0.12465816933369041
36987752,0.13513321942766465
36987753,0.19449500742142775
36987754,0.10838064845523718
36987755,0.10576307701254696
36987756,0.10504387419823302
36987757,0.16086622157649685
36987758,0.10003489950462847
36987759,1.9527866394117412
36987760,0.13934402808219062
36983028,0.7712434031657667
36983030,0.15060320337645874
36983031,0.19955905055304368
36983032,0.1963265946262909
36983033,0.239490470562416
36983034,0.1148088448424797
36983035,0.17981488048755412
36983036,0.17957421601952803
37019060,0.09901586127933344
37019062,0.07487707566619047
37019063,0.10804049176756286
37019064,0.09858533139429942
37019065,0.06860640098610081
37022739,0.062170925329899866
37022740,0.08680564591725555
37022742,0.08437593965860113
37022743,0.1026536091604663
36972839,0.16197333660170574
36972840,0.18814630633794158
36972841,0.1613021060479371
36972842,0.1841000860694453
36972843,0.1652364340882158
36972844,0.11873922382964676
36972845,0.10612645154486944
36972846,0.10640390586049693
36971271,0.05365074135133565
36971272,0.07900925151280655
36971275,0.29250737421104117
36971277,0.2544901239183502
36971279,0.11308835445602126
37022845,0.5040323193969701
37022846,0.4800571213161016
37022848,0.05977764708555493
37022849,0.08782091654183223
37022850,0.46048231791344363
37022851,0.12280641674850443
37022852,0.07002559848829631
37022853,0.07818621690842105
36998906,0.1840446066845585
36998907,0.0593823752880304
36976279,0.06773594359095363
36976280,0.07768391037323623
36976281,0.06088854085578325
36976282,0.06515126548674942
36960558,0.14317604806059506
36960559,0.12102188591463871
36960560,0.16272222052656357
36960561,0.13030366633352175
36960562,0.15687523622801147
36960563,0.11496816759910179
36960564,0.09063204490267113
36960565,0.09954262345716605
36965633,0.1475743002655857
36965635,0.22245891916375912
36965636,0.1520956617630129
36965637,0.11841573222599537
36965638,0.5086325424461523
36965641,0.1593904957506121
36963096,0.1969159925192081
36963097,0.17410087697968613
36963098,0.21323581355838056
36963099,0.1598298460208782
36963100,0.26669929858709385
36963101,0.2253703605247174
36963102,0.09242109427489495
36963103,0.32617871912887714
36955569,0.10823774530038544
36955570,0.22132873866999256
36955571,0.7195468029596132
36955572,1.3406127904376894
36955573,1.786199776033973
36955574,0.11515061215295384
36955575,0.15327548180156536
36955576,0.05385882107140407
36955577,0.2499487267008166
36955578,0.09437147802781354
36956228,0.22579756707947057
36956229,0.39229888016047426
36956230,0.24730714009292834
36956231,0.21807755041603274
36956232,0.3440448538655305
36956233,0.30163168324032535
36956234,0.2337058408529651
36956235,0.2948318110737983
36956236,0.25564558448373653
36956237,0.272050083997474
37021922,0.21273617534122768
37021925,0.2062773987004208
37021926,0.3213770906385024
37021927,0.19405937724377673
37021929,0.284544551798044
37021930,0.12394319282654846
37021931,0.7995611525919123
37013555,0.10975678378270012
37013556,0.2777795244335659
37013557,0.11135736132772261
37013559,0.11140458268292737
37013560,0.39974666058623975
37022686,0.10018584098823365
37022687,1.006803242698629
37022688,0.545961257137115
37022689,0.8580448917261271
37022691,1.173393628677783
37022692,0.23840395499660172
37017888,0.14182444697635946
37017889,0.13939419415990886
37017890,0.13814683909761852
37017893,0.1553775658971075
37018795,0.068061329509713
37018797,0.050263385832238786
37018800,0.1022673689522989
37018801,0.1061481149432074
37018803,0.7033983429036396
37018804,0.10442335701747599
36996196,0.060024793309953375
36996197,0.11225418907350598
36996198,0.07205027000977336
36996199,0.09341992964308875
36996200,0.07590502170174207
36996201,0.3417229761135838
36996202,0.06371769453581827
36996203,0.08201064323061365
36996204,0.09233634932550239
36996205,0.08573939593356177
37019903,0.29849298704944843
37019904,0.4564851123009978
37019905,0.22852606200139758
37019906,0.10925245281446412
37019908,0.0916224396319998
37019910,0.12891863061914402
37019911,0.7225792116971086
36996439,0.15063866092903952
36996441,0.067972478244515
36996443,0.15799530788369945
36996444,0.07612303914079249
36996445,0.11350228713028605
36996446,0.0768289875081952
36996447,0.16609621667633548
36996448,0.1282465114285866
36959757,0.035736658665155296
36959758,0.034654670126037256
36959759,0.7323244195733991
36959760,0.04821543956358037
36959761,0.8007496579128567
36959762,0.7836904849641899
36959763,0.04838550753363808
36966613,0.5402546934677667
36966614,0.22608878700342605
36966616,0.3718255140144728
36966617,0.2522063562868722
36966618,0.2416632589018364
36966620,0.4963986402319037
37014627,0.08626721824110606
37014628,0.08928933992542754
37008343,0.5529433823552851
37008344,0.21058463443894102
37008345,0.5321517692198966
37008348,0.14544563292626925
37008349,0.18298367064290522
36960003,0.16667080590167538
36960004,0.11222266636821844
36960005,0.8357120786055453
36960006,0.7429660820266495
36960007,0.14627817710190313
36960008,0.10170629745248697
36960009,0.10097208598494223
36960010,0.1639962511243871
36960011,0.08075089533573632
36960012,0.1296186903380556
36963129,0.23134005452509668
36963130,0.2610761055866936
36963131,0.11389763611935091
36963132,0.12189637458739484
36963133,0.09640391372008815
36963134,0.21910810032708727
36963135,0.11261581460617211
36963136,0.2220604343996104
36963137,0.1100238443828116
36963138,0.13311875291962202
43427300,0.21153739182142722
43427301,0.15051673470272098
43427302,0.3024976398693917
43427303,0.14725023292694955
43427305,1.3205835717543755
43427306,0.3269741266447451
43427307,0.37377437434230754
43427309,0.08521760612540939
36990057,0.19594656591871001
36990058,1.2401520034156304
36990059,0.151493879978624
36990060,0.2155452685431783
36990061,0.16798646963899733
36990062,0.1169174680389494
36990063,0.11520459038393903
37017547,0.12173225617522598
37017548,0.44419883208895583
37017549,0.36953569285349797
37017550,0.10697639426768003
37017551,0.09964429338304073
37017552,0.11333873742075411
37017553,0.875311876285179
37017554,0.36951696796235217
37017555,0.29407024595476156
36989020,0.11384867416781651
36989022,0.28495276996602575
36989023,0.6896059017891978
36989024,0.15999313268130083
36989025,0.6016191004532936
36989026,0.13585124677417604
36989027,0.26510196953581594
36989028,0.9236618928306053
36957983,0.14814952922009428
36957984,0.3143210585528307
36957985,0.11679994090739784
36957986,0.11662520101673186
36957987,0.2305712579343099
36957989,0.2382115605668517
36957990,0.12869502100173816
36957991,0.07487108168222163
36973131,0.08406660383064954
36973133,0.18985343027591856
36973134,0.10387410158824142
36973135,0.09576754484786418
36973136,0.11916655356743616
36973137,0.08830531726876262
36973138,0.08957790808305204
36973139,0.08318159050760919
37017298,0.0625304196636241
37017299,0.581710593455704
37017300,0.07792350006610277
37017301,0.13863818750126147
37017302,0.3323124204230596
37017303,0.04571291702406537
37017304,0.08829503531213828
37017305,0.0805761034210843
37017306,0.6785020575580407
36959667,0.11504744484442897
36959668,0.15242596657824095
36959669,0.10715828842274819
36959670,0.1556881391514252
36959671,0.12190611341495336
36959672,0.12251882689982493
36959673,0.2320568613050374
36959674,0.24553816798468153
36959675,0.123141943278482
36959676,0.12379725774306095
43420612,0.28207587479211077
43420613,0.16940155654799213
43420614,0.1683816700777974
43420615,0.24049993432959335
43420616,0.38125821730232257
43420617,0.20393588343288896
43420618,0.30489960883387945
43430930,0.10165394707639633
43430931,0.6672102366610302
43430933,0.09849525894372484
43430934,0.538814888800016
43430935,0.16317802230282782
43430936,0.09683182846815575
43430937,0.10317725389871664
36970391,0.026315120138077665
36970392,0.03255284891111675
36970394,0.03591892924192115
36970398,0.03294122830496408
36971233,0.02320590180225959
36971238,0.03286371546648095
37010377,0.09832282039711347
37010378,0.10034965410287942
37010379,0.7169476512523327
37010380,0.9320174842913934
37010382,0.7237169780881204
37010383,0.10086337241854157
37010385,0.9384787273926272
37010386,0.9328477270637884
43431113,0.09956901786978113
43431114,0.14177369314320534
43431115,0.09448958119448922
43431116,0.49877967135007084
43431117,0.09841843641982792
43431118,0.211594087570187
43431119,1.2190821199586899
43431120,0.18194699861328323
36963919,0.329284154504592
36963920,0.09975764241638985
36963921,0.4291643552599354
36963922,0.15452533071601865
36963923,0.23656319791757383
36963924,0.11504754652593795
36963925,0.10170150378817207
36963926,0.08948051068631761
36963927,0.19910111639206624
36963928,0.26197471315819365
43431804,0.24421179218730865
43431805,0.1959357555139308
43431806,0.34826960112206073
43431807,0.2284837701489113
43431808,0.14885895528608825
43431809,0.44093964786949225
43431810,0.7848230127618832
43431811,0.2838791375675397
43431812,0.3359771103714085
43431813,0.09987439168796226
43430113,0.2443735987608562
43430114,0.1396655721642706
43430115,0.21301381773911898
43430116,0.2882686752886956
43430117,0.14092989994311833
43430118,0.21537660489491134
43430119,0.12205867658243827
43430120,0.17943273326730838
43430121,0.5469175342557688
43427529,0.28860924963702417
43427530,0.18788294951851636
43427531,0.15359797191970992
43427532,0.22261219769038065
43427533,0.47529996304023253
43427534,0.13805099747798255
43427535,0.29094082810718513
43427536,0.16377914845018754
43427537,0.19322901261395048
36985937,0.10164140479372698
36985938,0.4221566664898371
36985939,0.10824907642071806
36985940,0.07157242634791582
36985941,0.11767195647980429
36985943,0.06049016504570387
36985944,0.18402690198422234
36985945,0.08239047576893087
36985946,0.08802982492128011
36978797,0.25870878245914397
36978798,0.8863589917095045
36978799,0.11707012135494127
36978800,0.20745909525660602
36978801,0.3427655178092247
36978802,0.21268607874602313
36978804,0.1911082169927223
36978805,0.6191857473960514
36978806,0.9029082033908505
37015940,0.3064619153978895
37015941,0.07827665517497588
37015942,0.1525037392122787
37015943,0.07173301846753587
37015945,0.1952621689646851
37015946,0.07510866055903703
36987779,0.867125696860316
36987780,0.3801193893092516
36987781,0.3368537036417291
36987782,0.6061475531396476
36987783,0.35300916812314354
36987784,0.24083924095511136
36987785,0.920757686153643
36987786,0.9219127624754766
36977305,0.6138264174843656
36977306,0.20103815681665035
36977307,0.17412899305059176
36977308,0.4804496782662071
36977309,0.13912792482676817
36977310,0.30179713282493914
36977311,0.1096827134290945
36977312,0.2942614071148397
36977313,0.0873910507399858
36976162,0.06389468340707923
36976163,0.079864523135343
36976164,0.06551074045235655
36976165,0.07755037456689837
36976167,0.10707204061456067
36976168,0.09286633480077111
36990297,0.46852231280973206
36990298,0.143811591975451
36990299,0.1699647971268668
36990300,0.4341245401890985
36990301,0.17749862744731426
36990302,0.20588177131663427
36990303,0.1782060087652041
36990304,0.3853219075163073
36990305,0.16158463285641578
36990306,0.19289284896411416
36965814,0.22037195597629122
36965815,0.4862630445637201
36965816,0.37301938285894826
36965817,0.4963562481651003
36965818,1.0037352842896947
36965819,0.402787657785989
36965820,0.28931412850808963
36965821,0.7099954145662014
36965822,0.39360715208626995
36974337,0.5626272990172492
36974338,0.3151964400010485
36974339,0.31197864082350923
36974340,0.14933989057743044
36974341,0.1694398747671808
36974342,0.2681072413631819
36974343,0.3126691400205629
36957910,0.27176052370591847
36957911,0.319793107606722
36957912,0.34309638664337055
36957913,0.27393160766389935
36957914,0.2864702721842816
36957915,0.4341385224387286
36957916,0.5456634614123254
36957917,0.3063979613593047
43425207,0.35238323154970913
43425208,0.327290423806051
43425209,0.2964183727302119
43425210,0.19761965892441302
43425211,0.6882312688137661
43425212,0.21308019254684066
43425213,0.13065694480282392
43425214,0.5421746494024441
43425215,0.16569492602508124
43425216,0.14925869903200684
43422988,0.6331065142501904
43422989,0.09450892488875706
43422990,0.11291574227515606
43422991,0.12947717780053164
43422992,0.10722064608407281
43422993,0.5515132613332382
43422994,1.6271645264693972
43422995,0.22930418580624018
43422996,0.09930014419244891
43422997,0.23304575004518344
43431676,1.0645390214541228
43431677,0.23728697552586037
43431678,0.2976285817099045
43431679,0.6423237262207481
43431680,0.154286919967558
43431681,0.1318464737667397
43431682,0.9620155168581014
43431683,0.5786167065858969
43431684,0.25811399667307644
43431685,0.1629462035610221
43432182,0.1899243810618984
43432183,0.20124575803460407
43432184,0.6649907830531364
43432185,0.11332729321360424
43432186,0.17814250763407116
43432187,0.23957030614547217
43432188,0.9813823522568413
43432189,0.2939650584320425
43422865,0.7732345305654648
43422866,0.34991564415974025
43422867,0.13432345610712323
43422868,0.14555785692604914
43422869,0.09295482711835061
43422870,0.14879789588739317
43422871,0.3806664976415176
43422872,0.166108526957378
43422873,0.09316966592585106
36999275,0.21309432818287252
36999276,0.23115683302848467
36999277,0.1658571502571722
36999278,0.17739910885064714
36999279,0.20046812834434027
36987091,0.1246900296865519
36987092,0.132167361167301
36987093,0.4761633146653296
36987094,0.14335844769351339
36987095,0.37833870671942077
36987096,0.4265598018467929
36987097,1.020948831938786
36987098,0.12526776863698136
36987099,0.43020967899232077
36987100,0.3497742855086574
36965481,0.1665569227843241
36965482,0.3655299574986861
36965484,0.21401894185099385
36965485,0.17268665019480475
36965486,0.23155558678799176
36965487,0.7248062280857867
36965490,0.10776395553322159
36970588,0.6835998693379416
36970589,0.49438666563970235
36970590,0.27586297921927566
36970591,0.20631214059523134
36970592,0.8152642518629519
36970593,0.16570400956459008
36970594,0.23377761883311193
36970595,0.20269458644984228
36970596,0.20477794996742935
43428448,0.07869702223829757
43428449,0.09227577885008288
43428450,0.21852825099860473
43428453,0.7525701415898121
43428454,0.170979489285513
43428456,0.3057259428359813
43428457,0.5438250323623016
36987211,0.05369417820991691
36987212,0.06135175595202849
36987213,0.10046742497343132
36987214,0.0634207386858718
36987216,0.03221413865665253
36984352,0.07477025769402872
36984353,0.06588710242968662
36984354,0.10103549405795921
36984355,0.08247466106910957
36984356,0.03219527809016952
36984358,0.05629864385179474
36984359,0.1628574390007171
36984360,0.0778211551953671
37007205,0.06886911122574378
37007206,0.12226914104378543
37007207,0.04116487284499704
37007208,0.10436295951107064
37007210,0.07275403480437379
37007212,0.13281535094561547
36985600,0.0926811451508441
36985602,0.1309688130749328
36985603,0.042654448907385005
36985604,0.053797290406828666
36998363,0.05835717521008202
36998365,0.6176574432272957
36998370,0.04807171795938055
37016024,0.14407982943722658
37016025,0.12234614063557649
37016026,0.3427421581789017
37016027,0.11651574681345657
37016028,0.10021184122385184
37016029,0.10134403157393691
37016031,0.12576687655830876
36960128,0.23054539482777675
36960129,0.13058925592052756
36960130,0.5284473339259255
36960132,0.13163793676724367
36960133,0.09464566663708249
36960134,0.1471155840908512
36960135,0.2904300221042693
36960136,0.18943125281479947
37020721,0.7307606148669651
37020722,0.08738072236143754
37020724,0.07371553592980654
37020725,0.09188396982462572
37020726,0.07559805689229145
36964191,0.09429638296391171
36964192,0.12483204406959278
36964193,0.07395175200076157
36964194,0.08898154363544897
36964195,0.14476211237557732
36964196,0.12480589735813952
36964197,0.1147029854706653
36964199,0.09461267556913511
36964200,0.08569228577671716
37013362,0.2878378596567259
37013363,0.9411708173142542
37013364,0.3216758418034025
37013365,0.1467662938205486
37013366,0.12921615318105675
37013367,0.14681511736226768
37013368,0.5885641739051142
37013369,0.754426820361904
36968759,0.21090318652831683
36968760,0.4159394953589613
36968761,0.1498952028997032
36968762,0.15892720363122217
36968763,0.4039373063689196
36968764,0.3639604077503123
36968765,0.15964806878371707
36968766,0.3852051760749817
36968767,0.57470741215221
36967700,0.09445940405374237
36967702,0.09917416288883785
36967703,0.08879677053191588
36967705,0.08263658372586674
36967707,0.10579966590953759
36973901,0.14375815262821112
36973902,0.19262868233555602
36973903,0.13525846201252242
36973904,0.23829308053931003
36973905,0.48749302485112217
36973906,0.1071708251479765
36973907,0.2610549554035834
36973908,0.11938614379186697
36973909,0.16855879061870505
36973910,0.2005743679350439
36972737,0.19355728085760454
36972738,0.16955599191846907
36972739,0.16403649412607005
36972740,0.24009111995484536
36972741,0.22608762578047506
36972742,0.18310431482790324
36972743,0.16956902604354962
36972744,0.17564455375076243
36991073,0.3294051773294102
36991074,0.3416680403064084
36991075,0.17818421007534638
36991076,0.6564703628366086
36991077,0.5164668986664421
36991078,0.5208990412100495
36991079,0.41935450355357845
36991080,0.4935783814263122
36991081,0.5252683062425657
37020098,0.20042100933743343
37020100,0.19908053094043537
37020103,0.3362321479688605
37019864,0.7548242119834497
37019865,0.6469297150599442
37019869,0.9830031781670704
37019870,0.17489638215279452
37019871,0.15903610864222112
36985656,0.05264361410674562
36985657,0.10465548113219111
36985658,0.10744580894018695
36985659,0.05299358484685255
36985660,0.057906531002011305
36985661,0.05323693853447237
36985662,0.059409278594892694
36985663,0.10783403456149186
36987962,0.1839947479499956
36987963,0.185536949991216
36987964,0.2495729768312481
36987965,0.24897354759134804
36987966,0.19269991540237066
36987967,0.2094082587660309
36987968,0.23975523379586067
36987969,0.2526098893560042
36987970,0.22654369985735476
37015410,0.4843259251384522
37015411,0.1304457228392158
37015412,1.9401135080138496
37015413,0.16158305187602479
37015414,0.14946828823143432
37015415,0.1859721376210518
37015416,0.2428319994400555
37015417,0.4205324442067225
36972144,0.08261127193720832
36972145,0.032475617794297924
36972146,0.0630900887787001
36972147,0.03683155288718921
36972148,0.16195429634786151
36972149,0.02830200359291146
36972151,0.08319960969325302
36972152,0.05301753779264789
37006690,0.1300964887707754
37006691,0.13126222861507345
37006692,0.13100169181059035
37006693,0.14028710114265475
37015765,0.08183637713185359
37015766,0.7185767303981901
37015767,0.09566174827356642
37015768,0.10306778444118575
36959137,1.1103411740894449
36959138,1.4315479358664214
36959139,0.1491847087709803
36959140,0.27386043367967244
36959141,0.1588300204386013
36959142,0.1872505959766113
36959144,0.1563680222504541
36959145,0.524769420892235
36986258,0.10653770768862164
36986259,0.12471731724183549
36986260,0.10674207284802224
36986261,0.1090627716037966
36986262,0.06686315897740014
36986263,0.0748929352999047
36986264,0.08587637828592641
36970872,0.3582139779612366
36970873,0.1289942668392714
36970874,0.42462889016167005
36970875,0.3039824956706453
36970877,0.09530896533792725
36970878,0.2290817621803579
36970879,0.13912017714218622
36970880,0.4989738729475199
36970881,0.26613128609255293
37020239,0.45195316347728964
37020240,0.5147006877291308
37020241,1.0411256639305357
37020242,0.12395480675899229
37020245,0.6562778234084488
37020246,0.9610930343130454
37020248,0.6497179018504622
36973729,0.09881018534453773
36973730,0.18265081451067658
36973731,0.20794966921028232
36973732,0.23785323983652545
36973733,0.12031288544787713
36973734,0.08384700062039856
36973735,0.08448079246207048
36973736,0.19000156150018213
36973737,0.17181418793249584
36973738,0.2027722838666937
43424178,0.12235118024223751
43424179,0.13711339700465003
43424180,0.1214555765737433
43424181,0.1457687904632552
43424182,0.11987795680189893
43424183,0.10916017688660153
43424184,0.1445758464441696
43424185,0.091508350757234
43424186,0.10813210223879793
43424187,0.12221906798249486
36980786,0.13087944201893462
36980788,0.11302256962670315
36980790,0.09302563711056566
36980791,0.08687526702601521
36980793,0.12013408086844204
36980794,0.11436083179665749
37007778,0.08807975962485422
37007779,0.1016330401312017
37007780,0.07592932106779554
37007781,0.059658651992951166
37007782,0.06810691723267602
37007783,0.05922282822794093
37007784,0.7774809775905427
37007785,0.04483939588922242
37007786,0.09196948823910894
37006703,0.05766584783526382
37006705,0.07167775003269045
37006708,0.04320647837174019
37006709,0.06407418685995755
36976742,0.1273049188855801
36976743,0.1343879043890182
36976744,0.09055640833519997
36976745,0.09387225683351859
36976746,0.26084258336703436
36976747,0.06250140808921047
36976748,0.03186560771568826
36976749,0.18208488199696954
37018440,0.06061702000108919
37018441,0.0811541440748865
37018442,0.038160400806602546
37018443,0.10869102905059404
37018445,0.090226854179025
36990602,0.9170227667995727
36990603,0.9982593140440176
36990604,0.12889967557887935
36990606,0.2314926760178599
36990607,0.11788393759300396
36990608,0.31869358877777265
36990609,0.2122514167291633
36990610,0.21791695221218016
36990611,0.9540833920280979
37023676,0.19355557329711168
36961907,0.40306960407357056
36961908,0.4270215509944487
36961909,0.07769641319172635
36961910,0.36673281385311945
36961911,0.05783345950039387
36961912,0.23430144383379758
36961913,0.25037711757975945
36961914,0.1865953589430195
36961915,0.1748584027411924
36961916,0.401523202709641
37007293,0.133069441198297
37007294,0.14793216337263546
37007295,0.1203968664232122
37007296,0.15876564215440414
37007297,0.15200755868221305
37007298,0.12085000899023385
37007299,0.13251698610443208
37007300,0.18530612848828715
37007301,0.1502093424908113
36978690,0.227513797137884
36978691,0.11846501744918941
36978692,0.12788307323068024
36978693,0.21854865159610795
36978694,0.1294542489267069
36978695,0.2278933366065416
36978696,0.09984320723969849
36978697,0.33819634328348214
36978698,0.08695977843096266
36965316,0.1966993200835465
36965317,0.08109826918180255
36965318,0.08023966396756117
36965319,0.2060508854456513
36965320,0.14613545046380869
36965322,0.1697411201315705
36965323,0.1837149303562316
36957269,0.20386114536981692
36957270,0.19332042961601467
36957271,0.21771141966246127
36957272,0.13198838593315543
36957273,0.1355933965965272
36957274,0.12719161693661
36957275,0.08211702434060304
36957276,0.21046769829792872
36957277,0.1871720532983017
43429747,0.18538896832979568
43429748,0.22195472396807123
43429749,0.31729796499378354
43429750,0.4481086478455436
43429751,0.18844045430432005
43429752,0.2433453634295388
43429753,0.2660127732701431
43429754,0.31458217749544426
43429755,0.1500841982836612
43429756,0.9160281552540206
43419056,0.21661833392469365
43419057,0.2269197400827405
43419058,0.3105663771576891
43419059,0.906625357725069
43419060,0.11774719767577596
43419061,0.1164903537576808
43419062,0.18314028045638697
43419063,0.43689431413520413
43419064,0.1987744281203343
43419065,0.18163925137998715
37010142,0.13542160003956477
37010143,0.5114325738274292
37010145,0.10602611840235586
37010147,0.8892776468775049
37010148,0.15414153341658385
37010149,0.1270153765127871
37010150,0.146441922467351
37010151,0.11002877754640987
36989946,0.1043208004894243
36989947,0.1164565218224083
36989948,0.12356288182841103
36989950,0.0958185400392684
36989951,0.07781804067915411
36989952,0.11683253209225988
36989953,0.12244272809261524
36957051,0.5300880855352009
36957052,0.1556948680569622
36957054,0.30177873989449
36957055,0.384578999638439
36957056,0.1437563020973974
36957057,0.2668283280115458
36957058,0.18198820305451605
36989352,0.09417204302471428
36989354,0.5462805896218903
36989356,1.0798662769508085
36989357,1.4483495416603653
36989358,0.3586829148119461
36989360,0.10064262141616641
36989361,0.40955436659290917
36984872,0.4215866275105183
36984873,0.7237960041361412
36984874,0.2990824285787769
36984875,0.21016623543050483
36984876,0.39067185892999523
36984877,0.45251670447541603
36984878,0.5551089381865595
36984879,0.45248275462741555
36984880,0.49820384642286303
36984881,0.13913737641298854
43425464,0.15151209713577157
43425465,0.14926544216235493
43425466,0.2975313168205962
43425467,0.17772718294913717
43425468,0.43101565801124675
43425469,0.12533570273080333
43425470,0.5517277572932582
43425471,0.1479535695077973
43425472,0.09688052354800177
43422929,0.6561482065732737
43422930,0.15367855376572456
43422931,0.14773054492266877
43422932,0.7917529944814904
43422933,0.09380761191114724
43422934,0.11272104880701633
43422935,0.4042464189290618
43422936,0.18215750403287953
43422937,0.3641411365592688
43422938,0.14089302209566923
36955244,0.23053416753992662
36955245,0.3918948035159268
36955246,0.1412841772304665
36955247,0.13994845017085553
36955248,0.5734181517809859
36955249,0.1691363580346815
36955250,0.2075271450826183
37017511,0.27539292910615687
37017513,0.4576857809983446
37017514,0.3030762871377829
37017515,0.49027200222930634
37017516,0.46396962606444153
37017517,0.6044181003496971
37017518,0.1689928795773615
36997028,0.20941531310430078
36997029,0.10458291038551516
36997030,0.18772114891851593
36997031,0.09675693280709213
36997032,0.20129094609244658
36997033,0.151123182275389
37015020,0.2895714107836965
37015021,0.05911191619529696
37015022,0.13119019864558082
37015023,0.08517644347194153
37015024,0.2934983415314986
37015025,0.19366311336956474
37015026,0.47307424698526207
36992314,0.13056780979995838
36992316,0.2773069942750354
36992318,0.09648801439551694
36992319,0.12391837841126371
36992320,0.08653355079034711
36992322,0.13942002142166743
36960912,0.27919937435736353
36960913,0.08359179464761168
36960914,0.08794279692832013
36960915,0.09289252462144255
36960916,0.08921810966367895
36960917,0.08767576393112145
36960918,0.09142915479023477
36960919,0.1375869514692568
36960920,0.3087041154729898
36960921,0.0840132849891052
37008790,1.2644284396582082
37008791,0.10740636011563014
37008792,0.20807952274333166
37008793,0.11415587394062925
37008794,0.9197529004824864
37008796,0.18944274812152914
37008797,0.3072138529793427
37008798,0.5467236908568532
37007570,0.20626117508397301
37007572,0.5029516231888554
37007573,0.28907482841138815
37007574,0.48863162920468245
37007575,0.17300087762869729
37007576,0.22581310302890875
37007578,1.0460118131713303
37018385,0.05624215324784193
37018386,0.05583389187922255
37018387,0.18077203546482326
37018388,0.08661833569901976
37018390,0.0684100005105418
37018391,0.1830623379487346
37018392,0.06330162527009432
37018393,0.17432459986532706
37018394,0.07575480435292627
36958736,0.10973244763819762
36958737,0.1084844018998581
36958738,0.19076514479955384
36958739,0.1954909646383589
36958740,0.08880873311540148
36958741,0.09929930353439607
36958742,0.20950818467226034
36958743,0.16005315307048115
36958744,0.0832429774952415
36958745,0.1838966258419623
36984804,0.17843520187428463
36984805,0.21740068340557722
36984806,0.21701417158952224
36984808,0.14212984080506402
36984809,0.9652198401798237
36984810,0.24674446578451711
36984811,0.2727699131013102
36984812,0.3803280389823102
36956985,0.12138215815243353
36956986,0.45619406876974433
36956987,0.19931593535745804
36956990,0.12455024823434427
36956991,0.15272453923325746
36956992,0.06613231048053272
36956993,0.14385787389655444
36956994,0.38430686804469155
36968485,0.18337552007478147
36968486,0.1287109422123495
36968487,0.25055752158686295
36968488,1.5553080978699074
36968489,0.1166834140566578
36968491,0.11899355821904255
36968492,0.11176538732890057
36968493,0.08043717620825803
36968494,0.08665969191746252
36963831,0.5493268306661337
36963832,0.26726640918099476
36963833,0.40399768443433703
36963834,0.2175568577404282
36963835,0.44532983499239037
36963836,0.1674058836780003
36963837,0.4068352416536451
36963838,1.6243647271536765
36963839,0.4538108902253224
36963840,0.4466472389483432
36957079,0.12146554713845065
36957080,0.21115695733506515
36957081,0.1847464427691721
36957082,0.10158310374231862
36957083,0.14617240949424132
36957085,0.16909095836836494
36957086,0.09086168787309508
36957087,0.1517215804200455
36966466,1.592352191758942
36966467,0.96209025464686
36966468,0.49363567792722673
36966469,0.3396360131523273
36966470,0.1626894267901742
36966471,0.574966642845259
36966473,0.4778291872591601
36966750,0.1791421816828131
36966751,0.35024402026266177
36966752,0.1984094954047896
36966753,0.2724560146540282
36966754,0.29419294045954264
36966755,0.614805949444779
36966756,0.17102813741898387
36966757,0.22198030416015893
36966758,0.395510687059017
36966759,0.17173589102245296
43424432,0.09264491549315909
43424433,0.2506566387475995
43424434,0.3247925865242397
43424435,0.1630122122580401
43424436,0.28341783192238246
43424438,0.3549134142640539
43424439,0.25918381094625575
43419804,0.1621370526166506
43419805,0.14916302007306845
43419806,0.12620545116189116
43419807,0.15715606596236514
43419808,0.18210935887312824
43419809,0.11353931741905837
43419810,0.15376786821605778
43419811,0.2949375179577299
43419812,0.182411694012299
36961380,0.10986342004203296
36961381,0.28066327383890044
36961382,0.28167848173020626
36961383,0.32161872644160594
36961384,0.12074068290696215
36961385,0.14937611510872828
36961386,0.08496412162576444
36961387,0.33716888868274697
36972094,0.12485721808143962
36972095,0.04712825616662708
36972096,0.09268846801876804
36972097,0.059163465048421474
36972098,0.05942778652844102
36972099,0.07569111213061656
36972100,0.0756559827547425
36972101,0.10206011425490949
36972102,0.05284925504773173
36972103,0.0720308236551154
36970533,0.1208667184388457
36970534,0.0988020226700072
36970535,0.13085227891510662
36970536,0.09821798989996793
36970537,0.04763590139626196
36970538,0.046892131081617085
36970539,0.07914291243430543
36970540,0.1237134079348255
36970541,0.08364061413704997
37015805,0.16492707522702182
37015807,0.16694484843008447
37015638,0.14337160936833745
37015639,0.09762185421110331
37015640,0.15435023578797583
37021612,0.061902935192219635
37021613,0.22113674654903526
37021614,0.09260301820679517
36968612,0.3008146918561522
36968613,0.6836854258826537
36968614,0.994082547781971
36968615,0.39808116965341317
36968616,1.09905557245516
36968617,0.13724469392950708
36968618,0.2027787040872968
36968619,0.5606765335584045
36960055,0.22750547650411534
36960056,0.6881740166603505
36960057,0.5924600931147366
36960058,0.18183602772321902
36960059,0.13086578937099116
36960060,0.2090178595898089
36960061,0.3722944295357552
43429813,0.42136638965733253
43429814,0.3183350912467473
43429815,0.18863466887817695
43429816,0.15466708157425393
43429817,0.18235093038924638
43429818,0.17030873099520605
43429820,0.20194532765767262
43420192,0.22181917774376383
43420193,0.15052902070036342
43420194,0.11113628013561593
43420195,0.17340266546118802
43420196,0.39013972104770306
43420197,0.13713116418611324
43420198,0.22339620327625898
43420199,0.15229546237830818
43420200,0.18506334112378203
36975288,0.05731187900287531
36975289,0.08320685116279711
36975290,0.06111378697902765
36975291,0.07175444200696764
36975292,0.07775963205478659
36975293,0.09596216749239232
36975294,0.05211804662720292
36989147,0.0773450993827801
36989148,0.3437834690298904
36989149,0.12736136057202138
36989150,0.4362317872430129
36989151,0.1248908512506325
36989152,0.10509159587629704
36989153,0.07018653318587534
36989154,0.12222251732501054
36956572,0.1195727728728211
36956576,0.14500075344695382
36956577,0.07814251390196084
36956578,0.16769503000128008
36956579,0.2572273060604399
36956580,0.10962386156054703
36956749,0.08691520926121135
36956750,1.1874944276055086
36956751,1.1603951949286742
36956752,0.3749932075489869
36956753,0.29729759055889055
36956754,0.3128773058266305
36956755,0.29353131130258636
36956756,0.45909554978263667
36956757,0.09883591552109873
37017244,0.133894707321187
37017245,0.09721358113482077
37017246,0.1386353144168463
37017247,0.10508694228797606
37017248,0.14127489437410487
37017249,0.10473500751780494
37017250,0.1461164783874507
37017251,0.09079947061357413
37017252,0.1020986958598427
37017253,0.13000451406237928
36964951,0.21243380125670663
36964952,0.3325374242200695
36964953,0.21740819732266656
36964954,0.36561213915392715
36964955,0.18829837996905302
36964956,0.31900893083559634
36964957,0.2705694406295485
36964958,0.20908278461152724
36964959,0.2123200968746637
36964960,0.21814018146189137
36969162,1.1536619506524453
36969163,0.15424383450421783
36969164,0.2501919901117296
36969166,0.08351563940695986
36969167,0.17091391099920408
36969170,0.3685092252238211
36959558,0.2301530638366357
36959559,0.2153642914253244
36959560,0.20560054270400593
36959561,0.16115290904569743
36959563,0.15025142145108075
36959564,1.156636375183945
36959565,0.1315618114285358
36959566,0.17965746225181223
36991513,0.373397978156291
36991514,0.14276770797054175
36991515,0.3209369399943396
36991516,0.06326785024835442
36991517,0.13790804938621667
36991518,0.47070769175540217
36991519,0.11804415480892555
36991520,0.07899934691574917
36991521,0.43499571274456766
36968340,0.11549801904653292
36968341,0.6772733370658365
36968342,0.3370870528125071
36968343,0.2137556411377774
36968344,0.11000171148381986
36968345,0.08197429391374307
36968346,0.23856920317117428
36968347,0.9927862659077833
36974281,0.3127131789625212
36974282,0.2732487870636622
36974283,0.3129641911490926
36974284,0.15643082707737424
36974285,0.2750962460708208
36974286,0.2817900319895234
36974287,0.3457098341603177
36974288,0.320365681536518
36974289,0.31333463660179445
36974290,0.220793476859215
36995709,0.6800920390635815
36995710,0.19184998959957567
36995711,0.24891296037290492
36995712,0.4063588987035337
36995713,0.5204638219805997
36995714,0.7181995375272955
36995715,0.9488350313875464
36995716,0.21578655519229695
36968390,0.19703198655766319
36968391,0.1310266621374424
36968392,0.16574590787283416
36968393,0.13962873259867561
36968394,0.05772291604715579
36968395,0.11097370625725006
36968396,0.13066188230440096
36968397,0.30138968466863036
36968398,0.5857771340506864
36977456,0.19170683921849388
36977457,0.2744432701604793
36977458,0.12095964231146791
36977459,0.34122633403177427
36977460,0.29828995686135484
36977461,0.22880186213250578
36977462,0.24118845246399934
36977463,0.12169288414162549
36977464,0.2841771673515574
36955853,0.17196132368777425
36955854,0.29011287728889484
36955855,0.15749201840271398
36955856,0.1881975431700718
36955857,0.3674839903824339
36955858,0.25407954802589944
36955859,0.17392096247777647
36955860,0.28290409554660667
36955861,0.25685316068712183
36955862,0.16939808632477862
36968287,1.4022294112725797
36968288,0.17735914088239893
36968289,0.24778474202911693
36968290,1.2300053791887846
36968291,0.16787186715954722
36968292,0.14990205903574355
36968293,0.15473829791457488
36968294,0.3971951465314255
36968295,0.17700660539237809
43432992,0.4121273801398408
43432993,0.1082101569338317
43432994,0.34837343958856964
43432995,0.28592447181288233
43432996,0.28054177853729495
43432998,0.130007525936639
43432999,0.3454173740134277
43433000,0.21534264848442275
43433001,0.3398010711252266
43429034,0.17785456613683476
43429035,0.3080038029551055
43429036,0.148724125326727
43429037,1.412795296853236
43429038,0.34040011653109287
43429039,0.21452585004198596
43429040,0.2832572174002326
43429041,0.8625618531750874
43429042,0.5342129737962779
43419658,0.12942145706972694
43419659,0.7575763624317083
43419660,0.38543827237594663
43419661,0.305674942857247
43419662,0.06045700990189422
43419663,0.11407091878464544
43419665,0.1405875990086547
43419666,0.14019299497877005
43419667,0.1964940611903039
36964218,0.15063013309107376
36964219,0.11051490386887723
36964220,0.18310994505975672
36964221,0.1264483371571
36964222,0.12052240978973185
36964223,0.1228616775281145
36964224,0.21255052023063853
36964225,0.07684824430307019
36964226,0.07829663557177037
36998223,0.049062472026228085
36998224,0.19461845640840786
36998228,0.036375646877218774
36958174,0.18911298900767107
36958175,0.16291240985514902
36958176,0.12390567238396873
36958177,0.18760863071642103
36958179,0.07675238655671567
36968263,0.2113369876044395
36968264,0.3187363259588871
36968265,0.14957592355199953
36968266,0.11150383546087743
36968267,0.2688637868166525
36968269,0.16260707609708983
36968270,0.4366360487842998
36968272,0.0996036568751211
36985049,0.26978428856635384
36985050,0.3909758716621068
36985051,1.777600021826459
36985052,0.383561812452739
36985053,0.41561709254996715
36985054,0.16913471766102472
36985055,0.24248467257133346
36985056,0.12109315682902247
36985057,0.11962038004179638
36985058,0.9690745083583949
36960184,0.5064525358630215
36960185,0.19654415666419794
36960186,0.3804484917438972
36960188,0.15465529342004253
36960189,0.14213982475931644
36960190,0.13185650962199336
36960191,0.4602754344644431
36960192,0.11524815193002938
36960193,0.9778650806457078
36971502,0.14959871337234856
36971503,0.3358001573620322
36971504,0.31510171131560116
36971505,0.5615238521721099
36971506,0.2250663612094925
36971507,0.19917410257276735
36971508,0.646480308287307
36971509,0.24115998871550617
36971510,0.21644771257423387
36971511,0.3245816888773413
36969053,1.6103427174689187
36969054,0.1627239513530303
36969055,0.367447508022835
36969056,0.21949689691764596
36969057,0.25303860741579015
36969058,0.2028101592913883
36969059,0.07388433066353518
36969060,0.06769145304006842
36962054,1.3232168786178902
36962055,0.14992206501953056
36962056,0.12204184079844253
36962057,1.0445941274453119
36962058,0.678959881363004
36962059,0.9737674867878531
36962060,0.13606053860590403
36962061,0.32157292269505733
36962062,0.1372461276900186
36962008,0.09255083030589417
36962009,0.07043532466650446
36962010,0.0872032396145517
36962011,0.09086325758595436
36962012,0.07507141891462231
36962013,0.13289972910109232
36962014,0.09919848200938369
36984068,0.14620847509350077
36984069,0.32269670678466744
36984070,0.19071350113129212
36984071,0.2184104653051193
36984072,0.2671992672190791
36984073,0.11298749046697826
36984074,0.17664999399990924
36984075,0.11934209557508371
36984076,0.15556619012692907
36965079,0.09329186934028087
36965080,0.46988025331523714
36965081,0.36013592596718785
36965082,0.451389913243606
36965083,0.07793521293962623
36965084,0.4693619622110185
36965085,0.3728595048246374
36965086,0.3757309092215788
36985396,0.2494528340675071
36985397,1.6713388282479282
36985398,0.2672625920981632
36985399,0.300202291447677
36985400,0.1106817514982916
36985401,0.2544900419128938
36985402,0.5769627802248577
36985403,0.17975122976165614
36985404,0.9412921189720875
36965623,0.12238511980952615
36965624,0.22329222397929813
36965625,0.27201123199844807
36965626,0.1744769553181313
36965627,0.18289971824153967
36965628,0.23688061007798672
36965629,0.14221818758101526
36965630,0.22603633034251733
36965631,0.22764051705800997
36965632,0.27963262658829696
36967889,0.5457599476559861
36967890,1.4853128200718835
36967891,0.24539624075420552
36967892,0.13909585360638696
36967893,0.28081898615371803
36967895,0.3319565500058664
36967896,0.3108033491571811
36967897,1.723586526509746
36967898,1.355269885708138
36964904,0.07100908312287972
36964905,0.07183913627949869
36964906,0.0722298962070628
36964907,0.06965871579180301
36964908,0.06246411984614389
36964910,0.0781604592686804
36964911,0.0888770863103771
36964912,0.07188853901212852
36972932,0.10773879748168258
36972933,0.10789243907100379
36972935,0.06284341230101115
36964526,0.15768298049381768
36964527,0.24849375703236515
36964528,0.22981197296579214
36964529,0.17291809267686928
36964530,0.37973303912233297
36964531,0.14759228135870542
36964532,0.26041453228025324
36961917,0.12416162162922792
36961918,0.3674618775049166
36961919,0.0804066203652956
36961921,0.263297749190776
36961922,0.10705462526681211
36961924,0.18332023461654037
43424578,0.6584661440711632
43424579,0.2076377559073824
43424582,0.28179435590893503
43424585,0.2642548209701669
43424586,0.26278644901465265
43419404,0.29378692417074137
43419406,0.3974183243010786
43419409,0.25573341184687925
43419410,0.2869112844901608
43419411,0.36913887647135474
43419412,0.35743469162741326
36961388,0.055100160932128536
36961389,0.1656276394441532
36961390,0.21356997989686713
36961391,0.1259480216647418
36961392,0.28044527073860137
36961393,0.16506678738665165
37013690,0.19401825933933067
37013691,0.21783362606740017
37013692,0.32000349134311
37013693,0.46681310553318534
37013694,0.23216089638434573
37013695,0.20139423207208157
37013696,0.4007341864916056
37013697,0.40547478567880957
37013698,0.6191545927136746
37013699,0.3271668466350278
36974804,0.0547312098859175
37021878,0.11434030726763479
37021879,0.15310239147646737
37021881,0.12617626517476022
37021882,0.09448385589300437
37021883,0.09934504120430092
37021884,0.5150735807460384
36972936,0.04821055449820332
36974769,0.0617049903376722
36994940,0.5008711312883828
36994942,0.7482245001704452
36994943,0.23386864225059395
36994944,0.5641627212126799
36994945,0.15316015119198267
36994946,0.3460808933470182
36994947,0.16187316004794594
37021109,0.10291258646480102
37021111,0.09704813854558773
37021113,0.05420105758302147
37021115,0.061962337798772214
37021116,0.12367084487983439
37021117,0.03239608299701045
36982618,0.31795553631899603
36982619,0.09377262972577449
36982620,0.0849614935232613
36982622,0.10077343948680768
36982623,0.10202259822585948
36982625,0.07669589647162611
36975149,0.07623692716388347
36975150,0.1268155349694649
36975151,0.1991245891206288
36975152,0.09486519420234746
36975153,0.3738413052885506
36975154,0.06238174768381343
36975155,0.4716873028777777
36975156,0.09671335480705821
36979559,0.1959269660370007
36979560,0.08173901524866593
36979561,0.26085192014185343
36979562,0.8646527721001004
36979563,0.16254583280201856
36979564,0.15179889871203342
36979565,0.520717586507152
36979566,0.11902778144914836
36979567,0.10743127240671767
43419902,0.23474331956586683
43419903,0.06269991009608411
43419904,0.38289886278495333
43419905,0.193350260907379
43419906,0.06346546614333179
43419907,0.11156293793087185
43419908,0.17937359740639372
43419909,0.3470116752214226
43419910,0.28834486398451953
43419911,0.16276704699710293
36997841,0.19786801924971875
36997842,0.10845450419310304
36997843,0.2912839133829199
36997844,0.1078938065399046
36997845,0.09185907700789472
36997846,0.31495618720658497
36997847,0.061558175599764536
36997848,0.14175008685459636
36997849,0.265720601286306
36961100,0.11990180893989691
36961101,0.18104495504538345
36961102,0.16519164012763918
36961103,1.138020544814647
36961104,1.0222339637140427
36961105,0.16919336634778884
36961106,0.19933135292960877
36961107,0.5275413830682003
36961108,0.1747314853884366
36986266,0.1877006215470899
36986270,0.1827548281210389
36986271,0.2469743379907165
36986272,0.09827996956578282
36963632,0.4681390390686387
36963633,0.3571214464438388
36963634,0.19841153203348535
36963635,0.3885207950133093
36963636,0.5797122310031462
36963637,0.3661670635573255
36963638,0.556704352647147
36963639,0.14780320236859099
36963640,0.7301190316298788
36977124,0.15865342097627871
36977126,0.13516444388407947
36977127,0.06275162615868272
36977129,0.061271941593163466
36977132,0.241142628438162
36998908,0.19542326472164714
36998909,0.19359645814164703
36998910,0.3606019737100836
36998911,0.2608138927456489
36998913,0.0790461529364247
36998914,0.5582128506068459
36977289,0.08465859681706668
36977290,0.10630459927326714
36977291,0.08217150230217354
36977293,0.08196663624715692
36977294,0.09874730855616416
36969179,0.127486949807105
36969180,0.11861495548570178
36969181,0.10591556500777852
36969182,0.10595615562327158
36969183,0.16678651797125302
36963894,0.09442776242913647
36963895,0.3946547574921456
36963896,0.09619089421946894
36963897,0.09878788963370594
36963898,0.09228776678041896
36963899,0.0983537957072422
36963900,0.08503304436704091
36963901,0.10185561285040913
43424036,0.05310575018054418
43424037,0.36389271785056243
43424038,0.03670010263024809
43424039,0.07790252019228536
43424040,0.19207966523050352
43424041,0.9461026195052568
43424042,0.09308213511731109
43424043,0.18129316654173083
43424044,0.09548936596139727
43424045,0.04223636368604243
43424303,0.4065656471868462
43424304,0.24639839752116108
43424305,0.15767819470039718
43424306,0.07257520973582135
43424307,0.06193118650347822
43424308,0.053440252600463346
43424309,0.22383206938549394
43424310,1.3419290352734627
43424311,0.7313970270962041
36955882,0.1695348685767571
36955883,0.25464441319508646
36955884,0.337269132474994
36955885,0.11581478543653964
36955886,0.4671312236913561
36955887,0.2117158860316492
36955888,0.3056983064040517
36955889,0.5490132238271203
36955890,0.2605265374147199
43429289,0.1879433760966426
43429290,0.1371342706980342
43429291,0.20091927952026434
43429292,0.4102078847832866
43429293,0.31113547107095996
43429294,0.07967070667384449
43429295,0.34590246111602857
43429296,0.11788009764408575
43429297,0.11768162653147467
43426672,0.18819972826487524
43426673,0.21796562367629652
43426674,0.13423845489046476
43426675,0.7023679636861757
43426676,0.1954430718185755
43426677,0.10021473824620321
43426678,0.10788055895372
43426679,0.11315172076244888
43426680,0.5918673332271783
43425769,0.09656720190614222
43425770,0.7184827198910609
43425771,0.4146218908897321
43425772,0.12647227072721653
43425773,0.22479568939724862
43425774,0.2402055390148816
43425775,0.4858452011373786
43425776,0.14696939457372088
43425777,0.3841621605152686
43425778,0.7151629527292342
36968408,0.14964039564701806
36968409,0.9392416895782163
36968410,0.17240843280131316
36968411,0.19946268945287848
36968412,0.19592784646982198
36968413,1.4362194516814917
36968414,0.1339189221355614
36968415,0.09673089972398412
36968416,1.0872839130549026
36968417,0.13752124210786237
36975261,0.21785395485970807
36975262,0.7988978196828067
36975263,0.7528571662507829
36975264,0.31022786876700753
36975265,0.2284135830933133
36975266,0.2925811489886349
36975267,1.1586273699534415
36975268,0.6777456081456504
36991717,0.23076221781335887
36991718,0.5376855922282701
36991719,0.7587019294906543
36991720,0.18601039364084782
36991721,0.2804690139876214
36991722,0.2809579756574107
36991723,1.249880052467196
36991724,0.19523909601291892
36991725,0.23386030362437246
36995073,0.0817212433431784
36995074,0.0925081785054458
36995075,1.4759067493981286
36995076,0.16103523893088595
36995077,0.10748280051227632
36995078,1.4441078155026885
36995079,0.36918309861980886
36995080,0.10760641664074444
36956995,0.07365118532379011
36956996,0.3698230727768382
36956997,0.0812774517110154
36956998,0.11579527370929699
36956999,0.0771785884313681
36957000,0.21021067337618377
36957001,0.8159144797689674
36957002,0.10430196740987048
36957003,0.1323486951498874
36957004,0.10251557332599404
36961066,1.0820526643530075
36961067,0.07795011814227247
36961068,1.003477634037889
36961069,0.09555882173578482
36961070,0.13660047027285302
36961071,0.06813471944498316
36961072,0.26636225700308086
36967156,0.6027573248732441
36967157,0.16687361369706677
36967158,0.48348777392466824
36967159,0.18639661690080725
36967160,0.2888304774326504
36967161,0.19304753278935632
36967162,0.7380363270328427
36967163,0.2622340545937349
36966344,0.07467065923061691
36966345,1.453189681167546
36966346,0.8768451520017677
36966347,0.0697277567170623
36966348,0.08046076508909893
36980946,0.2261482991806596
36980947,0.09552415691327173
36980948,0.2699935440170932
36980949,0.24179055898262578
36980950,0.7019939185149151
36980951,0.4979781767361361
36980952,0.16357330992966704
36980953,0.34007441259207255
36980954,0.6001289790431505
36980955,0.3993833819434884
36965239,0.12240493580515148
36965240,0.14937704026643225
36965241,0.11238588872801412
36965242,0.06373058117852638
36965243,0.17708845052415015
36965244,0.14651082201589008
36965245,0.14539691193190815
36965246,0.11011332829147889
36965248,0.08247939676961616
36962649,0.12183037113654542
36962650,0.12304151485206473
36962651,0.08872333901376503
36962652,0.15996828751847295
36962653,0.294434442411662
36962654,0.15377901124818377
36962655,0.5945434951742288
36962656,0.1511030112061903
36993003,0.14121184091791678
36993004,0.26919639598846223
36993005,0.5648182891173761
36993006,0.16247652092480494
36993007,0.4722577327094991
36993009,0.5057806031488237
36993010,0.36504235542816754
37023089,0.2809792605737373
37023090,0.08329505519881793
37023091,0.13648575371319482
37023092,0.2074374164969377
37023093,0.2947901218889438
36988177,0.24567136915762472
36988178,0.3491296094683612
36988180,0.5163219497503918
36988181,0.2758017554157066
36988184,0.4926192313505792
36988185,0.20709175024998078
36988186,0.5597200179540901
36961816,0.2628679275460256
36961817,0.11805607941612274
36961818,0.6211905032078923
36961819,0.3309600858169125
36961820,0.15127292502951667
36961821,0.07656497123663024
36961822,0.43802106188776196
36961823,0.3931412469298372
36961824,0.3699824970011528
36961825,0.28073377122254284
37020400,0.15218350438040112
37020401,0.8175267173375759
37020402,0.27365915539422636
37020403,0.1793401765443867
37020404,1.1216369315735406
37020405,0.22762067232275437
37020406,0.220662548135966
37020407,0.17411423992212355
37020408,0.16048007539162104
36963380,0.13514037892864209
36963381,0.1427478457830515
36963382,0.11896451702251618
36963383,0.0958156987423479
36963384,0.15878430582866623
36963385,0.10957221687104629
36963386,0.19169923189796853
36963387,0.4065994092043799
36963388,0.16307946689878589
36963389,0.15214577152945896
36976242,1.3914034956764791
36976243,0.3410308538413756
36976244,0.3051103766958781
36976246,0.810510178437351
36976247,0.3164100589357497
36976248,0.2839648313288225
36976249,0.35910553854964655
36976250,0.34288624741318374
36955982,0.1651835226931948
36955983,0.23394505933208698
36955984,0.2855597052872829
36955985,0.08067333964813662
36955986,0.09071741054411092
36955987,0.2875304980371894
36955988,0.1507628068147376
36955989,0.21064315116514495
36955990,0.415141315711929
36955991,0.17780055302884673
36959772,0.09972092748197717
36959773,0.18432995657387907
36959774,0.05855010007623188
36959775,0.06523020963863385
36959776,0.1805712786452607
36959777,0.4403801722606534
36959778,0.07109696129058497
36959779,0.2819552048361478
36959780,0.05057767548325787
36959781,0.21755271942791
43426635,0.14778186171641844
43426636,0.44408524226593765
43426637,0.14387762426100292
43426638,0.19702558022831818
43426639,0.1608993232166256
43426640,0.15622783630975012
43426641,0.22114471850293496
43426642,0.6933750737571671
43426643,0.5647211204975902
43426644,0.23351858867386077
36992419,0.3485090967888842
36992420,0.12256866341872442
36992421,1.2263282706332355
36992422,0.06700948750260034
36992423,0.14839919120917286
36992424,0.2426714258597332
36992425,0.08967684485026842
36992426,0.0705523965832641
36957393,0.15602943777265896
36957394,0.13573044232043316
36957395,0.15358353455241056
36957396,0.1119303147591668
36957397,0.30638014076063874
36957398,0.29211249942068934
36957399,0.1650685476718831
36957400,0.21200697734450394
36957401,0.19133927815825558
36957402,0.10808230311685657
36975076,0.09105514382055085
36975077,0.09427602492725128
36975078,0.09129307961548135
36975079,0.10059034452460895
36975080,0.09094391249468113
36975081,0.08697331821065449
36975082,0.08519819151244296
36975083,0.10454366691226653
36975084,0.09216866446533238
36975085,0.11211052001982834
36968230,0.6650374752616477
36968231,0.1896887926049838
36968232,0.113251135676794
36968233,1.1683746557735573
36968234,0.10628621132280616
36968235,0.08658113765496815
36968236,0.08511232908962325
36968237,0.5288237048072582
36968238,0.19357443729412366
36966237,0.054612796450039254
36966238,0.12585114212520307
36966239,0.04485062596391909
36966240,0.05539435266936884
36966241,0.3471149269859598
36966242,0.11706365898710927
36966243,0.23281266392309496
36966244,0.08076015442826491
36966245,0.09335018791734122
36966246,0.3331280929925036
37023061,0.5799767711549414
37023062,0.19512020916779554
37023063,0.5181869884906626
37023065,0.1023413569179703
37023066,0.12307179501584455
37023067,0.7762980395225038
37023068,0.08309804892903092
36956775,0.2249274067957291
36956776,0.1548139261655603
36956777,0.18118597763684724
36956778,0.17198967506031113
36956779,0.1425303483574716
36956780,0.2954301409215447
36956781,0.2523210962186972
36956782,0.21642329224017814
36956783,0.6587738763892009
36957866,0.26121885745713147
36957867,0.10263310855058223
36957868,0.645590536050383
36957869,0.11939817892123541
36957870,0.17948096616957887
36957871,0.09811943013113707
36957872,0.09791215805258387
36957873,0.15125359518340636
36957874,0.18363657180112367
36963961,0.09260088869700638
36963962,0.12452121471505505
36963963,0.1927654531967816
36963964,0.07440756166931824
36963965,0.15872446140180568
36963966,0.14564319859788222
36963967,0.1658262576194883
36963968,0.09623014556136363
36959398,0.14993177842505906
36959399,0.1329889923641225
36959400,0.11475409713559596
36959401,0.23453497972565415
36959402,0.13759097616216165
36959404,0.33348034939841126
36959406,0.10522726492089877
36959407,0.37861373084391414
36996064,0.05390085945568528
36996065,0.11994030211338323
36996066,0.3841153363149088
36996067,0.08368651797295723
36996068,0.18614293241374794
36996069,0.49876261681221584
36996070,0.15414600929930605
36996071,0.5418442852184344
36996072,0.7453253531684171
36956628,0.14632819843573433
36956632,0.34780519527951037
36956633,0.0780280218998824
36956634,0.12640082359173832
36956635,0.1223951491599052
36956636,0.07195584437446059
36968704,0.12133032374987998
36968705,0.6199929716685033
36968706,0.19490461242884502
36968707,0.09590123348890352
36968709,0.3082627581557952
36968710,0.23177380362467395
36976561,0.07558772291321356
36976563,0.1001644759738005
36976564,0.07440017446379671
36976568,0.8721569649929196
36976569,0.8980628647404223
36987598,1.0551534893436048
36987599,0.18584044873870065
36987600,0.7416928634624067
36987601,0.4744181686252947
36987602,0.09142075640998949
36987603,0.9669029882477369
36987604,0.8590221615084703
36987605,0.5326296031701389
36987606,0.404367810509463
36987607,0.15179014991499104
43420585,0.3316136356600138
43420586,0.17452261744607403
43420587,0.10949776572551687
43420588,0.16122630450013328
43420589,0.2082980836474881
43420590,0.09941952558385582
43420591,0.5081710858660479
43420592,0.8185494088153346
43420593,0.17096649281479032
43420594,0.10358725862311564
36961535,0.1841171094929933
36961536,0.09536472783560336
36961537,0.10530044253666564
36961539,0.11175451583284969
36961541,0.22366305692698693
36961542,0.14420253730099464
36961543,0.11575180618573543
36961544,0.12742676010283305
36965754,0.11983485301466508
36965755,0.09890737723406648
36965756,0.18496767034783904
36965757,0.08423424996487008
36965758,0.1438260070851679
36965759,0.11122441299560676
36965760,0.26030638914584936
36965761,0.3204799966328293
36965762,0.07300382147300483
36965763,0.07524779153350575
36960265,0.17253466229947467
36960266,0.8358842775037679
36960267,0.3107087200349528
36960268,0.1404246506815955
36960269,0.639262299565554
36960270,0.20207841250174044
36960271,0.1350165794762358
36960272,0.10229690249959274
36960273,0.11696181087909505
36968990,0.14060861200114155
36968991,0.05677341009511662
36968992,0.058721264207189455
36968993,0.11038770062666443
36968994,0.08091239550829629
36968995,0.07823192807046828
36968996,0.11708593749554036
36968997,0.19724898520851433
36958866,0.21359118081110312
36958867,0.3499310127928666
36958868,0.1896874763566141
36958870,0.400181745173479
36958871,0.17283216938524473
36958872,0.10828310118247306
36958873,1.013514981991654
36975837,0.11273574934748433
36975838,0.1979586339673466
36975839,0.08261100790928216
36975840,0.23105705259521533
36975841,0.09455881449428344
36975842,0.0810621029639714
36975843,0.08524761756428835
36975845,0.3870169107693663
36975846,0.14953843509634018
36967117,0.10427999446862628
36967118,0.19477827098130507
36967120,0.14081768987194238
36967121,0.10242632871417919
36967123,0.15090416244616184
36967124,0.13613622888145888
36967125,0.11041530591438715
36967126,0.10934034317731654
36977853,0.15009149950505712
36977854,0.0657384689559951
36977855,0.10546339891301634
36977856,0.12060781892426764
36977857,0.19285572833448453
36977858,0.32418111345179235
36977859,0.11671976672314045
36981119,0.32196433149546816
36981120,0.155288543707382
36981121,1.4086641112784979
36981122,0.17559492213176572
36981123,0.14122627608475224
36981124,0.6156260489242292
36981125,0.14799632266785714
36981126,0.13701462773746367
36981127,0.19417609871409075
36956057,0.09546835973608934
36956058,0.08090775185175225
36956059,0.10129724016273936
36956060,0.09923675909578329
36956061,0.10044834109246398
36956062,0.08118497844552049
36956063,0.09403144168265944
36956064,0.1675545449499101
43430483,0.45950533025158646
43430484,0.29243597789255493
43430485,0.30453537516780543
43430486,0.29939357100777203
43430487,0.3597449234683141
43430488,1.367353121258142
43430489,1.2203569470314657
43430490,0.2922172263628549
43430491,0.20250911905531754
43430492,0.24222808775509772
37019283,0.1458955152937338
37019285,0.16952311488397256
37019286,0.15234900713872948
37019288,0.1593140878528204
37019289,0.19443668288178112
37019290,0.1063940519148127
36981341,0.09752461494845815
36981342,0.1106956724194963
36981343,0.08056276515903867
36981344,0.4720572317970805
36981346,0.10273668460953171
36981347,0.08567601909192774
36981348,0.09779068604925793
36981076,0.15991853623690022
36981077,0.14812799352554443
36981078,0.1883566501708365
36981079,0.29739732529580737
36981080,0.2829682204594119
36981081,0.21085875147018546
36981082,0.14115157902860367
36981083,0.10366398547177244
36981084,0.16858759724780623
36989314,0.22911510664661397
36989316,0.2200321456357734
36989318,0.07361218235953079
36989319,0.07772985600987427
36989320,0.469941766736565
36989321,0.34898815000454675
36989322,0.3027732930387012
36989323,0.47192644779871007
36983518,0.18236265160672163
36983519,0.22470173388594525
36983520,0.1976250775801005
36983521,0.4655680420470971
36983522,0.3181620591078369
36983524,0.07137618978165547
36983525,0.462461358786507
36983526,0.3537856596363871
36983527,0.0822676894056616
36975900,0.21931083466458062
36975901,0.08210299844618645
36975902,0.15615309680097086
36975903,0.284603227368004
36975904,0.7543042671410312
36975905,0.08758480171309262
36958021,0.12501211411362467
36958022,0.12705009736630524
36958023,0.14813032325509753
36958024,0.3499142062930588
36958025,0.3256326008700899
36958026,0.10737418124985311
36958027,0.22857957296617307
36958028,0.12516327350788187
36958029,0.2630838483487179
36958030,0.1435362641745793
36963238,0.10839578042986844
36963239,0.2666580630161695
36963240,0.10276139803418916
36963241,0.3107754141779289
36963242,0.19954860037808364
36963243,0.1228858460942501
36963244,0.23616054692258837
36963245,0.6431150439880746
36963246,0.10319552421774734
36963539,0.6647520973934553
36963540,0.24640023787574367
36963541,0.8558261860748839
36963542,0.7243793207594945
36963543,0.767515550409968
36963544,0.17394419056256843
36963545,0.1172200822830114
36963546,0.7076447082925152
36955901,1.302854618896958
36955902,0.11023220158563932
36955903,0.3380698002452264
36955904,0.2470047081493935
36955905,0.16379702300197618
36955906,0.2604305209930613
36955907,0.3785663658320447
36955908,0.13740803952032976
36955909,0.1679314975124513
36955910,0.3478593022632073
36959749,0.38641697322824725
36959750,0.12760573259664967
36959751,0.17315453587179472
36959752,0.2002923835574385
36959753,0.18512839830242547
36959754,0.12418397034452142
36959755,0.14952132162312276
36959756,0.6340912375293946
36960072,0.11029631796893151
36960073,0.20175427768660673
36960074,0.1203148392063827
36960075,0.7422108588040325
36960076,0.45390554563124375
36960077,0.9155196799840292
36960078,0.08166156474939665
36960079,0.21805875927742197
36989553,0.08751221963862518
36989557,0.0840206980806779
36989558,0.08491571928344718
36989559,0.08371382988237347
43426807,0.15856079952545507
37020071,0.05193838406315133
37020076,0.05634797969348772
36988423,0.09898305500194528
36988424,0.09055575676471325
36987117,0.10500770664431473
36987118,0.1363052807032976
36987119,0.07653711542112686
36995297,0.08480127766831864
36995298,0.0857309117544429
36995299,0.06733739410797923
36995301,0.06679441533480282
36981228,0.25760404772521067
36981229,0.2319385627886188
36981230,0.18892618670152156
36981232,0.24216092659558214
36981233,0.09597024529987576
36981234,0.15834431488352463
36981235,0.1881317305135401
36991356,0.22640733028557725
36991359,0.20623693197535636
36991361,0.20615193286779301
36991365,0.2270572041125808
37022577,0.08193695267778335
37022578,0.0655578889145511
37022579,0.0656185446908004
37022580,0.0833070868178766
37021888,0.15224703270114556
37021889,0.14437194835920172
37023811,0.12543918163586637
37023812,0.11200050991951946
37023813,0.15029811059592427
37021403,0.12769750611216998
37021406,0.5099538297002579
37018498,0.45146288278821783
37018499,0.5130849650205102
37018500,0.4511710682301171
37018501,0.5605266200131748
37018506,0.5148881773694948
36984052,0.19594586024821525
36984053,0.2398831766882532
36984054,0.2707876274321682
36984055,0.3645362418200466
36984056,0.3719952998918702
36984057,0.17902908078777952
36984058,0.3303266875423197
36984059,0.25744901902682316
36968189,0.5640335555964192
36968190,0.1350655509414207
36968192,0.11349685513433261
36968195,0.13809632796475943
36968196,0.15549277400162279
36968197,0.1483852948058024
36968198,0.11298262890947257
36996178,0.10314129572145235
36996179,0.15043962727833637
36996180,0.09555190417709818
36996181,0.10975311043423149
36996182,0.14406062057460128
36996183,0.10969085866229593
36996184,0.14922483295911854
36988087,0.16051932667555396
36988088,0.9649190196991655
36988089,0.15342674931192596
36988090,0.08962754827217861
36988091,0.11275879911884665
36988092,0.17805314357638533
36988093,0.18130835196571146
36988095,0.2042861161183723
37023809,0.04814156960554122
37023810,0.051326883252302044
36987065,0.14427188847880368
36987067,0.18581177298520038
36987068,0.13145281901058273
36987069,0.16978291988681524
36987071,0.1823792007812953
36987072,0.1855281010602244
36987073,0.15855988056234102
36977088,0.6689210300730968
36977089,0.17592448012409545
36977090,0.2779840811541402
36977091,0.7064444503437477
36977092,0.7092065502876307
36977093,0.35489892032393566
36977094,0.33616941422163216
36977095,0.3697431786039224
36980213,0.1223543908468531
36980214,0.2689394553388261
36980215,0.19146299120757093
36980216,0.2156437638500633
36980217,0.24445046341172272
36980218,0.2601504419064091
36980219,0.19341004938684253
36980220,0.24454600095915746
36980221,0.24769582672550775
37009207,0.13038872882411412
37009208,0.2176736862045918
37009209,0.1584135204303398
37009210,0.25798761514657925
37009211,0.7656847543756861
37009212,0.15505534572944496
37009213,0.24088008864917368
37009214,0.49818037876779525
36996782,0.2374160552108193
36996783,0.23549774992995104
36996784,0.1978934888533537
36987826,0.15295291457094837
36987827,0.1513384773336779
37023804,0.15444493700259548
37023805,0.1543146618249149
37023048,0.08467749681997717
37023049,0.09967201615048524
37023050,0.03964435665281295
37023051,0.09938535538024185
36994769,0.17503800959752444
36994770,0.06600395060546313
36994771,0.04290032708564316
36998371,0.197376135283368
36998372,0.1671824743454758
36998373,0.17631107808638957
36998374,0.19865782790039188
37019857,0.1834523433537715
37019858,0.14704631632750734
37019859,0.2181312081188085
37019860,0.15317638106170112
37019861,0.16813082484701816
37019862,0.15717601235947612
37019863,0.15337067883806507
37020820,0.05008691652681652
37020821,0.04621470792373331
37020822,0.04323585773210967
37020823,0.05120251804746572
37014892,0.2254203365646625
37014893,0.635202420695387
37014896,0.6470845627590716
37014899,0.39316464371830906
37014901,0.37952014299669773
36987893,0.3741723098475873
36987894,0.3163989952262929
36987896,0.2967465558079342
36987897,0.3151505409079633
36987898,0.5742043674818395
36987899,0.5496996041586777
36987900,0.2992896217794642
37022108,0.3875377864575865
37022109,0.3473700702177264
37022110,0.2897580204069827
37022111,0.33316256723026516
37022112,0.39823176118752934
36998190,0.09963702333844633
36998191,0.09790477715454612
36998192,0.10825461293338147
36998193,0.12016928700359833
37015867,0.4796364283831613
37015868,0.09277970892141912
36963496,0.07492842159390695
36963497,0.05178207078094085
36963498,0.05516522378060228
36963499,0.06090918288271759
36963500,0.04965774556752609
36963501,0.049228420565716836
36963502,0.05183172969093229
36963503,0.068860665637703
36985002,0.3857215725401371
36985003,0.20430263674212581
36985008,0.25420765843748544
37009928,0.052212603459948444
37009930,0.11128602437475327
37009931,0.14781313593096593
37009932,0.14164837342608902
37009933,0.05220179993792656
37009934,0.175297588777459
37009935,0.05672884933870134
37009936,0.12540144142045284
37009937,0.08238587467819362
36995546,0.16110787630195436
36995547,0.0856548450294163
36995548,0.1660568458790347
36995549,0.28540425237812
36995550,0.09037576092003893
36995551,0.081612071724648
36995552,0.33478564040964565
36995553,0.1486599768870872
36995555,0.05141583152473555
37013881,0.08013896903762131
37013882,0.08814485302503755
37013883,0.08402398261564654
37013884,0.08683347401663179
37013885,0.08340468855874503
37013886,0.07741220990448991
37013887,0.0790298429281287
37013888,0.08447117960194915
36997060,0.16881247533115193
36997061,0.19730018388026138
36997063,0.24123303588683503
36997064,0.18322037495901794
36997065,0.18988665179158806
36997066,0.2013399666511624
36997067,0.22687871063208587
36995030,0.28311106593976515
36995031,0.16259063719946007
36995032,0.1336204575917654
36995033,0.25996551770825804
36995034,0.3974216324796286
36995035,0.050622333111153425
36995036,0.10085413950574143
36995037,0.08645534868652005
43428428,0.12544657331633857
43428429,0.14086843521269085
43428431,0.1720780139469376
43428432,0.1480162379813573
43428433,0.16671595319979204
43428434,0.12485963287345786
43428435,0.15440861007719553
43428436,0.12961824956446732
43428437,0.13598620648727033
36995828,0.1191759795914303
36995829,0.147837578909379
36995830,0.28551110409633584
36995831,0.3852390879316984
36995832,0.46851415036112176
36995833,0.15042078033066453
36995834,0.11438372192726486
36995835,0.27747464578105685
36995836,0.26509076510649554
36995277,0.10472956986440649
36995278,0.17570591510272557
36995279,0.20290576797219342
36995280,0.19516071992009631
36995281,0.1208902493241602
36995282,0.08320144952166061
36995284,0.2180881042479837
36995285,0.11273310250040239
36961305,0.04433284449803434
36961306,0.04290492033073957
36997421,0.09551533654870879
36997422,0.08017135567882457
36997424,0.10959903318008729
36997425,0.18945549794491806
36997426,0.19183348846838816
36997427,0.6104011486780286
36997428,0.17657164363003813
36997429,0.10924129895419787
37021587,0.033807553099915635
37021588,0.03627969888077723
37024143,0.14809013408037952
37023801,0.062266856959639946
37023802,0.06105055462606437
37023803,0.06097262214502033
36988036,0.3042055841723864
36988038,0.33908797520619177
37018917,0.08151622862140097
37018918,0.0997578613542599
37018919,0.11871295562239784
37018920,0.10442427711768515
37018921,0.08010925591602759
37018922,0.11372498298444422
37018923,0.1220223968212883
37018924,0.0842216481583961
37018925,0.08573900638990914
36958143,0.32956025819337337
36958144,0.22198816254613718
36958145,0.3333335787406279
36958146,0.2901416264160387
37021028,0.08524908387355293
37021032,0.5324962901355805
37021034,0.5387050620440393
37022732,0.5322307176243897
37022733,0.322233582392998
36958340,0.1132305314177981
36958341,0.1503106976484854
36958343,0.14319503758381427
36958344,0.11273380269022197
36999067,0.37760263956122825
36999068,0.36575139517988253
36999069,0.3042490460304713
36999070,0.3522602523441112
36999071,0.09325256592166303
36999072,0.6495127986119986
36999073,0.2505990753880125
36999074,0.4524227667797525
36961871,0.06761837850560039
36961872,0.07525870423381636
36961873,0.0713104950561251
36961874,0.05794152853344708
36961875,0.05690638619869276
36961876,0.07145442660505644
36961877,0.0801205044929616
36961878,0.06545133634013577
37020237,0.1669162765795038
37020238,0.16601731302189815
43419066,0.5789070348822901
43419067,0.36253114760342436
43419068,0.2850973221299612
43419069,0.25195475047706
43419070,0.3626636954551869
43419071,0.27673517320615154
43419072,0.3768506498504606
43419073,0.25543952479977683
37022501,0.6324067048005935
37022503,0.2699138823382013
37021978,0.21830548547278494
37021979,0.22509136352073914
37021981,0.21167952577534513
37021982,0.2333783549235887
36982118,0.05342288113889086
36982119,0.11874534856358528
36982120,0.04358094555979351
36982121,0.23359296845188482
36982122,0.36462473264419565
36982123,0.19816907771532308
36982124,0.054867062950735915
37022885,0.20546794511032268
37022888,0.17113434074837156
37023355,0.16794432109009944
37023471,0.12834674492851816
37023472,0.1054751406502119
37023606,0.20759340753865835
37023608,0.280765833587566
37023610,0.21452110793441967
36980823,0.07642902706099333
36980824,0.08022286213479708
36980825,0.07837098189051123
36988630,0.5388962769615835
36988631,0.1593507018151075
36988632,0.7555135567193095
36988633,0.6181849318369689
36988634,0.2228233165396464
36988635,0.12595336595436116
36988636,0.0749086449132935
36988637,0.16989840534652198
36988638,0.10090182990207187
36998529,0.09395087896186956
36998530,0.09694396890132082
36998531,0.0874326132727247
36998532,0.08566730338350129
37013409,0.14260850358582308
37013410,0.14637026577483828
37013411,0.13779319767052556
37013412,0.16998155720643005
37013413,0.165637001100779
37013414,0.16290521134184288
37013415,0.1932740098765054
37013416,0.16347579511305999
37013417,0.12731517063426756
37013418,0.5107712220277884
36986521,0.5298477310493644
36986522,0.5443174590355212
36986523,0.16469943887997193
36993952,0.19624735184333922
36993954,0.2621958157315666
36993955,0.21328325720220107
36993956,0.18988383051584895
36993957,0.2730730317376982
36993958,0.20141165792347385
36993959,0.2905866894864705
36993960,0.24960613584084668
36985805,0.1018696860502085
36985806,0.11173414554537538
36985809,0.13604634644857885
36985810,0.12293100745130651
36985811,0.7962449750182886
36985813,0.36022750335578274
36997582,0.11223370020812634
36997583,0.23118607648296577
36997584,0.11717802371904693
36997585,0.10961012215229891
36992743,0.2473322647898903
36992745,0.11661005350356196
36992746,0.10996110869254766
36992747,0.1547915709236584
36992748,0.25006223393558846
36992749,0.18673260074723305
36992750,0.1707951603310345
36992751,0.16883577197034982
36983050,0.13181675367370738
36983051,0.5690112430429269
36983052,0.12181764563823967
36983054,0.47010721224648333
36983055,0.09658853671598079
36983056,0.4685961607833319
36983057,0.45106303952406673
43427175,0.5804765791812702
43427176,0.5528826993815046
43427177,0.4678436510004208
43427178,0.9262457345620526
43427180,0.5772108449085788
43427181,0.8952088458788073
43427183,0.21393250215808549
43432073,1.0224301726521832
43432074,0.22757613181219746
43432075,1.1170387645078983
43432076,0.8032236123226154
43432077,0.7514904207045926
43432078,0.8738690159563832
43432079,0.5049700380213826
43432080,1.3854882873252148
37013496,0.9311408709664688
37013497,1.025032259530254
37013498,0.338568344711958
37013499,0.2923984640497208
37013500,0.38295290553232897
37013501,0.972391662480292
37013502,0.9667142293421889
37013505,0.1961347312562436
36977933,0.7980263301179935
36977934,0.1449331624056243
36977935,0.5801274067903726
36977936,0.33376629205150876
36977937,0.5313592015092503
36977938,0.6494510114772776
36977939,0.3024209409075481
36977940,0.34787131027704
36977820,0.4376784530896628
36977821,0.058183914047937754
36977823,0.06118648731228094
36977824,0.19974794460090176
36996712,0.12662563412653788
36996713,0.12739198395971485
36996715,0.05970231420947874
37023285,0.444444228052912
37023286,0.19486155538184588
37023287,0.19944946540678704
37023288,0.20160858717186772
37023291,0.42254721713365384
36988577,0.18093151079499095
36988578,0.17872907840875535
36988580,0.16777129440467584
36988581,0.13267610923090536
36988582,0.09334833858526798
36988583,0.09238387742886123
37020987,0.3173089807228281
37020988,0.3295435301368062
37020989,0.21913194147429368
37020990,0.3275175856984244
37020991,0.2169554178238263
37020992,0.2709068849459339
37020994,0.2976308340628285
37020995,0.1998229512700001
37020431,0.4366153295654085
37020432,0.3825644125074444
37020433,0.41559135745725023
37020434,0.4304874757340735
37008477,0.17281154964669007
37008478,0.168013735469459
37008479,0.16023037699216952
37008480,0.16509465861321304
37008481,0.17059164045023906
37008482,0.17832688373356062
37012769,0.1512150282075804
37012770,0.16750741940948408
37012771,0.17121001665335545
37012772,0.16592568479389666
36978331,0.45672399216339593
36978332,0.15679537689143927
36978336,0.4138133112885179
36978337,0.45954458612800775
36978339,0.4237971292253622
37015114,0.07346821236148159
37015115,0.0814839333329481
37015117,0.1573465305430589
37015118,0.16674190153868107
37015119,0.19994261834104224
37015120,0.08518123853404248
37015121,0.25004918047836827
37015122,0.2048758063560255
37024279,0.11931550674021343
37024280,0.12142043679757895
37008866,0.48875226950799305
37008867,0.60359351694197
37008868,0.43969749174802036
37008869,0.3868838414747629
37008870,0.49805343065122565
37008872,0.8197625416896963
37008874,0.6191700904789849
36996429,0.4953058626757223
36996430,0.1119258818913573
36996431,0.21032661928644572
36996432,0.20322291679183216
36996433,0.10996148167669227
36996434,0.24404691967877054
36996435,0.1563523600270641
36996436,0.6642772247259969
36996437,0.21022591936390664
36996438,0.5324953431744184
36986870,0.18438749672241708
36986872,0.12740146101524139
36986873,1.5721629285147505
36986874,0.09936426981176187
36986876,0.12939230215441425
36986877,0.2649114749469626
36998866,0.4536751107202792
36998868,0.4440120653553975
36998872,0.4760452095018153
36998873,0.49325616314134596
43433203,0.15707585174605876
43433204,0.19021866018821876
37020887,0.37647988574638946
37020888,0.2763203296341006
37020889,0.34899014394019234
37020890,0.3025331607255799
37020891,0.4192364212550449
37020892,0.3194282884434086
37020893,0.28203478275823834
37020894,0.3627245853369576
36997746,0.09810392360795533
36997747,0.10637594849240312
36997748,0.11443876554529434
36997749,0.10009199968175618
36963316,0.16281622374243088
36963317,0.13211354216839635
36963318,0.15360913166477494
36963319,0.12880325650752347
36963322,0.1544896592895648
36963323,0.12134190356656958
36963324,0.1923980291372926
37024013,0.041281990293098536
37024014,0.04778497885849507
37023699,0.07326621825757175
37023700,0.08235141639229589
37017911,0.0822351298819448
37017912,0.11358376723740934
37017913,0.11078443163221488
37017914,0.09263588684401897
37019782,0.05913656119285482
37019786,0.10268912757042643
37019787,0.14559470533550975
37024389,0.05422822214314263
37020518,0.07709232905066754
37020519,0.12648720306514344
37020523,0.08184307153431392
37014199,0.07904041014360912
37014203,0.5602668185901514
37014205,0.0497922010911967
37014206,0.04970800693030569
37024193,0.32452164739203926
37024196,0.2311231955211372
37021438,0.8369411721110359
37021440,0.3566205517835442
37021441,0.30797201947882846
37021442,0.2844471323710896
37021445,0.21058050331754719
37021446,1.6352231399739994
36985683,0.1809438289823927
36985684,0.5388934818751798
36985685,0.15036487953266187
36985686,0.10273811108258607
36985688,0.45209325706204884
36985689,0.2172073360678211
36985690,0.312869514847361
37022055,0.07651237564427359
37022058,0.19382949348085796
37022059,0.1330240236406145
37022060,0.06337922771956968
37022061,0.10222791439338973
37022062,0.1726622694757763
36999387,0.3645069507377038
37023525,1.0013442649181619
37023526,0.2882864418310165
37023527,0.24607804261142852
37023528,0.12991262063180936
37023529,0.5948491510543585
37023530,0.1773701093887554
36964632,0.15195718710820938
36964633,0.1805952197030025
36964634,0.19200248008722576
36964635,0.08500380981693567
36964636,0.08955385466546326
36964637,0.14446281697779267
36964638,0.12438296144707114
36964639,0.3439188701382954
43433191,0.10719261420506038
36987742,0.09419930561503334
36987743,0.08355870326578729
36987744,0.07185265407827464
36987745,0.05401262866256372
36987746,0.08351538414224645
36987747,0.07735547677173246
36987748,0.058747538824283956
36987749,0.06354594899552589
36975245,0.08205401768117558
36975247,0.07324780869520991
36975248,0.07680403628021336
36975249,0.0724849797742195
36975253,0.4627480995298041
37006406,0.12255444609299873
37006407,0.2742889727277187
37006408,0.26255849175894214
36993011,0.44688545993656387
36993013,0.68960530351246
36993016,0.08226554524636341
36993018,0.14523141685830676
36993019,0.10107092693483931
36960465,0.09174214131649293
36960466,0.24390320378561062
36960467,0.2135104396280678
36960468,0.08928296104248154
36960469,0.27331017906678573
36960470,0.18443910415260723
43427141,0.23114303829688573
43427142,0.17098216744466221
43427143,0.3592149735612375
43427145,0.2627093756843624
43427146,0.2436517953912685
43427147,0.15332782572733059
43427149,0.2544219549305173
36973515,0.0880494386093495
36973516,0.13124422665868699
36973517,0.17805792037936305
36973518,0.2397863871371478
36973519,0.1545038246034747
36973520,0.2406585733870899
36973521,0.08731338407298196
36973522,0.06692583310000438
36973523,0.14494234590812827
36973524,0.3930622831327442
36993374,0.17314766734082596
36993375,0.17631464291373694
36993376,0.1380147432227424
36993377,0.11678329500434464
36993379,0.11436551690371312
36993380,0.13857684146582808
36993381,0.12847975105610704
36993382,0.13659134303927745
43430731,0.07928414944375438
43430735,0.07904616619007515
36988838,0.08479981025496837
36988841,0.4203822742734786
36988843,0.24217924647146274
36988846,0.93288164584269
36980729,0.1290476267763598
36980730,0.4057720610412715
36980731,0.2130431598816936
36980732,0.17415948977769433
36980733,0.17763975365057025
36980734,0.15775113685618752
36980735,0.41900625669390323
36980736,0.11699632278298473
36980737,0.14055827389449063
43426250,0.8107933901387833
43426251,0.40390663371820257
43426252,0.8752736250775383
43426254,0.5626843941386325
43426255,0.6301918574584622
43426256,0.4977226938849129
43426257,0.3858846015340304
43426258,0.560210929045074
36979019,0.08145220492477394
36979021,0.0592980515843694
36979022,0.2014572570225401
36979023,0.07189510528377
36979024,0.1521334800813291
36979025,0.17500393336679543
36979028,0.15366602131271076
36978043,0.36456129407258103
36978047,0.185421503898737
36978049,0.3720697443105389
36978050,0.11495501780953771
36978051,0.11729851721173169
36986640,0.6309397341709321
36986641,0.2984630532504044
36986642,1.4677003507083097
36986643,0.3494858360962462
36986644,0.12203394445462552
36986645,0.38812605534407646
36986646,0.45915451215905595
36986647,1.249230377507391
36986648,1.6988541990917465
36985017,0.17932895696014042
36985018,0.18700767039762195
36985019,0.22171211762648937
36985020,0.0924644757961517
36985021,0.1716608507656419
36985022,0.1747097836204792
36985023,0.4041281111803899
36995332,0.08669881362361757
36995333,0.0811704082939451
36995334,0.09031155116457446
36995335,0.07424816678674696
36971047,0.18321042000312465
36971048,0.1380108680775715
36971049,0.19361893355464244
36971050,0.10446740057806098
36971051,0.16517242202357751
36971053,0.0594801356830063
36971054,0.10313653321898182
36971055,0.15032490014852393
36971056,0.20473426153376678
36997936,0.25061202529922283
36997937,0.2478545719685958
36997938,0.2832087841219198
36997940,0.4537584506901016
36997941,0.27333199904561717
36990689,0.434605680747594
36990690,0.18238837456987805
36990691,0.2980670635010269
36990692,0.27402148293553763
36990693,0.25633337282913793
36990694,0.17339268166773747
36990696,0.33692387115436834
36990697,0.5486910865911456
36976532,0.19300288516666791
36976533,0.2308452598401629
36976535,0.18974042664913718
36976536,0.26971843701567433
36976537,0.20237526124365623
36976538,0.18615393997049082
36976539,0.2191125398078105
36976540,0.22956243645742283
36976541,0.46696725953189133
36976759,0.1407316731983551
36976760,0.22737391595783882
36976761,0.14828858746462456
36976762,0.14144239021455882
36976763,0.164641996068711
36976764,0.18732212125020853
36976765,0.1373267809826876
36976766,0.34048790491270775
36976768,0.13730128952623782
37011759,0.15875354559054958
37011760,0.13762943723448384
37011761,0.15386675732172847
37011762,0.147672777956954
37011763,0.12169796519141832
37011764,0.150336535915232
37011765,0.1772355531921298
37011766,0.19253239657441382
36988803,0.21568105170382101
36988804,0.12489757248325223
36988807,0.10778762007636912
36988808,0.11951301944659679
36988809,0.10633216901703404
36988810,0.23644748941024354
36988811,0.11359434818507555
36988812,0.2375768385165143
43420276,0.3645660298700586
43420277,0.29079617499622407
43420278,0.13288763968904108
43420279,0.6989768830925238
43420280,1.0292652375452862
43420281,0.8278418754175856
43420282,0.9760625342067254
43420283,1.075323299253844
36994217,0.37872264343170653
36994218,0.21952031581384873
36994219,0.39800123360021133
36994221,0.22114293922394643
37008689,0.4380059467655992
37008690,0.38414246623971515
37008691,0.3952878106300362
37008692,0.42223702666717006
37014777,0.15576877166455597
37014778,0.16253461488249824
37014779,0.14846356668730923
37014780,0.15954186014278207
36980965,0.2715275042967251
36980966,0.5706652642537713
36980967,0.43313152781908787
36980968,0.21575586794847262
36980969,0.7889360491505195
36980970,0.5759137464984728
36980971,0.5992854341633491
36980972,0.3088559681418533
37010043,0.11337565069026898
37010044,0.08278966470138452
37010045,0.07865244862051902
37010046,0.4593775988909574
37010047,0.1526704542112468
37010050,0.11870746043141987
36973989,0.43581630827787926
36973990,0.6187656255053179
36973992,0.2507087412076564
36973994,1.1118424660922672
36973996,0.5863822272199066
36973997,0.16467337027009413
36966475,0.11057544324826599
36966476,0.2885774747303725
36966477,0.2708468624974096
36966478,0.2702814230008165
36966479,0.3320626446423327
36966480,0.4391411734854947
36966481,0.2796586880683892
36966484,0.3973153410549539
36972414,0.253206800460365
36972415,0.2104444068612721
36972416,0.23622957050227988
36972417,0.16479860814134434
36972418,0.46257001523627045
36972419,0.37247692274080674
36972420,0.17539053976317404
36972421,0.31863361368089277
36972422,0.47527862467654425
36962932,0.7048711743659025
36962933,0.6147790867325665
36962934,0.48162098803735887
36962935,0.39071576721443474
36962936,0.368089401820326
36962937,0.7341631599317278
36962938,0.36669628267715276
36962939,0.47038210362040617
36962940,0.5691116616123076
36962941,0.28597538865199706
37009970,0.4443997114291078
37009971,0.19187946961865296
37009974,0.10008355103401217
37009976,0.2552295749666987
37009977,0.10276946742261094
37009978,0.22548129410240317
37009979,0.10832667122861019
36994377,0.6982665094131228
36994378,0.2781994067393355
36994381,1.4180566331518494
36994382,0.27818958266861604
36994383,1.426516060870635
36994384,0.6744301370219135
36993338,0.17023797630831308
36993339,0.2242441639825857
36993340,0.470235254297426
36993341,0.6022786165727466
36993342,0.1963387997473203
36993343,0.17853873142861615
36993344,0.2010327004554444
36993345,0.660579742760993
37013392,0.3233261515989773
37013393,0.27046360785033563
37013394,0.2171498699270458
37013395,0.24717715278082206
37013396,0.23701526147456767
37013397,0.19130093601770454
37013398,0.37970778587225207
37013399,0.36673736296587967
37013400,0.47707904583269356
36991230,1.0932879094419234
36991231,0.16959181296721568
36991232,0.19198404761829255
36991234,1.0999415846167688
36991235,0.12978785143058721
36991237,0.12071545623036702
36991238,0.5417063945947085
36982431,0.19771271750595865
36982432,0.33013609869639304
36982433,0.16595360246828386
36982434,0.1400884265023993
36982435,0.10820640273333373
36982436,0.16937271104757343
36982437,0.1740730883062318
36992605,0.09061644798767475
36992607,0.10628472272791116
36992609,0.08592081107175555
36992610,0.3488848548514815
36992612,0.3465375776307023
36994035,0.09582397579730659
36994036,0.13887428983786498
36994037,0.1747193359774965
36994038,0.10690927386594917
36994039,0.07676350845154285
36994040,0.13519889623968653
36994041,0.10298845821895407
36994043,0.12593600909509609
36994892,0.4881295199774146
36994894,0.48456078135124886
37010529,0.31049627804215124
37010530,0.29839257318487167
37010531,0.2013484376836929
37010532,0.13286681004007933
37010533,0.2698540628126135
37010534,0.25708748620680505
37010535,0.3380509586654729
37010536,1.1133584382390325
37010537,0.1666841861370885
37010538,0.22195974466473362
36975409,0.12456900902318281
36975410,0.09368501188855602
36975411,0.3538579217409073
36975412,0.2616179094031853
36975413,0.5017475853790689
36975414,0.573675092680753
36975415,0.4585639337155865
36975416,0.6382178082184319
36975417,0.41206736287553036
37014108,0.3799663121355602
37014109,1.3132406551956735
37014110,0.37840149860630934
37014111,1.3023480493756945
36980195,0.1705775289913283
36980197,0.14409865167146288
36980198,0.945450806275373
36980201,0.15533641020942396
36980202,0.16108263161027084
36980203,0.2045360037650813
36993584,0.17324856848309558
36993585,0.22269674288432603
36993586,0.21444060829656555
36993588,0.10993605555042535
36993590,0.11243350569609756
36993591,0.2285779903953328
36993592,0.25961442270159796
37011025,0.2337601754282364
37011026,0.7663672723580347
37011027,0.42412083614273627
37011029,0.11242329969885455
37011030,0.5176676007519807
37011031,0.12579145436872502
37011032,0.22658819222429974
37011033,0.13536591072074253
37011034,0.4851992090454663
36971264,0.16468423318912181
36971266,1.0164705936021858
36971267,0.12291166752018032
36971268,0.22402128726094753
36971269,0.4738216281907565
43428458,0.113535667251517
43428459,0.11355606111847606
43428460,0.7370535541783038
43428461,1.7032395995832077
43428462,0.14587973141720179
43428463,0.19951456496258324
43428464,0.7940194679248448
43428465,0.15937487094319938
43428466,0.1055179834748483
43428467,0.14314887625089862
37024158,0.024787715489581464
37020928,0.13455563709963472
37020929,0.0869805895685497
37020930,0.10814046634093546
37020932,0.10783395969668716
37021255,0.08481974297054161
37021257,0.21693072752081083
37021258,0.20601763929391936
37021260,0.0924420625886395
37021261,0.08504716735032826
37021262,0.0837555575661147
37017459,0.4529161246974423
37017460,0.29300460443046755
37017461,0.5032771892858954
37017463,0.1601123100175933
37017464,0.6241055804971666
37017466,0.6269327065349417
37017467,0.3163291832264253
37017341,0.3048526045013741
37017342,0.17135570418031834
37017343,0.21596403009307247
37017344,0.17128448121197587
37017345,0.05053747639315437
37020455,0.04123228388676796
37020458,0.039653459601767596
37020459,0.057417598066279704
37020461,0.041778162994879554
36972798,0.026243942238163467
36972799,0.04052066836871995
36972800,0.06474249298848159
36972805,0.02728372209431981
36980418,0.10618938116083786
36980419,0.059947555348589
36980420,0.12133480190016181
36980421,0.10610416845997009
36980422,0.05553944349358395
36980423,0.05805566801138503
37019233,0.23903758302007846
37019234,0.05740845767595594
37024294,0.11126020987134749
37024295,0.12405447131388735
36990979,0.3143003308775375
36990981,0.3663025475783889
36990984,0.05575305113971152
36990985,0.10021221855801385
37020312,0.20399186774023795
37020313,0.037425584088593984
37020314,0.07660461891656913
37020315,0.2736171053065772
37020316,0.08662918201215095
37020317,0.076726446939354
37020318,0.08577696627572977
37020319,0.04110380135090072
37020320,0.26010985827750266
37020321,0.09041357948976284
37023486,0.07324220431887662
37023487,0.07414607318110579
36988925,0.2734282654035028
36988926,0.2536373159978855
36988928,0.28382991596029156
36988929,0.138742265308808
36988930,0.4591294986643638
36988931,0.14892950236029562
36988932,0.20868731221764794
36988933,0.31043714998923916
36988934,0.18988270459265932
36966635,0.09385282504545911
36966636,0.0921432013086606
36966637,0.09970774898006433
36966638,0.15079228514306092
36966639,0.09798620383576957
36966640,0.16294227944110368
36966641,0.08051017177431397
36966642,0.15243655889882804
36966643,0.15583487514785774
36966644,0.15939359111267684
36984491,0.12752922330573338
36984494,0.2806594799774713
36984496,0.04718173520228224
36984498,0.25619111671849143
36984499,0.1500783482369369
37022917,0.0957738266040537
37022919,0.100608880453223
37022921,0.2586730064923387
37022922,0.16896362350852978
37022924,0.45438528797731803
37022925,0.4555275401274315
37020714,0.2699992667670747
37020716,0.24691448229698618
37008914,0.3212299234572869
37022574,0.050637273894224843
37022575,0.05382122579853028
37022576,0.5581538518330035
37020630,0.34626852571903044
37020631,0.2848456696585722
37020633,0.30283819378923266
37020635,0.3645104874997966
36994156,0.13594848871519016
36994157,0.12408352303636647
36994158,0.12133800436087827
36994159,0.1372603413691739
36994160,0.1388292089057351
36994161,0.13580018558940374
43427701,0.6217340270348147
43427702,0.7365875307571361
43427703,0.455176922604775
43427704,0.6633969984816595
43427705,0.3033956973358825
43427706,0.7904852595775133
43427707,0.44522897100139847
43427708,0.29067519291468785
36976298,0.16722334554441246
36976299,0.23822379545923733
36976300,0.2158028991371767
36976301,0.21801413919982057
36976302,0.30045410544622714
36976304,0.24306571410828215
36976305,0.22367487194943753
36976306,0.15439974046279736
36987903,0.18677230413275667
36987904,0.18545907200628492
36987905,0.1030611555093791
36987906,0.22569822498254716
36987907,0.12253198592827838
36987909,0.19159916587267356
36987910,0.0792774677749987
36987911,0.12445147751995209
36987912,0.10514894067542734
36981565,0.2067824098288945
36981566,0.5031883782235981
36981568,0.12985802665478466
36981569,0.22288226328864522
36981570,0.10730759797603698
36981571,0.2327305769152592
36981572,0.10996457401267153
36981573,0.23261269468836188
36967504,0.1375414102451599
36967505,0.1262687302767363
36967506,0.08401604119730854
36967507,0.11682903800385766
36967508,0.2929503417878448
36967510,0.39830595102493443
36967511,0.3259040520684399
36981501,0.06340922695333595
36981502,0.0711117060741607
36981503,0.09855072046186561
36981504,0.07612669842389536
36981506,0.06431187389341551
36990955,0.20812080866982455
36990957,0.5510973467294447
36990958,0.17496277629304754
36990959,0.511618879394168
36990962,0.13442056048392523
36990963,0.19940409921928307
36990964,0.23978935625682019
36979036,0.26735863845488556
36979037,0.22697337149301283
36979038,0.6997165214617419
36979039,0.2601668460433594
36979040,0.30598981646507156
36979041,0.28091762371660783
36979042,0.2769934029486459
36979043,0.14015409441611554
36979044,0.20464420508791614
43422291,0.536319620616445
43422293,0.9345196037740091
43422294,0.3321188033602853
43422295,0.4934957393651426
43422296,0.37501581805026996
43422298,0.5777425168739548
43422299,0.4524765626052334
37010515,0.40221766885232485
37010518,0.5455798282330564
37010519,0.29750588270105943
37010522,0.26272576396924674
37007412,0.16414170215080026
37007413,0.18557042778846278
37007414,0.1761903954019043
37007415,0.16342098763686375
36966448,0.1898988841763799
36966451,0.24771918350502642
36966452,0.2113316607320678
36966453,0.21461044234418236
36966454,0.1502405683976269
36966455,0.0944012546432175
36966457,0.15946987892621148
36998673,0.25841785946002516
36998674,0.2677821702760024
36998675,0.3138901603592568
36998676,0.3788019400218717
36998677,0.2731199356523167
36998678,0.28560332749915207
36998679,0.2554555701762253
36998680,0.23827331063692395
36962712,0.4290546805260959
36962713,0.26947598401108935
36962714,0.21740083639012173
36962715,0.5046305155259166
36962716,0.31887715056315163
36962717,0.33016220297619414
36962718,0.28634634300238415
36962719,0.17996362420962556
36962720,0.42997925979162777
36962721,0.39490904165336377
37018814,0.06368122724928113
37018816,0.0860031964674256
37018817,0.058721635030709804
37018819,0.08368662499086081
37018820,0.06755688253894758
36955352,0.3538432436763217
36955353,0.1312855648076502
36955355,0.3904705196555605
36955356,0.20713054296073077
36955357,0.15060619669058284
36955358,0.18019597324230488
36955360,0.1497834313331522
36955361,0.19134540148815024
37014854,0.1869734876878231
37014855,0.1742193939507499
37014856,0.18617403356547743
37014857,0.1637970525806336
37014537,0.09926293998193893
37014538,0.10278224544770692
37014540,0.23155143056382507
37014543,0.18488651052598343
37014544,0.7409964772288545
37012488,0.14879040538461166
37012490,0.15421645327742742
37012491,0.1635803842291497
37012492,0.15606051869172247
36964585,0.10832873923638418
36964587,0.1077733995283732
36964589,0.08957297562768465
36964592,0.10725592993189689
36964593,0.0735097578397638
36979961,0.04675340827962195
36979962,0.04547269794128002
36979963,0.04202146994717228
36979964,0.051503660275892635
36979966,0.045603233713754694
36979967,0.06517018892911851
36979968,0.054300630244474936
36979969,0.10435371928910986
36978788,0.18121269160680262
36978789,0.35734841146695595
36978790,1.556577111019674
36978791,0.1870918711019486
36978792,0.20357242906776682
36978793,0.20414252888922163
36978795,0.11441475320441659
36983265,0.23948545157925633
36983266,0.16750645365048902
36983267,0.3147810956052769
36983268,0.41031213569621433
36983270,0.19465839510987404
36983271,0.18852805973664521
36983272,0.13778049495845685
36992081,0.12724929429592627
36992082,0.1525217585861925
36992083,0.5562688203234025
36992084,0.13913070648020323
36992085,0.11164890675534572
36992087,0.17698905502192153
36992088,0.42321578474745875
36992089,0.16257037682341777
36955344,0.2409334096672333
36955345,0.34203337292880426
36955346,0.23215927678640721
36955347,0.2889503759738279
36955348,0.3115075827109468
36955349,0.33382414331835425
36955350,0.20654181774139957
36955351,0.3138489415923621
36964093,0.33264679345639203
36964094,0.16156152013624914
36964095,0.11039057135319512
36964096,0.2188957528345465
36964097,0.28552069940472646
36964098,0.38015613854267927
36964099,0.16432426893015686
36964100,0.17515401493720212
36964101,0.11330120467274833
36985843,0.1465667191507314
36985844,0.09407771734292641
36985845,0.38283012438261343
36985846,0.39756277046104854
36985847,0.12305549660166139
36985848,0.07941369302585544
36985850,0.26909959352965335
36985852,0.1325539410645382
36994924,0.15323670937612566
36994926,0.09881607316203439
36994927,0.12631762416200695
36994928,0.12290086636052426
36994929,0.17414780139894775
36994930,0.07749736126152243
43425277,0.060512008542441695
43425278,0.6748521233500451
43425279,0.0881895905226206
43425281,0.06841753929673612
43425282,0.08768153600952842
43425283,0.2527160469703294
43425284,0.3962097309133172
43425285,0.6442475421034007
43425286,1.0884561102236672
36983702,0.2803612650872911
36983703,0.12563050360911795
36983706,0.08933340818778766
36983707,0.15639843546677426
36983708,0.28447469357832184
36983709,0.0872686769578433
36983710,0.2673673865992449
36977767,0.09656782023343446
36977768,0.08720952813197669
36977769,0.16640378018010382
36977771,0.11828111791431498
36977583,0.11237422180591654
36977584,0.31593346931918165
36977585,0.1962010590873633
36977586,0.1614281498702182
36977588,0.33469677656333113
36977589,0.33986179149985307
36977591,0.30145625212378624
36955083,0.051440708895250015
36955085,0.8490202430947287
36955086,0.22933113201674654
36955087,0.21260992314084418
36955088,0.10716789001573757
36955091,0.29278360059776504
37008043,0.13391918646434675
37008045,0.231097544127077
37008046,0.1891685170495348
37008047,0.19288795950852422
37015733,0.16899898251159684
37015735,0.18295452059397835
37015736,0.1667793008337372
37015738,0.18428947821721514
37008483,0.17939577828099193
37008486,0.19949282595498782
36980084,1.5019771815761918
36980085,0.17616808604517462
36980086,0.272584662159851
36980087,0.7056717443013156
36980088,0.37529333897686035
36980089,0.5165706525999182
36980090,0.30710242886920197
36980091,0.6610203165380203
36980092,0.1789768896313907
36992810,0.21264039347567898
36992811,0.11061583138175085
36992812,0.20500551841481202
36992813,0.22280309330846196
36992814,0.12541063354202509
36992815,0.2521981378104488
36992816,0.10065546257114667
36992817,0.14482630913752625
37020865,0.0775295521064724
37020866,0.3860041751157054
37020867,0.13324419087358919
37020869,0.16261861799946295
36996481,0.6864224803258834
36996482,0.7196790067843357
36996483,0.21369198722846197
36996485,0.04330870056885992
36996486,0.15642479806397502
36996487,0.40356393424836395
36996488,0.23177827613742888
36996489,0.17355639815509016
36996490,0.31407791897639953
37013021,0.870509326096044
37013024,0.3360542589281646
37013025,0.1269547277927612
37013027,0.2630095062541428
37013028,0.35735048861309165
37013029,0.3239190146441879
36996342,0.089633116724358
36996343,0.0998978833649104
36996344,0.09463934162163994
36996345,0.07708371735825184
36996346,0.09922049051356681
36996347,0.0838397979786375
36996348,0.10366897143455464
37011091,0.17927170471823423
37011092,0.20538160224779864
37011093,0.22209041104886548
37011094,0.18448920077392914
36980629,0.07816256794318119
36980631,0.1288011129017804
36980635,0.1678486444572029
36980636,0.13707363973558243
36974719,0.1077205687878176
36974720,0.12197493084263758
36974721,0.10745984026477501
36974723,0.1925827278815867
36991090,1.09704965735722
36991091,0.25347240456783665
36991092,0.08862155444389726
36991094,0.27359861266411917
36991095,0.1610052826367369
36991096,0.40810879757356905
36991097,1.0131376775018162
36991099,0.13161280197633793
37014983,0.05063434419231273
37014985,0.11723971990859405
37014986,0.04709053599825059
37014989,0.177551243999246
37014991,0.05842813380531947
37021354,0.3028589133184547
37021359,0.2991207309613893
37021361,0.306118524316707
37021362,0.3021243661039864
37017834,0.1350884100625566
37017835,0.2481954670748131
37017838,0.16092816878831376
37017841,0.6474541182534814
37018199,0.0931894357574814
37018200,0.06494166270171564
37018202,0.25906917527081413
37018204,0.2660336907857987
37018205,0.333573939721058
37018206,0.10833280162067434
36969790,0.18161860635568317
36969791,0.18352122076824645
36969792,0.07630547763516951
36969793,0.28856420026047713
36969794,0.17718206111407478
36969795,0.23402683320984471
36969797,0.045167400966330144
36969798,0.28724621380802823
36962365,0.06837791289309612
36962367,0.6868502678571111
36962368,0.10556002077447349
36962369,0.6599666182312812
36962370,0.4865898320492832
36962371,0.08990374606335867
36962373,0.08197931732923747
36984438,0.11972866077995696
36984439,0.05799053937233782
36984441,0.29150455039101025
36984442,0.0698732384790465
36984443,0.13385223496256213
36984444,0.17221802714896003
36984445,0.08086623337487797
36984446,0.32061187496994376
37015308,0.4049773386952034
37015309,0.5144906121158803
37015310,0.41076734180283775
37015311,1.2759610968228472
36984259,0.11759478275852699
36984261,0.45606039745771226
36984262,0.14980005880142086
36984263,0.24735425627818639
36984265,0.5865190828644944
36984266,0.39257410689871974
36984267,0.15303476044577047
36984268,0.20111089118194078
37008898,0.5274649899267193
37008899,0.306297536304523
37008902,0.20255963458456094
37008903,0.5234739153748666
37008905,0.4485186657800891
36973302,0.13014270753194687
36973303,0.15094138400344864
36973304,0.11186097836259087
36973305,0.15004461343058814
36973306,0.18366563305294598
36973307,0.1852594525802473
36973308,0.17914863937819783
36973309,0.17610782168482841
36973310,0.1580810692252143
36973311,0.17088005417278515
37024132,0.033638390856097926
37024134,0.033625564216385725
37024397,0.17939786899877555
37024398,0.16995769918332
37024368,0.04990171285898125
37024369,0.04777871662156434
36977323,0.1635737336291534
36977324,0.1595756946188243
36977325,0.6782621988098442
36977326,0.6317422764769578
36977327,0.18519405920939416
36977328,0.32569305378132396
36977329,0.4305331673916898
36977330,0.3445496561866294
36977331,0.22618038249621222
36977332,0.3151790593136167
37023043,0.478151452102148
37023044,0.48334135302852843
37019183,0.37175725681054955
37019184,0.15914566915564754
37019185,0.29514263070289787
37019186,0.16318572609558546
36995237,0.7032615188481393
36995238,0.14125226425849435
36995239,0.17247114947658734
36995240,0.12664176342125824
36995241,0.09157678895601347
36993430,0.5518582624236088
36993431,0.07477863063402507
36993432,0.14479279899032627
36993433,0.143692042681124
36993434,0.4730943560635075
36993435,0.5458912865304528
36993436,0.10304785156992255
36993437,0.1329011595950157
36993438,0.8911982562951959
36994882,0.4159387021972002
36994883,0.24302935483857588
36994884,0.1279468223231811
36994885,0.14618683982437172
36994886,0.15388270030904194
36994887,0.3185527126687231
36994888,0.20289935799206635
36994889,0.14145224063783407
36994890,0.3484785027242592
36994891,0.4410199200574498
37011719,0.17511477222042554
37011720,0.14865634848101378
37015418,0.22066139862317252
37015419,0.150072808232579
37015420,0.243979339551217
37015421,0.15221213493618593
37015422,0.369034969290402
36981128,0.16539929541456638
36981129,0.19036814909428726
36981131,0.17049315148531957
36981132,0.1883223024465242
36981133,0.27490098540687097
36981134,0.17945612504751643
36981135,0.18129581477843995
36981136,0.18547967022635573
36974201,0.10877358026498857
36974202,0.11963553359516335
36974203,0.03345361138910261
36974204,0.08774628549906845
36974205,0.31780756270125615
36974206,0.23841921156922374
36974207,0.08240839290232418
36974208,0.03349254867621085
43426662,0.13750211315792008
43426663,0.1368108392659491
43426664,0.16295023770893055
43426665,0.11947001652893796
43426666,0.18225741380342783
43426667,0.13076279503715824
43426668,0.13336472808684136
43426669,0.15289817885503743
43426671,0.14635915734232977
37019582,0.09139852378230871
37019584,0.1024521584220207
37019587,0.06131050131954675
37019588,0.16894714191251078
37019589,0.09901073849227172
37019591,0.06213985880341837
37019413,0.06156840746895862
37019414,0.07229846305618401
37019416,0.22638490851015047
37019417,0.0884571207874639
37019418,0.16542804751243234
37009274,0.18848504699194316
37009275,0.4313805241627636
37009277,0.09382005127471278
37009278,0.1857167818975991
37009280,0.26378837474304384
37009281,0.22797568460405926
37009282,0.1113605561119954
37020147,0.06724489470451
37020155,0.04548809493728855
36980448,0.253996344010749
36980450,0.16583709676700037
36980451,0.13576984985454243
36980452,0.12096072068202565
36980453,0.12606098485974257
36980454,0.1585387629442989
36980455,0.15410483198992508
36980456,0.12671210641753042
36998064,0.11041410639955485
36998065,0.3766851403596679
36998066,0.3813576078610088
36998067,0.08926283065271386
36998068,0.739339666648065
36998069,0.31922791746639867
36998070,0.16276652082455703
37013353,0.6645883396503429
37013354,0.24829254296953784
37013355,0.3032620728661511
37013356,0.20235644368787672
37013357,0.14014775840015775
37013358,0.2886274880381212
37013359,0.14194888952522586
37013360,0.9558246016125391
37013361,0.4614630846666908
36991060,0.17869951292544037
36991061,0.205107763657207
36991062,0.19122246717504948
36991063,0.14408105177401342
36991064,0.16150489530700682
36991065,0.16693473374090567
36991066,0.26609694117496513
36991067,0.5897394340420549
43430678,0.7856517675201589
43430679,0.7339680157035192
43430680,0.5470713320308039
43430681,0.6794548046234041
43430682,0.35662066433825207
43430683,0.7770051030659614
43430684,0.3286686566122807
43430685,0.7823527127688141
43430686,0.20910698850524817
36993650,0.1390866480190401
36993651,0.2676354016675926
36993652,0.10869868303186726
36993653,0.09779598870473924
36993654,0.13236344375742506
36993655,0.10472704122676113
36993656,0.10917192211102295
36993657,1.038009452239391
36993658,0.289389660249609
36993659,0.10432159211050242
36977563,0.1866982784910106
36977564,0.12355189656059584
36977565,0.726318750898198
36977566,0.14578503027490775
36977567,0.8311854156769387
36977568,0.4479272852367165
36977569,0.38780517134399123
36977570,0.26902324931174104
36977571,1.1108891652979564
36977572,0.14625495966612306
43424740,0.1469771614209074
43424743,0.11171130478958
43424745,0.09782718761784008
43424746,0.20436013660099123
43424747,0.10612018114542641
36965782,0.621057227109962
36965783,0.5071316867650105
36965784,0.05994717336749134
36965785,0.04657781230016108
36965786,0.06541343244237083
36965787,0.04149380006639354
36965788,0.044049746634378203
36978743,0.4582775673053768
36978744,0.3470254881123308
36978745,0.15714381291949953
36978746,0.19071167791935262
36978747,0.1174004700497901
36978748,0.09642557367224136
36978749,0.45169050713683945
36978750,0.20927031253440784
36978751,0.1628521246158508
36978752,0.5010384163737002
43428360,0.24787872620414295
43428362,0.2969670734637892
43428363,0.4257687002394805
43428364,0.1536310844495317
43428366,0.2568111946497216
43428367,0.7294137074819487
43422365,0.7123124225021962
43422366,1.166535213834073
43422367,0.6284770595956687
43422368,0.7326331977913102
43422369,3.0546074423851826
43422370,0.9008964584557649
43422371,0.5458638070910936
43422372,0.5642902084581795
43422373,1.0072893297751357
43429412,0.14383807815677832
43429413,0.32103362300631216
43429415,0.31284289661303655
43429416,0.3255122666155942
43429418,0.19200421043834567
43429419,0.28986637470810983
43419986,0.39133590143582164
43419987,0.46893109454052717
43419988,0.17367243873654006
43419989,0.484303295575144
43419990,0.3761454834613455
43419991,0.13322246622387615
43419992,0.33143721844365165
43419993,0.1606058669520295
43419994,0.19904886462592097
43419995,0.23483668487938805
43420575,0.15843257070826608
43420576,0.16123671710294524
43420577,0.2104626379381801
43420578,0.32109249715231225
43420579,0.4856328015798083
43420580,0.3639459594611329
43420581,0.5597722559061848
43420582,0.29586225518730946
43420583,0.48282883852071673
43420584,0.231704959790152
36993779,0.3181848803332471
36993780,0.4176586262214985
36993781,0.2380349391623046
36993782,0.3848295409222042
36993783,0.10777221785385921
36993784,0.15169279268915228
36993785,0.12917426994907943
36993786,0.20564306812791927
36993787,0.3343446322839861
43422214,0.14086590787331063
43422215,0.4231191722438512
43422216,0.16897703735262007
43422217,0.12951092591656038
43422218,0.2607535734873768
43422219,0.26032090700044686
43422220,0.14447088576723718
43422221,0.3513330093308878
36979359,0.0814431576289127
36979361,0.08228438524606883
37020944,0.19683244259356436
37020947,0.14697589564666586
37020948,0.2944198731272397
37020950,0.12573956831612518
37020953,0.2525332705397329
37007416,0.1304953952030357
37007419,0.09245693443814076
37007420,0.11986110760387358
37007425,0.22438295875290293
37022076,0.3080772504587794
37022077,0.36413197194315106
37022078,0.2544574689219658
37022079,0.30112323968073834
37022080,0.35650946722947446
37022081,0.9743613221357079
37022082,0.28255165186508496
37022083,0.24113209910840763
37012335,0.5358536614136189
37012336,0.5649953672679454
37012338,0.5286936894286806
37012339,0.5507997909468241
37012340,0.8729649700895965
37012342,0.9951947237865283
37007108,0.1290116095135681
37007109,0.2201209076900223
37007110,0.14940001807885023
37007111,0.15951161326687704
37007112,0.15906546515354864
37007113,0.21663150565368955
37007116,0.11453615104878238
37009733,0.1614426285361696
37009734,0.18553680465744363
37009735,0.31717162348825906
37009736,0.26020200895982387
37009737,0.11373554577097977
37009738,0.37431712991737287
37009739,0.5533676951709618
37009740,0.18346856034939266
37009742,0.11716933940375714
36976068,0.07392388581026887
36976070,0.19023910817976247
36976071,0.08378386194235823
36976072,0.21623387585841206
36976073,0.09765456863051131
36976074,0.06592959222339187
36976075,0.1990837685668469
36976076,0.2161418876025598
36979045,0.047286543830132435
36979049,0.22426901306285796
36979051,0.1503031686276884
36979053,0.06741179202290783
36980974,0.6279180902007622
36980975,0.21035057524310466
36980976,0.46377415584393084
36980977,0.14659503839272706
36980978,0.32187938150284934
36980979,0.9372682517662725
36980981,1.1297175562884718
36980982,0.7345795409121826
36987156,0.2757346645020457
36987157,0.25403562597216917
36987158,0.4979039189814568
36987159,1.323857187977233
36987160,1.3216763047281905
36987161,0.25418033968927306
36987162,0.41030358448164406
36981144,0.17026789761764374
36981145,0.2951432633141246
36981146,0.24424687614838564
43427280,0.1964725530489493
43427281,0.10110916600696847
43427282,0.7658122193490804
43427283,0.2812586770580716
43427284,0.7504933328606336
43427285,0.5124064768215599
43427286,0.28683748219084865
43427287,0.29981852744660753
43427288,0.47445414482792664
43427289,0.1695046532013219
36989182,1.1212033004819313
36989184,0.15629187737124686
36989185,0.15375030243097781
36989187,0.26202945987944287
36989188,0.10426354664818474
36989189,0.1894449993656658
36989190,0.17762230086374708
36991267,0.1657471302844089
36991268,0.1258132080755155
36991269,0.14551028879405542
36991270,0.14260401395990033
36991271,0.11158332703213068
36991272,0.16065223891269684
36991274,0.1897867621736753
36991275,0.11209510138512996
36991276,0.14947941338553236
36991822,0.13746861582184625
36991824,0.1571682708823246
36991826,0.17620182732709733
36991827,0.17124914753796208
36991828,0.28240160801348707
36991829,0.14130195297260145
36991831,0.23925556472720225
36958613,0.17160347568960363
36958614,0.33680413238575996
36958615,0.2582714850857823
36958616,0.32060094615979307
36958617,0.1660064921144188
36958618,0.22482748388072793
36958619,0.17047553546461314
36958620,0.21320390444015327
36958621,0.2207760708964471
36983878,0.1059900670623537
36983880,0.10859230781826411
43430830,0.07937334772626578
43430831,0.3451528180366135
43430832,0.28678759705734885
43430834,0.1319359716258836
43430835,0.8540778036826585
43430837,0.07239934332007286
36978313,0.5074368472838291
36978314,0.43146009948709363
36978315,0.5296502319105356
36978316,0.30350380962188445
36978317,0.2930981459709767
36978318,0.16685738354712504
36978320,0.2665618276291893
36978321,0.42952685324411166
36980896,0.1462118715354292
36980897,0.28144961827970777
36980898,0.14136558871071803
36980899,0.23509870260779517
36980900,0.22397252744034976
36980902,0.1911887103165235
36980903,0.26346831063754106
36980904,0.24366222659283013
36980905,0.263076999604062
36996162,0.4018988845094846
36996163,0.1190934574876256
36996164,0.39147289598626156
36996166,0.23342896290681447
36996167,0.5114327535773218
36996168,0.19278107035844458
36996169,0.3903736924149216
36996170,0.18676573012915806
36996171,0.23456688469723047
36990945,0.21040925195253785
36990946,0.17780897021540248
36990947,0.5902789665142134
36990948,0.19870049260789419
36990949,0.29858985059666354
36990950,0.2804900794839414
36990951,0.19017804214412593
36990952,0.17208883640708714
36990953,0.18438191305810395
36990954,0.34102959928161475
43424759,0.2941411705096994
43424760,0.4788380025242167
43424761,0.1974638417676034
43424762,0.5720171385215003
43424763,0.13490034019099104
43424764,0.154141997225883
43424765,0.34297614612310323
43424766,0.2580169209268315
43424767,0.28005614189673406
36975443,0.11837511554203968
36975444,0.08265989866907959
36975445,0.1075566415376109
36975447,0.07573226737032875
36975449,0.3160836587032797
36975450,1.296555452656074
43425029,0.28963994726352615
43425030,0.22575591928076882
43425031,0.16095342791567277
43425032,0.11315788376713759
43425033,0.24519124068004536
43425034,0.13425594547037695
43425036,0.25224622181382533
43425037,0.299534042821261
43425038,0.31560013503277257
43427672,0.13693358291195595
43427673,0.14257573579936228
43427674,0.5477496639659492
43427676,1.9916157127943346
43427678,0.23601263485841806
43427679,0.42335193055731263
43427680,0.2406160649109863
43427681,0.3993699208678042
43420182,0.24344829967528217
43420183,0.18147005989473874
43420184,1.062668312860012
43420185,0.4789245903051325
43420186,0.3971077696578176
43420187,0.5226338693009335
43420189,0.6591688754274564
43420190,0.5481556220674049
43420191,0.363402961965477
36977070,0.19950134027859134
36977071,0.11698349329593263
36977072,0.11903178559358876
36977073,0.1123759799968507
36977074,0.12092785042808823
36977076,0.15611846649905745
36977077,0.10633967825345558
36977078,0.10990542437528832
36977079,0.11617375036767098
43424325,0.46490350903450334
43424326,0.21185692110191448
43424327,0.6594162380876395
43424328,0.1908915302537256
43424329,0.30170050058959086
43424330,0.2232542646373975
43424331,0.15822932463141393
43424332,0.23222997926875596
36980222,0.5159974142004228
36980223,0.7525899037671414
36980224,0.39441033759417066
36980225,0.4111956105203526
36980226,0.7249081685176737
36980227,0.5412062796649458
36980228,0.4058752326855848
36980229,0.385921600329916
36980230,0.22296202398449746
36980231,0.3351276211938619
36994565,0.49723353167194606
36994566,0.29331044691504077
36994567,0.16157077626290273
36994568,0.2541834871969481
36994569,0.26948842660086864
36994570,0.17002430636452473
36994571,0.20600008064002914
36994572,0.5068922902855155
36994573,0.5674892470148712
36987436,0.26901222581303197
36987437,0.15762932640364896
36987438,0.18984145112882198
36987439,0.31391837995522465
36987440,0.38812949685673853
36987441,0.14945230016422995
36987442,0.39669914289126773
36987443,0.3400293585211554
36987445,0.31181101461463756
36979147,0.4783198241707204
36979148,0.29376132691762086
36979149,0.6968869687203417
36979150,0.42129603426295337
36979151,0.18126410391011
36979152,0.3792842227583784
36979153,0.416581309572038
36979154,0.6023816550955886
36979155,0.48134602149075023
36979156,0.5729908453755947
36969713,0.05543700713582901
36969714,0.18088967269260894
36969715,0.2672480352630284
36969716,0.26870351696151235
36969717,0.263715995434959
36969718,0.2647965020292575
36969719,0.05470722722151933
36969720,0.4100383193999163
37017530,0.10528736072926231
37017531,0.10045703695297345
37017532,0.10277959788929951
37017534,0.10849951416257636
37017535,0.09478700109154166
37017536,0.09485706660488051
37017537,0.1090249706057037
37017538,0.0896090365225098
36977395,0.9485434499121924
36977396,0.3995903578392925
36977397,0.20231973804830167
36977398,0.46994558650073337
36977399,0.27944422671198604
36977400,0.9543549652251562
36977402,1.0045976400962113
36977404,0.536357223960816
36968311,0.18129527153269157
36968312,0.21574756177621662
36968313,0.1369851173302348
36968314,0.17027315083697808
36968315,0.1392876764689972
36968316,0.14051588741756255
36968317,0.30647673444519513
36969244,0.24230699146943926
36969245,0.26182289235982364
36969246,1.3789943534427442
36969247,0.1288409419625858
36969248,0.24141741543096024
36969249,0.13442561761666916
36969251,0.23452112509814566
36969289,0.3952715195337732
36969291,0.7029468518600344
36969292,0.07000409159722801
36969293,0.2592517462154849
36969294,0.40667343586385235
36969295,0.0795186892140641
36969297,0.6970364077926859
36994207,0.24915291419670857
36994208,1.1026175879851896
36994209,0.20103182435887038
36994210,0.19531225039245548
36994211,0.1972910964332564
36994212,0.1624180163622619
36994213,0.2278159119964655
36994214,0.16325420479816
36994215,0.21576138938870873
36994216,0.19544508330698937
36976992,0.3277030782549643
36976993,0.9383346278084358
36976994,0.32090510553055523
36976995,0.23992361179324972
36976996,0.15857527912542535
36976997,0.3372168415231865
36976998,0.32851659575084186
36958765,1.0148590363552943
36958766,0.41702340158261303
36958767,1.2911579544115486
36958768,0.4087871175595528
36958769,0.06075558058681741
36958770,0.35389500080619574
36958771,1.3191272839842074
36958772,0.08396862837752071
36958773,0.08009868932406825
36956741,0.04806182068668553
36956742,0.07246557679999575
36956743,0.14517544515163533
36956744,0.056661761879985416
36956745,0.3385937987446858
36956746,0.12515656899468738
36956748,0.42705123315724586
36992090,0.12191497981645244
36992091,0.14035669848426266
36992092,0.10990729371519069
36992093,0.09263917722813655
36992094,0.12470562948090808
36992095,0.11565454415328877
36992096,0.10712044941315906
36992097,0.09564606635847282
36992098,0.10502553556176496
36980598,0.07440491718942262
36980599,0.13807535576761604
36980600,0.07060755136340724
36980601,0.07210022722574132
36980602,0.1732948411124039
36980603,0.2454479385022145
37022952,0.07324117353496452
37022953,0.07130990408428539
37022954,0.07395785341911518
37021118,0.5151834330627699
37021119,0.20024644621420115
37021121,0.15355690970203292
37021125,0.20347178895998483
43423860,0.5804877310636861
43423861,0.4500813061549825
43423862,0.4945688937746538
43423863,0.48458795406270794
43423865,0.6389524607947651
43423866,0.4126973171893786
43423867,0.7167955100231737
37006769,0.149318928692193
37006770,0.16489339363751251
37006771,0.20756664743385309
37006772,0.4157967216285474
37006773,0.3567862325626639
37006774,0.30501686909239245
37006775,0.17420541543954474
37006776,0.23982695606923574
37006777,0.32574571388416507
36980034,0.24527358219176063
36980035,0.15635527585662506
36980036,0.21646111233668502
36980037,0.24769185628741738
36980038,0.3062842997694827
36980039,0.3166269757161901
36980040,0.2879350979377655
36980041,0.312800558284415
36976974,0.40194920616638313
36976975,0.39687550323133214
36976976,0.2261006271077471
36976977,1.091324651334887
36976978,0.33883461222080696
36976980,1.076871798656592
36976981,0.2342725421988786
36967667,0.23140378822734695
36967669,0.1959562139667398
36967670,0.24035129048402948
36967671,0.1361464934583271
36967673,0.14402109986828032
36967674,0.23603797563814854
36966529,2.60806198897651
36966530,0.2805435377049182
36966531,0.3569497063876806
36966533,0.9727298148379406
36966534,0.1708871538404751
36966535,1.4607487158945016
36966536,1.3902188857159412
36966537,0.18957771828477551
36966538,1.0526598025863225
36963342,0.23342788818826415
36963343,1.257530976216399
36963344,0.3913768783986779
36963345,0.10525160931614548
36963346,0.31316329650867714
36963347,0.07671386526203516
36963348,0.23210037744351025
36963349,0.08598675659768389
36963350,0.49521463874990373
36962722,0.15813555187971842
36962723,0.20605202439846196
36962725,0.16739389826689663
36962726,0.1908233087573056
36962728,0.19433202694761667
36962729,0.15286585081730977
36962730,0.16769772859072354
36962731,0.4316421801026577
43431347,0.17998052556970912
43431349,0.19414537186728464
43432465,0.1839987565566248
43432467,0.216724420987399
36974123,0.16243453916999048
36974124,0.14962436212506877
36974125,0.15557992623370132
36974126,0.1476430174325186
43432258,0.10630184584239344
43432261,0.13903512561434192
43424549,0.42982304809115435
43424550,0.1784114636140348
43424551,0.17406400486314635
43424552,0.16334758580813724
43424553,0.2905279999778027
43424554,0.1771650958125913
43424555,0.18955417435142957
43424556,0.18061387812608357
43424557,0.41056883112573267
43424558,0.235985968108129
36974666,0.19813170310202538
36974667,0.17589409697533204
36974668,1.0051411199016589
36974669,0.15703380126113217
36974670,0.162482353631999
36974671,0.15019235866163247
36974672,0.15535131069195784
43432925,0.11810502237413086
43432928,0.14514129068198292
43432929,0.1646165001519773
37014708,0.15631693915103329
37014709,0.19293459777037925
37014710,0.18482506930321582
37014711,0.19324738025446664
37014712,0.1705256151973575
37014713,0.17874322325925926
37014714,0.12632326218367798
37014715,0.17160466378003056
37014716,0.1857016196597641
36965471,0.35304779411982323
36965472,0.828421081737665
36965473,0.4660420265872713
36965474,0.24856733904301098
36965475,0.23546974248935873
36965476,0.17886208422149824
36965477,0.7611337522851113
36965478,0.15691059384573444
36965479,0.2477664658677778
36965480,0.16002390118142087
36961145,0.2317600595218585
36961146,0.23198871232355994
36961147,0.29587147067176905
36961148,0.21328438493660085
36961149,0.25594727309200227
36961150,0.282926926180521
36961151,0.4674092031518368
36961152,0.24062017599755464
36961153,0.3009129401487299
36961154,0.3756714056253695
37020571,0.27348489378063384
37020572,0.15408423631521903
37020574,0.8065426144311708
37020576,0.7819520685970018
37020578,0.1545226149866161
36968096,0.10334946607067956
36968097,0.17263935131386296
36968099,0.11605342210514989
36968100,0.11161835413729665
36968102,0.12041736576526756
43432885,0.25941773394173157
43432886,0.26475918892913464
43427800,0.15458241791574104
43427801,0.4544462143639176
43427803,0.23866096208005366
43427805,0.2293889853936389
43427809,0.43744130400792364
37020140,0.18332102585489524
37020144,0.219265184160993
36995510,0.288366393091953
36995511,0.06950939125259423
36995513,0.1346994668028821
36995514,0.07963681773181235
36995515,0.0645603268241184
36995516,0.058796112287730976
36995517,0.1356779145070373
37016085,0.13963424438848085
37016087,0.1427960825103738
37022748,0.15501793033644612
37019116,0.140873559514142
37019118,0.1075557853367227
37019121,0.1576255398311655
37022093,0.09972448606932756
37022098,0.14726713356875085
37022099,0.17820457862161632
37022101,0.10414059347109972
37019499,0.2907961025787551
37019500,0.5248755009355419
37019501,0.22098207428732763
37019502,0.18168745878424053
37019503,0.16591126164321074
37019504,0.29380148579315934
37019505,0.29454996951893964
37019506,0.5029610879296538
37019507,0.1628569985025877
37019508,0.2843416065618091
37015391,0.09901861195114352
37015393,0.10204606044262128
37015394,0.5986981224686807
36973937,0.32760209974479
36973941,0.3182386748206135
36967641,0.33953832193566735
36967642,0.10756700650705153
36967643,0.1800008656787926
36967644,0.23413402715229784
36967645,0.19335065350309824
36967646,0.32893370249354714
36967647,0.1792847949849216
36967648,0.2926569462504987
36967649,0.3615813142125129
36994620,0.07317820134585518
36994621,0.07487455608571508
36994623,0.15555475219858939
36994624,0.07530216969814363
36994625,0.05752288123283959
36994626,0.2843820683760113
36994627,0.1330942437674243
36957728,0.20991035647317804
36957730,0.34808649256149066
36957732,0.45135645826565807
36957734,0.45386757239782916
36957735,0.13205620117188963
36957736,0.13229579026866942
36963775,0.1466586969647668
36963776,0.2382024839068109
36963777,0.19436049400566777
36963778,0.08740791446377934
36963779,0.20415657608910998
36963780,0.18313316581463943
36963781,0.08553851966562928
36963782,0.13889006249327507
36963783,0.0879892067345891
36963784,0.15228264748669404
36974741,0.20744873128511426
36974743,0.27630101503555465
36974745,0.283551762103023
36974746,0.21685835913511908
36974748,0.21238650683591978
37024141,0.15933347503408823
37024142,0.08470230146459955
36986511,0.20051541877358353
36986512,0.40278253340514836
36986513,0.09587436843317539
36986514,0.31110920715871127
36986515,0.23146401743870607
36986518,0.25700612749191226
36986520,0.2347037390626185
43420210,0.4581450234719576
43420211,0.33326235453472414
43420212,0.3828649874730354
43420213,0.3027150970407365
43420214,0.6865514643544077
43420215,0.33597967818440827
43420216,0.5800833770207118
43420217,0.49581218719382225
43420218,0.42554950936754815
43420172,0.07353888864834675
43420174,0.12862050383750934
43420175,0.16135059577898547
43420176,0.2878112963209725
43420177,0.05779666258667529
43420178,0.2393669687018192
43420179,0.2055837985552727
43420180,0.0663225825642792
43420181,0.2509444520483344
36999372,0.13779926030461076
36999374,0.3909918556878301
36999375,0.33573273674128756
36990777,0.06633224303976631
36990778,0.24549355429305206
36990779,0.2651397773996108
36990780,0.25332061273846934
36990782,0.25574045516082533
36990783,0.4576805376266659
36990785,0.19389602030311037
36990290,0.33866854976030936
36990292,0.35735567307222776
36990293,0.13514403439535866
36990294,0.2131353795380229
36990295,0.3476117172310846
36990296,0.36132058215209395
43431703,0.38720440522307803
43431704,0.3323054654598392
43431705,0.37257754901676093
43431706,0.17774948672957744
43431707,0.1836717573861714
43431709,0.21996016017402908
43431710,0.18104942665339016
36994359,0.10789689312736533
36994360,0.273252305707716
36994361,0.1254223263596809
36994362,0.19817239824808636
36994363,0.11159285630678892
36994364,0.29867408892129943
36994365,0.18884015199599488
36994366,0.625150421345572
36994367,0.25177525941252965
36994368,0.17841933801108179
43424132,1.4503203888133387
43424134,0.2260051266397152
43424135,0.20277678832831683
43424136,0.22167002455018703
43424137,1.0091435680779202
43424138,0.3617378973038101
43424139,0.9201614353006037
43424140,0.6744213467124878
43429532,0.22604557914792747
43429533,0.2275675032279686
43429534,0.29815345508285396
43429535,0.6125154087872413
43429536,0.10198459632421518
43429537,0.08283954951482729
43430810,0.2348763085095944
43430811,0.8445248387736788
43430812,0.39323150299302595
43430813,0.9071485201154759
43430814,0.7580136804210915
43430815,0.16398214577568568
43430816,1.2732890128782044
43430817,0.8432575211730763
43430818,0.8201593728506754
43430819,0.37492256299381876
43432322,0.6510912291830669
43432323,0.49450641019578345
43432324,2.0417257913580737
43432325,0.5408194530631855
43432326,1.2694518384206703
43432328,0.27473941328734924
43432329,0.9010852123291074
43432330,0.8721644209216595
43432331,0.6242552110117985
43422580,0.6479143914230128
43422581,0.32644621706187227
43422582,0.3523947112778305
43422584,1.8278777271505877
43422585,0.6622815225683844
43422586,0.8030052717682695
43422587,0.13755522658037023
37012498,0.39800234429486536
37012499,0.24111144690711517
37012500,0.35243673784571034
37012501,0.25761086520908716
37012502,0.18270424352006448
37012503,0.3599480749957987
37012505,0.20464963542444853
37012506,0.23531884446871462
43420323,0.2301641916489731
43420326,0.2694804862144867
43420327,0.2491382632958685
43420328,0.08457933135476044
43420329,0.23538336021111061
43420330,0.07997920656966055
43420331,0.06589731429077154
43420332,0.05716834304819195
43421604,0.13999395203015452
43421605,0.19198551944777106
43421606,0.536257316247209
43421607,0.14974750371031686
43421608,0.18114229621032032
43421609,0.09210757514564051
43421610,0.24047123638361767
43421611,0.21877548232174332
43421612,0.3461533466108147
36990218,0.2472996838204212
36990219,0.48415526977479256
36990220,0.20394757018804613
36990221,0.11694342868421934
36990222,0.09937005174851304
36990223,0.17550277363000025
36990224,0.15322302113523575
36990226,0.10907374328709032
36963468,0.34080157243019876
36963469,0.3921610999506901
36963470,0.20971230593323367
36963471,0.3082260639746112
36963472,0.1447297886253301
36963473,0.16501738594694554
36963474,1.804249574604157
36963475,0.2691412601141735
36963476,0.17010877712676442
36963477,0.2595073317484348
37007911,0.1903539628420871
37007912,0.16902409799703083
37007913,0.3848918705017442
37007916,0.33071569534720463
37007918,0.3042221833307129
37007919,0.16597286994290814
36975485,0.2871015104092134
36975486,0.4092156383642493
36975488,0.401255817364066
36975490,0.4590767428987621
36975491,0.5198415377960944
36975492,0.2647866295740367
36975494,0.3335338527884621
43422998,0.09183281886817365
43423000,0.3588106212780418
43423001,0.10514724417112103
43423002,0.17224722855662217
43423003,0.093544692843871
43423004,0.09416316794057655
43423005,0.21290806635436424
43423006,0.10038749394816528
43423007,0.14876302848944495
36972510,0.1265253601474513
36972511,0.1212105586650438
36972512,0.19953532695277296
36972513,0.15961073132375087
36972514,0.21225093767841247
36972515,0.0913989143223746
36972516,0.08644967783122194
36972517,0.10794956758250687
36980373,0.1095579907747013
36980374,0.1445022240622513
36980375,0.17208192159092642
36980376,0.3813382890131887
36980378,0.1588632425594403
36980381,0.09144300173704126
36982028,0.2689798936414457
36982029,0.127359627124974
36982030,0.33594397733837833
36982031,0.28648325260204727
36982032,0.34909991604737955
36982033,0.34053431462163986
36982034,0.12982887525657832
36982035,0.12580354112024658
36982036,0.17451678854012706
43433069,0.2537268179971624
43433070,0.13671681043393308
43433071,0.6486422915488389
43433072,0.8435746920635113
43433073,0.3744387204171527
43433074,1.0138570435799752
43433075,0.13538251143092384
43433076,0.27467521957765884
43428684,0.1397115254413591
43428686,0.09267103992218546
43428687,0.0990111531403395
43428688,0.19966038768452793
43428689,0.17369714883919624
43428692,0.08006074049073608
36974129,0.16056505587760658
36974130,0.131733299000155
36974131,0.19469647129039028
36974132,0.13189822896569445
36974133,0.2234702279228734
36974134,0.22764593364526817
36974135,0.2365556343894967
36974136,0.8099429085451498
36974137,0.10097239888090254
36974138,0.24264714910053808
36973854,0.12803629578989778
36973855,0.3269058700974406
36973856,1.1585493230946355
36973857,0.11286649884617558
36973858,0.22010803538924556
36973859,0.2195826069898634
36973860,0.12039629480114
36973862,0.3437063058443395
43423561,0.13538572067064686
43423562,0.1875861765386892
43423563,0.4559927133693667
43423564,0.2823731385582967
43423565,0.28202720791279506
43423566,0.3594893074509587
43423567,0.3235315289340609
43423568,0.7136031012021706
43423569,0.9608763921474167
43423570,0.4446547345310101
43430772,0.16097496538282052
43430773,0.568118178288351
43430774,0.2545285121811536
43430775,0.12659664972017082
43430776,0.5730133931568324
43430777,0.08460293218481324
43430778,0.46674206864563533
43430779,0.4869690162186117
43430780,0.6666778535615778
43433092,0.1803219822453202
43433093,0.1716398659315305
43433094,0.25702514961316764
43433095,0.1037864447875159
43433096,0.19730334707033315
43433097,0.23935558164525977
43433098,0.41964263605197505
43433099,0.17482657384461928
43433100,0.17636369631345333
43426462,0.16498239948605561
43426463,0.35330053876189277
43426464,0.29226872779309515
43426465,0.16114092911183722
43426466,0.09392642683193243
43426467,0.23732804421740028
43426468,0.10758461637383342
43426469,0.11549173606282677
43426470,0.2959736241445696
37007676,0.16768412769690655
37007678,0.19158724517669068
37007680,0.15126347748128335
37007682,0.19049587290351777
37007683,0.18850131795082578
37009806,0.14354892945174152
37009807,0.17504465766877209
37009808,0.18245025381247934
37009809,0.19940891095097318
37009810,0.20248219294565545
37009811,0.16408419602838112
37009812,0.16277024196737588
37009813,0.16425480422115635
37012980,0.15965712865403156
37012981,0.1484799043917932
37012982,0.1917315528227085
37012983,0.19223893260293048
37012985,0.14395223186012018
37012986,0.17793878936548702
37012987,0.20421254638261396
37012988,0.1774101443257904
37012989,0.1573431028368106
37007117,0.1576121483746736
37007118,0.12409245037010626
37007119,0.17935455151333346
37007122,0.14747072621970014
37007123,0.12217077232215516
37007124,0.8818826902698479
37007125,0.12523150371075734
36976107,0.39502084637120904
36976109,0.10723192023700917
36976110,0.4726551663423516
36976111,0.41817095858754305
36976112,0.11994982353546794
36976113,0.40661038446099396
36976114,0.11539882392248109
36976115,0.270775347657806
36994580,0.0943684564056381
36994581,0.15867604154307868
36994582,0.17936681528877169
36994583,0.09422709371562012
36994584,1.1357105267453147
36994585,0.32769658219034614
36994586,0.33411800132579567
36977105,0.07876204059289674
36977106,0.10611133038550231
36977107,0.06563694695446974
36977108,0.08268073391223864
36977109,0.08799261149621536
36977110,0.08706771410223237
36977111,0.07235597731089505
36977112,0.0869568359470349
36977113,0.06890298880992982
36977114,0.06811082061731633
37013506,0.21090281366156433
37013507,0.11066265686556159
37013508,0.1212119324447053
37013509,0.10059108871827185
37013510,0.10941067915310133
37013511,0.0714750625236763
37013512,0.21737497107711695
37013514,0.2960602131309772
37013515,0.12632673233788563
43430262,0.22789773761365784
43430263,0.11475840050286316
43430264,0.9858354699710138
43430265,0.12367083840932133
43430266,0.36539894155275526
43430267,0.461363141191761
43430268,0.5049241866729419
43430269,0.15151328330595212
43430270,0.6864882890968467
43419713,0.20049554820663537
43419714,1.0916543379656725
43419716,0.37637496665836545
43419717,0.3421109947780367
43419718,0.0838176959143719
43419719,0.737346172766236
43419720,0.20613856702122973
43419721,0.6742732628192835
43419722,0.2335421968587357
43418966,0.20350122131334383
43418967,0.6036149439153615
43418968,1.6506855211865008
43418969,0.39004801306506814
43418970,0.10493611919075146
43418971,0.08205537116485147
43418972,0.47736437914302743
43418974,0.4134900228639872
43418975,0.8503079293099259
43425296,0.10911353599003326
43425297,0.6460813740689176
43425298,0.32314411722116476
43425299,0.1616965665849554
43425300,0.3666012152107124
43425301,0.12433141253455775
43425302,0.6364493003620196
43425303,0.4888390935920903
43430911,0.20027161040485542
43430912,0.09903135659030214
43430913,0.16089824665174088
43430914,0.965571681802153
43430915,0.40287475994166755
43430916,0.2727438400037462
43430917,0.08533894684427298
43430918,0.10033730391269394
43430919,0.44406497431149
36997930,0.18670878968643226
36997932,0.1867652580709475
36997934,0.19584753673795063
36997935,0.20719410208885025
36983291,0.24992808721276458
36983292,0.6596536530392191
36983293,0.4765962787678077
36983294,0.5538951012661578
36983295,0.18053372048641073
36983296,0.17016836834668952
36983297,0.25819434781852907
36983298,0.11386141824007448
37018035,0.15700148547415194
37018037,0.2960309234971352
37018038,0.11512756594056592
37018039,0.3911375919107124
36962404,0.24213752319871257
36962405,0.11640475309978286
36962406,0.11390231098818017
36962407,0.07302447968460654
36962408,0.11476432150668142
36962409,0.08980544530255989
36962410,0.09015038381118225
36962411,0.09984111741343607
36962412,0.08074036301568968
36977219,0.3368455286582603
36977220,0.31918365761833684
36977221,0.36525294058326113
36977222,0.3296360206969702
36977223,0.2847730147642382
36977224,0.32139182388579324
36977225,0.28397927204509604
36977226,0.2993129708237244
36982181,0.4595881723158062
36982182,0.40307832818672124
36982183,0.1574860115950112
36982184,0.15263335645240225
36982185,1.8646484017405442
36982186,1.668478477802896
36982188,0.17544519391148763
36982189,0.15910806091938481
36982190,0.13800099731366564
37014530,1.0778602957549204
37014531,0.35268044032183116
37014532,0.38430229970734
37014533,0.4261800145067428
37014534,0.43521668990249757
37014535,0.44491518546839753
37014536,0.47956794990312274
36955039,0.1236595454525332
36955040,0.11114375832346796
36955041,0.21351462265200621
36955042,0.13070769360346202
36955043,0.32918701094598796
36955044,0.693933377200504
36955045,0.5889484420901215
36955046,0.1578041761253157
36955047,0.26523546239796597
43427810,0.10780336877274185
43427811,0.2789405477317346
43427812,0.18909780445701344
43427813,0.09313925242748294
43427815,0.4983035355835873
43427816,0.052544627322092696
43427818,0.0880470145064348
43427819,0.40925370197678873
43424714,0.29228017661289135
43424715,0.36695534457827644
43424717,1.0030439831025861
43424718,0.13337748825985934
43424719,0.390537008919684
43424720,0.357128143118835
43424721,0.13444512319353571
36988831,0.06283461690241739
36988832,0.0769322850844401
36988834,0.16296043114963862
36988835,0.15774284686061285
36988836,0.06614528947762219
36988837,0.16104340815922452
43428200,0.1596662919356034
43428201,0.2459463978907908
43428202,0.17420492572713422
43428203,0.16566965219729143
43428204,0.21390255542021328
43428205,0.20241231964397047
43428206,0.18623456430870328
43428207,0.18607895006812294
43428208,0.17502371430248143
43428209,0.17362101787111447
36987173,0.10583504201803273
36987174,0.1404961368065222
36987176,0.13577661012826928
36987178,0.14374667363755117
36987180,0.10450396744410864
36987181,0.14473116462954996
36961574,0.038640575153502346
36961575,0.035266185181036976
36961577,0.05678554098512134
36961578,0.045846425799734136
36961579,0.04637447836173841
36961580,0.06551783737235518
36986982,0.055251014148755884
36986983,0.04971961528915306
36986984,0.029065397503348814
36986985,0.028907372050291227
36986986,0.04472849383542233
36986988,0.10279236144101671
36986989,0.055852381511028754
36986991,0.05600357580112644
37023209,0.07613840679229775
37023211,0.7443817314463838
36967566,0.07598624299870102
36967567,0.16208480654965332
36967569,0.12927373344569315
36967570,0.10902881736789553
36967571,0.04524819181690817
36967572,0.052738694870102236
36967573,0.0537290664965661
37015316,0.7768425373254204
37015317,0.5503738861233148
37015320,0.43570239067617744
37015321,0.7166170518330146
37015322,0.7569451755555505
37015323,0.4753138862328861
37021035,0.20289497635333148
37021037,0.8574695624167789
37021039,0.31569546759941364
37021040,0.36943256205947583
36954868,0.1136705947425935
36954871,0.10067625194758244
36954876,0.10974120793048606
37018875,0.05636475014190174
37018876,0.06572432392349349
37018877,0.06667986055975669
37018878,0.06567830361436916
37018879,0.06608621875101921
37018880,0.05320070306220219
37018881,0.06928095833897098
37018884,0.06601269696458363
36969039,0.7106038744369768
36969041,0.5318630222441192
36969042,0.8153851554775896
36969043,0.572190718026523
36969045,0.3901973956041746
36969046,0.4816266489594216
36967395,0.13188453789390078
36967396,0.15578763421985534
36967397,0.12647669765705236
36967398,0.14170526470746334
36967399,0.9952331067402633
36967400,0.24271279008173643
36967401,0.10553133613809743
36967403,0.25274143265272886
36967404,0.23849648361661752
36995056,0.17935252961302112
36995057,0.1701088593195018
36995058,0.13180591775554645
36995059,0.2803198859034068
36995060,0.16523783660864116
36995061,0.45369127015997934
36995062,0.5025119068853682
36995063,0.1256897458200575
36982017,0.11117577992658817
36982018,0.13689656305448755
36982019,0.15042969307056658
36982022,0.1509682249621185
36982023,0.10891129529018238
36982024,0.14234501326314497
37018062,0.43059952940370294
37018063,0.2892308015170242
37018064,0.2953372225073976
37018066,0.42846684789011463
37018067,0.2459668379837424
37012575,0.06143076551699768
37012576,0.10150301445842172
37012577,0.10009753622098376
37012578,0.06099056444361044
37012128,0.13120220955477233
37012129,0.9322043545870127
37012130,0.13927800795597972
37012132,0.09756292450929345
37012133,0.1283411835037639
37012134,0.8658910690928736
37012135,0.18575801289679247
37012136,0.9210895365495859
36988639,0.2317961950299783
36988640,0.1377976198699324
36988641,0.2344421224653729
36988642,0.1384617834048287
36988643,0.30457557387377565
36988644,0.2646394109694399
36988645,0.19705818149549958
36988646,0.1511383998213491
36988647,0.4264245513426387
36988648,0.16783471342701642
36973227,0.14749531742143415
36973228,0.22126013395676103
36973229,0.17828907866598295
36973230,0.16494067557765502
36973231,0.1751237392307696
36973232,0.15503724397714372
36963488,0.23384116134256783
36963489,0.1167428695317191
36963490,0.13740397128110618
36963491,0.2827690488261896
36963493,1.2627152772493524
36963494,0.05745367311123955
36963495,0.07266462755271128
36997366,0.04940604385756729
36997367,0.06676903581894504
36997370,0.05379860427562941
36997371,0.05386161854020047
36968004,0.34584149461893265
36968005,0.7608881957941473
36968006,0.2917676755372993
36968007,0.3145159134655971
36968008,0.1498829970388769
36968009,0.4749550154731368
36968010,0.27964322084074034
37018087,0.08969022540805532
37018088,0.3563327653445338
37018089,0.2366956504551877
37018091,0.5626997613505351
37018093,0.1772905799620073
37018094,0.09403259052105062
37018095,0.22360575408625988
36972359,0.675731821505965
36972360,0.4746963141323948
36972361,0.3622131264411034
36972362,0.5199991995128255
36972363,0.40737161644671815
36972364,0.8289123427213353
36972365,0.47449124939955484
37021385,0.6579080473472748
37021386,0.22202183423349475
37021387,0.1659986475427205
37021389,0.17310433687629231
37021390,0.2858592715563084
37021392,0.2096094896481584
37021393,0.123361031905118
43432813,0.0919850501848998
43432814,0.05393004009713413
43432815,0.08239146955659667
43432816,0.1239855775327106
43432818,0.03106100240481634
43432819,0.06377533493687892
43432820,0.03762439290654771
43432821,0.06105899313334959
43431968,0.07569011565345972
43431969,0.05344808281834768
43431970,0.11590759830436391
43431971,0.28613217450664163
43431972,0.08099249936891245
43431973,0.34805057123257993
43431974,0.1625065842791388
43431975,0.07183915912886683
43423426,0.13678470850345847
43423428,0.0953217804586782
36982044,0.16213985886815194
36982045,0.13540732966813468
36982046,0.3988739906619803
36982048,0.37184702797887514
36982050,0.20848984889765737
36982051,0.09567859051821509
36973245,0.15399197201685053
36973246,0.14224344538834352
36973247,0.12368613151074692
36973248,0.1156025949998125
36973249,0.18299045382240753
36973250,0.12616519388556235
36973251,0.2332463995895185
36973252,0.12004874215823687
36973253,0.05055926393101937
43420754,0.11189840982898845
43420755,0.18581762554666884
43420756,0.20137544660986084
43420757,0.2031064673534842
43420758,0.10388307168361818
43420759,0.18980505058254776
43420760,0.18875219546607344
43420762,0.10957949552754553
43429493,0.12472127263911838
43429494,0.16402364827051016
43429495,0.20864042932877694
43429496,0.14894467137230785
43429497,0.13952393814926956
43429498,0.2871261168952719
43429499,0.13137961388002217
43429500,0.1889332861714749
43429501,0.1335901892322357
37007097,0.12733407651770406
37007098,0.13673566678313281
37007100,0.1357201996871682
37007101,0.9292795386849941
37007103,0.13943202772695135
36958366,0.22395548468933557
36958367,0.2719069826616977
36958368,0.7150659016907116
36958370,0.41022026086432123
36958371,0.36980274107809397
36958372,0.1781737487544571
36958373,0.25653320982851235
36958374,0.1737616994005942
37009753,0.21420459476249565
37009754,0.19441464753945398
37009756,0.18938623157700557
37021472,0.07804439313604747
37021473,0.07804702863407288
36975590,0.11745467681699942
36975593,0.21781380056307564
36975594,0.5214287572447727
36975597,0.13420660722809744
36975599,0.6914177053817967
36981102,0.30436913092335527
36981103,0.26727970532897993
36981104,0.1632343672390998
36981105,0.1731964145977987
36981106,0.2279626957523826
36981107,0.25122616833486955
36981108,0.20201871831242565
36981109,0.2653035001825971
36981110,0.7752518079485627
37011489,0.7122048357214993
37011490,0.15990805915686399
37011491,0.5341771755621111
37011492,0.3148579660815817
37011493,0.6759384283559069
37011494,0.566984626307302
37011495,0.1971424949513066
37011496,0.37003979436255224
37011497,0.5725400374998176
37011498,0.24053657264410655
36978869,0.19402845837798002
36978870,0.22181721794675202
36978871,0.22917397128268804
36978872,1.163763091654862
36978873,0.624796130076411
36978874,0.20436588678341214
36978875,0.20505303650506168
36978876,0.1798387811157215
36978877,0.7872868183418202
36978878,0.2663683327675394
36981541,0.2984119472586935
36981542,2.264842465466229
36981543,1.8533386879083542
36981544,0.32327913931415275
36981545,0.4229592099002575
36981546,0.1808033780603904
36981547,0.22003371757371776
36981549,0.2649365575741397
36969392,0.32471838008744813
36969393,0.35521312971508634
36969394,0.5496419147099507
36969395,0.4156728590549694
36969396,0.20940817382138244
36969397,0.34266092337929177
36969398,0.35272504686103245
36969399,0.38399356477076635
36969400,0.17569812830066037
36969401,0.2803481007471786
36978358,0.20381495853121737
36978359,0.13661312975364032
36978360,0.6309046354818674
36978361,0.4022433116891544
36978362,0.19981995780514766
36978363,0.09221901843903828
36978364,0.2665400117969422
36978365,0.15044217239745888
36978366,0.21650542231806783
36978367,0.2483413971248334
43425074,0.5441707573673262
43425075,0.11452264539687691
43425076,0.5435380660468646
43425077,0.48772925627983316
43425079,0.07364684309197565
36976674,0.09307687199608158
36976676,0.1209342329942426
36976679,0.10530441310654537
36976680,0.0782955584494239
36976681,0.10645345029783641
36989641,0.14767571268717034
36989642,0.10593011554992986
36989644,0.10534691235075049
36989645,0.09475440091759685
36989646,0.14355123316208968
36989647,0.15957967319937744
36989648,0.1316713784769313
36989649,0.09610155842276677
36966120,0.8959226406004231
36966121,0.09526689787951122
36966122,0.17493041120130776
36966123,0.3687551919593352
36966124,0.18787740261260485
36966125,0.2013251101246779
36966126,0.12580265659462772
36966127,0.07758511058542676
36997178,0.11055198603626082
36997181,0.12743839406191473
36997182,0.13377139953625797
36997184,0.11221823800485212
36997185,0.11209051243467243
36997186,0.08991006754157796
36994304,0.6542943583529147
36994305,0.9673983341512967
36994306,0.35775866896637465
36994307,0.1330897352887183
36994308,0.18104911475753652
36994309,0.14993589536850635
36994310,0.5466677434698229
36994311,0.24363060442156634
36994312,0.2537454662855996
36994313,0.2065718451319615
43424395,0.5309643730184077
43424396,0.35400875136059246
43424397,0.5163008353793734
43424398,0.5197312715541786
43424399,0.6968620891890441
43424400,0.39359607371650523
43424401,0.9045400850477775
43424402,0.45832831306482086
43424403,0.3704993629183122
43424404,0.7166393578384714
36997263,0.1179704844289673
36997264,0.18210360914855306
36997265,0.13413518065169402
36997266,0.10083293867727086
36997267,0.13268291292175902
36997268,0.10175142205754553
36997269,0.1946432251365444
36997270,0.15100386134996774
36997271,0.2458292966165901
36958454,0.13253264513045088
36958455,0.43882853939306
36958456,0.23711150465760067
36958457,0.22856852600243327
36958458,0.20409933132308072
36958459,0.19371255476620525
36958460,0.3234558732890313
36958461,0.10188117995739898
36958462,0.09523803148812335
37011310,0.14265802008864692
37011311,0.19029633760165368
37011312,0.162844406716907
37011313,0.22591410011959095
37011314,0.20739018162850673
37011315,0.11160825028570057
37011316,0.11250948496422104
37011317,0.21095932500969425
37011318,0.9009920607541535
37011319,0.22153754163213488
36956353,0.2973896684815127
36956354,0.13254714987913108
36956355,0.14417206058374366
36956356,0.1596111294324635
36956357,0.150843839750414
36956358,0.3169383314745186
36956359,0.10893741231666933
36956360,0.21312968761995155
36956361,0.27174927710799945
43419498,1.2809173991746081
43419499,0.3155983148137145
43419500,0.9181618032411208
43419501,0.135685752566226
43419502,1.02307723514065
43419503,0.5000774827519171
43419504,0.2911780984915435
43419505,0.11633772080339425
43419506,0.3478801447155207
43419507,0.11971383855135359
43430520,0.3115972404463646
43430521,0.2422273834411685
43430522,2.2689656838883923
43430523,0.35981906297718086
43430524,1.0808209549779872
43430525,0.31865574080540543
43430526,1.460897792152551
43430527,0.6751546711681762
43430528,0.2580951060267411
43420461,1.460945438476118
43420462,1.4891611415222619
43420463,0.3721415745062282
43420464,0.1669213749792468
43420465,0.21505814860914357
43420466,0.16307340258545683
43420467,0.1495676163800044
43420468,0.1505804411358498
43420469,0.12127251172073587
43431632,0.4385969947939485
43431633,0.34278771966310556
43431634,0.5283221587502023
43431635,0.14128005043040487
43431637,0.15010146177101463
43431638,0.2523007643888584
43431639,0.26061474243513694
43431640,0.24499646150614487
43419853,0.1469199663467229
43419855,0.1373657280016591
43419856,0.16053129624490456
43419857,0.48684887134992477
43419858,0.23275181894614286
43419859,0.0823745809122741
43419860,0.3080845129023852
43419861,0.7869657983547482
43419862,0.35673707514468334
43422049,0.39045298228178266
43422050,0.4132597223617613
43422051,0.29255260434237107
43422052,0.3600933350433636
43422053,0.5265369694973453
43422054,0.44635203601963175
43422055,0.1196364073563991
43422056,0.38371139965659107
43422057,0.4203598532036936
43422058,0.9028012331341101
43426956,0.9234799013733483
43426957,0.7461707098459386
43426958,0.09248618465138221
43426959,0.5460590465643621
43426960,0.19591671207066297
43426961,0.06934549461289159
43426962,0.10813488646618788
43426963,0.44004911128919805
43426964,0.48333272725230153
43420163,0.11128275854244044
43420164,0.563256864728294
43420165,0.4484010590446902
43420166,0.08885323714941583
43420167,0.28395413006873427
43420168,0.11788244741976227
43420169,0.12703206345562093
43420170,0.26894487909209774
43420171,0.3579327656553685
43424188,0.5766131239407466
43424189,0.33296964547839636
43424190,0.18013963576571745
43424191,0.15559571633451885
43424192,1.327452985249248
43424193,0.3601921312901082
43424194,0.15257668553208847
43424195,0.15272176057678008
43424196,0.26320369727857207
43424197,0.20785308627822582
43432642,0.47018179199442567
43432643,0.38599089249842466
43432644,0.7335087855534385
43432645,0.3680665498924335
43432646,0.47365044170798615
43432647,0.49510277145231013
43432648,0.9214329198899615
43432649,0.4961564931406504
43420789,1.1531564792419386
43420790,0.2890283122015451
43420791,0.18115488452713976
43420792,0.25313557921977736
43420793,0.22384850367616602
43420794,1.3255303615077974
43420795,0.7773179358877881
43420796,0.4109677586777443
43420797,0.13872816995986292
43420798,0.2635877453198716
43421654,0.37537513685425694
43421655,0.1411305008495869
43421656,0.8121156879539736
43421657,0.48398959410646636
43421658,1.4453402434437468
43421659,0.7032689388756527
43421660,0.707450469847671
43421661,0.1913111141326029
43421662,0.5783508188387695
36961461,0.18763528559774148
36961462,0.26621264884465246
36961463,0.19974400595355626
36961464,0.20706798306843383
36961465,0.22531670318971816
36961466,0.2199024795425272
36961467,0.1981569565939413
36961468,0.2310063954539906
36961469,0.20021843458869557
43423324,0.10181589582116354
43423325,0.16440646489467245
43423326,0.08704160150781773
43423327,0.06702640661171838
43423329,0.1726575930599469
43423331,0.21322131824590437
43423332,0.1433180090468735
43423333,0.15789321408238002
43423204,0.15082745677087453
43423205,0.07779989089356831
43423206,0.07823621462592974
43423207,0.28057377545817647
43423208,1.1887900725769607
43423209,0.07284046206703591
43423210,0.1478695572401616
43423211,0.217067606221345
43423212,0.1349376852891055
36956931,0.49829936589681073
36956932,0.16668314880961616
36956933,0.2079914608543834
36956934,0.18101374979208645
36956935,0.10717643550610537
36956936,0.31305204379326385
36956937,0.7201067662103198
36956938,0.24162147954377688
36976430,0.1600186185732189
36976431,0.2677402126960867
36976432,0.21318428754561866
36976433,0.2323793506532953
36976434,0.5177872940437195
36976435,0.19891932999879458
36976436,0.10970853119232567
36976437,0.14680234509488413
36976438,0.3833030557892208
36976439,0.16159482747113155
36982322,0.1913333624734156
36982324,0.21605730398200343
36982325,0.2955084753102748
36982326,0.2973690792564672
36982327,0.24230091137955787
36982329,0.19480258680877083
36982330,0.3435694462054468
37023107,0.1113356156891298
37023108,0.1114186112747152
37023110,0.11834430112005785
37023590,0.0634890032218418
37023591,0.34950207200907174
36996125,0.09463792714328201
36996126,0.07516310506602084
36996127,0.07660742761094233
36996128,0.09326418371923349
36995123,0.20992327381562134
36995125,0.16977573358259856
36989047,0.22007184220023912
36989048,0.07555876041947297
36989049,0.22758327779101242
36989050,0.16010015891509255
36989051,0.0493037316437791
36989053,0.13249287566282453
36989054,0.09974645465239194
36989055,0.13733677716214754
36965233,0.100297930284236
36965234,0.07646413867977485
36965235,0.17898000257831467
36965236,0.08402404720774971
36965237,0.14745334900066467
36965238,0.07353088893117876
37018778,0.09787513698651526
37018779,0.09050225164245924
37018785,0.09518429852222185
37017956,0.08415584525358738
37017957,0.1218211026121829
37017958,0.0826820893492204
37017959,0.08258072473967482
37018952,0.10418110637022306
37018953,0.5289667686179664
37018954,0.17330159329998673
37018955,0.08791737903711916
37018956,0.10264162954292205
37018957,0.4452417485490239
37018958,0.14172698750210846
37018959,0.41213680096340205
37018960,0.0955631590780068
36993948,0.4117393039746281
36993949,0.32200715892555465
36993951,0.08336391698634439
36965966,0.10834075144361209
36965967,0.07710565422351977
36965968,0.05664473851343812
36965969,0.10607538011165986
36965970,0.06905303135015925
36965971,0.04804804057303165
36965972,0.17745191577630226
37018612,0.140389991920624
37018613,0.20811295291214313
37018614,0.207607640958713
37018616,0.11572167772285159
36958755,0.12469848923750562
36958756,0.10449389563581578
36958757,0.12630658748531937
36958758,0.1380695228671232
36958759,0.11989125039198217
36958760,0.13822586751142307
36958761,0.13623149918860478
36958762,0.12412467179832244
36958763,0.09873090719256315
36958764,0.11185562282950257
36989983,0.18409439871236652
36989984,0.1391133403939513
36989985,0.32049111498734123
36989986,0.14673552969342088
36989987,0.19668315240098674
36989988,0.1999770579845718
36989989,0.1910023414066199
36989991,0.13209489353890197
37011108,0.3114839709316285
37011109,0.3130506839825201
37011111,0.33244726115139117
37011112,0.11829086463070637
36993991,0.06397096824276287
36993992,0.09723784283163153
36993993,0.2953450766214478
36993994,0.12178051078953381
36993995,0.27017818293300183
36993996,0.2106768165160796
36993997,0.2418087671273326
36993998,0.0698641666687239
36993999,0.0893265683198824
36971173,0.06487910275524497
36971175,0.3443510023448161
36971176,0.17718934193873898
36971177,0.3776545255587932
36971179,0.13749339664950766
36971180,0.18789733178918397
36971181,0.14843411715590196
36955681,0.18540986572157223
36955682,0.10570335088490071
36955683,0.21395351786711678
36955684,0.1073082998685502
36955685,0.1897358838171824
36955686,0.23308857617774623
36955687,0.19890555949714678
36955688,0.20615580976347153
36955689,0.1861047606080656
36978515,0.8683327703326815
36978516,0.16714849285053682
36978517,0.8410998378013063
36978518,0.1458784938889079
36978519,0.18229200312184232
36978520,0.1361498099882551
36978521,0.7797685490888553
36978522,0.19522199688553823
37012428,0.8607191540811513
37012429,0.5024048449152649
37012430,0.592034225124864
37012431,0.6010343367796457
37012432,0.32377929613182915
37012433,0.878807169143682
37012434,0.45653684161300306
36987074,0.29690631441553533
36987075,0.13329737986567652
36987076,0.17614411499011226
36987078,0.4105911974881378
36987079,0.44940944430719715
36987080,0.6651448141173499
36987081,0.21217489844122858
36987082,0.5546814875649569
36987083,0.2656135441918637
36973383,0.12227619557065288
36973385,0.10225560957635808
36973388,0.11636575574756501
36973391,0.09876185552714671
36997566,0.06517112145496587
36997567,0.09264237759806872
36997569,0.06561749613014142
36997570,0.07001244720128959
36997571,0.06420689823785804
36997572,0.06952095116792927
36997573,0.05887592277750309
36997574,0.06519781350772882
36955058,0.4573357161582395
36955059,0.1364316817613347
36955060,0.13212992721083713
36955061,0.200312050743985
36955062,0.08002872868259799
36955063,0.11075633580384474
36955064,0.09701548331026491
36955065,0.11184507241243864
43431233,0.20973317486766302
43431234,0.5888908039999705
43431235,0.17082602665956664
43431236,0.3015285157241785
43431237,0.45774507625702315
43431239,0.35014504421831893
43431240,0.3453914006361524
43431241,0.21370680359456642
37008398,0.21822394400346531
37008399,2.1391831156859342
37008400,0.1965302217262503
37008401,0.18282599494184504
37008402,2.2214373350249637
37008403,1.040576755774808
37008404,0.6594472918075995
37008405,0.3020927821138439
37008406,0.6586189684124992
36985273,0.09147782526407297
36985275,0.4534602209657755
36985276,0.09937085160908254
36985277,0.0956994210619869
36985278,0.09735530258054231
36985281,0.9343890977378546
43422823,0.21303390669195968
43422824,0.28750215117746797
43422825,0.17073922762195307
43422826,0.23735021608819323
43422827,0.11109157155777236
43422828,0.18322524703796095
43422829,0.20614807584976644
43422830,0.2397439350140777
37019829,0.14624583938844987
37019831,0.28120981699817466
37019832,0.5370421313838835
37019833,0.12638388218398033
37019834,0.1660903283908969
43426153,0.3318001693982255
43426154,0.2661113734418667
43426155,0.33782424372130376
43426156,0.31212196245966395
43426157,0.18212939649827023
43426158,0.2585543957868235
43426159,0.2919628355093083
43426160,0.15624176684129862
43426161,0.17974043326621486
43426162,0.29093740677801855
36984429,0.03166544277859263
36984430,0.07279842368283411
36984431,0.10511657207352484
36984433,0.796269073445686
36984435,0.02736506966665363
36984436,0.24974740476952842
36988615,0.13131818984952937
36988616,0.17627418031206332
36988617,0.12008323023969121
36988618,0.15104971646793278
36988619,0.18641699711209964
36988620,0.08192245628729825
36998605,0.11564818474557756
36998606,0.3097591074125753
36998607,0.11157658869897073
36998608,0.11263990446903388
37023432,0.08514929647015296
36997548,0.1738342133331285
36997550,0.2176287205066013
36997552,0.15838569094334098
36997553,0.23218635326982398
36997556,0.2800672191255126
37018181,0.5492756202135181
37018182,0.13102432276602305
37018183,0.2675465052651862
37018184,0.1796417539316632
37018185,0.1531734231118698
37018186,0.1348533282902929
37018187,0.2057600729503075
37018189,0.1243972261461023
37023274,0.1522861585343823
37023275,0.1299335182090893
37023276,0.1804365934806395
37023277,0.13821456734818272
37023279,0.34657647049060075
36960874,0.16304774265921865
36960875,0.14923159055289723
36960876,0.3143509971828254
36960877,0.18938766954193953
36960878,0.09196938402397481
36960879,0.18341802564272128
36960880,0.17968888992705515
36960881,0.19498008571793854
36960882,0.3899940002088685
36960883,0.22245022421167487
37013119,0.19442007672509018
37013121,0.18985520274583195
37013126,0.14444528356274103
37013128,0.2865424911307187
37013911,0.162788985669868
37013912,0.17195978693632005
37013526,0.17706730655842565
37013528,0.15416940649726585
37013530,0.4626859254470174
37013531,0.3721436820275653
37013532,0.17924292091025842
37013533,0.1576994873758944
36964477,0.19712758893489268
36964478,0.12456806662789253
36964479,0.49817691386934276
36964480,0.5432444285208955
36964481,0.21004545360384466
36964482,0.24588462733425195
36964483,0.5908032508960861
36964484,0.6652627441698784
36964485,0.17171241129517284
36964486,0.2859958477803007
36980158,0.4863080322180051
36980159,0.3141960503564117
36980160,0.7272499449453264
36980161,0.05424380136157725
36980162,0.21097048797572762
36980163,0.3010960822134157
36980164,0.1620304660838334
36980165,0.189828818872406
36980166,0.592607725311196
36980167,0.1864769870140974
36983093,0.23024896464138084
36983094,0.23918657272766541
36983095,0.23945066025617953
36983096,0.22664410042793004
36983097,0.34362876982970636
36983098,0.26274703576867703
36983099,0.2984740454989499
36983100,0.20359250133159612
36983101,0.2994961873528511
36983102,0.23624059010185397
37013131,0.33823870407735607
37013132,0.18399108919067847
37013133,0.2041942112031603
37013134,0.10572613249713327
37013135,0.10924912959100222
37013136,0.2034326646722818
37013137,0.15149393271270817
37013138,0.20911616200338284
37013139,0.15785001684242017
36986649,0.308709507624205
36986650,0.47683219111627806
36986651,0.2797050796884285
36986652,0.3480015425736267
36986653,0.3308870759590675
36986654,0.393491561836167
36986655,0.46780276224872797
36986656,0.2907899499030638
36986657,0.25173059255888225
36986658,0.3278257017048297
36987847,0.10591125844064984
36987848,0.2528127223406435
36987849,0.441706050624691
36987850,0.1798018160722634
36987854,1.1707341750394837
36987855,0.8057293755450904
36987856,0.21579915252097928
37006544,0.12960150551017588
37006546,0.14212818429575788
37006547,0.43714687080489406
37006550,0.2817711684380567
37006552,0.23104584194228078
37006553,0.24102155168362036
36961517,0.5503604672457626
36961518,0.1951919967064309
36961519,0.5016449532781516
36961520,0.5327151706619545
36961521,1.0097153202412608
36961522,0.22298745150043733
36961523,1.0684581819131318
36961524,0.28050917085012456
36961525,1.122761615863911
36993804,0.2693722912915894
36993805,0.3177771400116438
36993806,0.12126810845529466
36993807,0.22965328972679191
36993808,0.7563931115301071
36993809,0.36224472498156607
36993810,0.17622573184351253
36993811,0.33871911498672636
36993812,0.6453134981333988
36993813,0.24572032762086493
36989595,0.2860310025805364
36989596,0.6468087476903864
36989597,0.30967170017224205
36989598,0.2972344106193531
36989599,0.35663443066137
36989600,0.08956554892264233
36989601,0.26148989515577287
36989602,0.306443441528044
36989603,0.27403546065830786
36989604,0.3090483302386116
36991549,0.8758434858088916
36991550,0.21099736242948575
36991551,0.42139975051840567
36991552,0.32757022900176574
36991553,0.2294431845933477
36991554,0.2861833356890269
36991555,0.5604586732817538
36991556,0.4316947901862759
36991557,0.5433020836411525
36991558,0.3621116464082855
43420443,0.29541983212610795
43420444,0.6818974879153139
43420445,1.3493839105899588
43420446,0.22055561630502385
43420447,0.5011027971576699
43420448,0.20819876916299135
43420449,0.26195118263690587
43420450,0.4013745039739103
36987498,0.2590590841621903
36987499,0.11488471809303329
36987500,0.2086428555499171
36987501,0.15500606921581322
36987502,0.10608962900640898
36987504,0.26223952193190486
36987505,0.1935494426377922
36987506,0.18268876248923513
37015340,0.2031474469851414
37015341,0.17628993675378304
37015342,0.21893176867487574
37015343,0.07335093786715027
37015344,0.21596115093820017
37015345,0.25608186769220187
37015346,0.13828121063500765
37015347,0.3019957728364018
37015348,0.284521357679218
36962130,0.09679313199130436
36962132,0.06869051348246707
36962133,0.10099349652899868
36962134,0.18613501099445212
36962135,0.19521258318559573
36962136,0.19220587874156275
36962137,0.08789998432415849
36962138,0.09231702519204808
36962139,0.15703975734142495
37018697,0.22920147560338588
37018698,0.2861652775971271
37018699,0.43347517135193014
37018700,0.12112478774023967
37018701,0.25174859722704784
37018702,0.1015782600151336
37018703,0.21103622354093218
37018704,0.18548840836401925
37018705,0.1042583021590849
37018706,0.1065877269497857
37007344,0.6331199893492019
37007346,0.21183832345381456
37007347,0.6467508826672795
37007348,0.3554404091206046
37007349,0.39811098527855204
37007350,0.21300260130291943
37007352,0.3167372485395963
37007353,0.5151256716004077
37015617,0.40960148319814776
37015618,0.4590750118531522
37015619,0.4150016076899185
37015621,0.5473028812035906
37015622,0.5064842191028434
37015624,0.435718204943637
37015625,0.3560253155768031
37015626,0.4506276274996689
36956784,0.26343638755774335
36956785,0.19100572825319598
36956786,0.22739716262977014
36956787,0.15336490611339748
36956788,0.12310693739253593
36956789,0.17857663823816064
36956790,0.17271431914310095
36956791,0.10877955619570574
36961083,0.11360878849584882
36961084,0.7250792950885679
36961085,0.13495010327167972
36961086,0.11898161040981592
36961087,0.11418655922049997
36961088,0.11849415261661783
36961089,0.10266730007490693
36961090,0.10240615596540203
43429919,0.15493060762486277
43429920,0.4136024681874794
43429921,0.07451170850463763
43429922,0.10344739365254733
43429924,0.4406278782096925
43429925,0.10435998995694776
43429926,0.6923144766793162
36995869,0.27602233583027264
36995870,0.27837952109009
36995872,0.3204546248113468
36995874,0.3356979112223824
36978566,0.1498650046449566
36978567,0.5337999023439269
36978568,0.14303622636641905
36978569,0.16977400879151766
36978570,0.3101214238666302
36978571,0.20696046299387086
36978572,0.16175793303097052
36978573,0.2219767653587142
36978574,0.2209426478128764
36962231,0.15745760917086632
36962232,0.10880720929365913
36962233,0.18240056639117228
36962234,0.06455439516105607
36962235,0.0995988479552685
36962236,0.07133396126370375
36962237,0.08861330399914756
36962238,0.07583824803491158
36962239,0.1911869533912196
36966821,0.7232416103814087
36966822,0.17888238413753485
36966823,0.49414465611727226
36966824,0.18004697506726683
36966825,0.12642731339875973
36966826,0.14091720887744227
36966827,0.11526457812584665
36966828,0.08224602766971913
36966829,0.10386309196473283
36966830,0.3674421225769109
36996972,0.1661645912829507
36996973,0.07791649184863479
36996974,0.15300536569080087
36996975,0.19449235091897132
36996976,0.22816198488133554
36996977,0.45069716645595054
36996978,0.13286383306242067
36990064,0.47512579884259054
36990065,0.6046735731593388
36990066,0.36296516799038697
36990067,0.4854925449048475
36990068,0.3357657928331832
36990069,0.31955041948428903
36990070,0.3125660538768499
36990071,0.5303813051758041
36990073,0.5642836767179522
37019199,0.17075941090837107
37019200,1.041775890323267
37019201,0.5244575524002963
37019202,0.6936070695576931
37019203,0.793955999526135
37019205,0.45490194598285577
37019206,0.9754195526021859
43418858,0.292924500550978
43418859,0.13413362034396062
43418860,0.38252838276226603
43418861,0.19615028423080558
43418862,1.08658121224476
43418863,0.3378267318783543
43418864,0.2402259704777728
43418865,0.9556353751424179
43419873,0.4465305991825424
43419874,0.42685869968961676
43419875,1.1823009897013246
43419876,0.5377315315256668
43419877,0.8365215714579022
43419878,1.962573252093754
43419879,0.7516109930769652
43419880,0.3543475353600149
43419881,0.8621243588662221
43419882,0.19591502423894197
37023167,0.16797158678319735
37023168,0.08449899570870131
37023169,0.0988336802803658
37023170,0.6036968648826699
37023172,0.062434441565037434
37023174,0.2120987126767684
37023175,1.5940793770957626
36982133,0.15175257672251066
36982134,0.1690739019486458
36982135,0.2214003584598238
36982136,0.17284516803628466
36982137,0.22831850680857813
36982138,0.20226526634659417
36982139,0.2160968476808265
36982140,0.20590338199577746
36982141,0.1479860560461189
36982142,0.2389622627481721
36984187,0.13704795632183206
36984188,0.09982366131653661
36984189,0.18284503409802982
36984190,0.2422413280299069
36984191,0.21489287998282144
36984192,0.23440652267456616
36984193,0.10434562883046385
36984194,0.16468746616357555
36984195,0.16099726371505793
37014629,0.2403864557524888
37014630,0.1660600423346719
37014631,0.2969309062738407
37014632,0.1514597168028968
37014633,0.7612352246251489
37014634,0.3783021699937574
37014635,0.15179067827634288
37014636,0.13864588166245004
37014637,0.13691847988721442
37014638,0.32926506263864397
37012102,0.14808872581045526
37012103,0.152234266052138
37012104,0.12175510422839933
37012105,0.2238438492575702
37012107,0.728308978933077
37012109,0.13289517548128502
36981381,0.1465304819984901
36981382,0.1343734594746834
36981383,0.23067633053221837
36981384,0.2291455051070434
36981385,0.11694356280755996
36981386,0.3636591183779395
36981387,0.3573413544972867
36981388,0.13197216584146956
36981389,0.12009518758319519
36981390,0.18541449419301453
37008995,0.060938555983735904
37008996,0.08920984647525239
37008997,0.08905288363888783
37008998,0.10659718663239938
37008999,0.4873106369521854
37009000,0.06384114271105999
37009001,0.10646741354103678
37009002,0.16540125469395306
37009003,0.2790140549819358
37010462,0.17300866864081194
37010463,0.1527945809818498
37010464,0.2538178315274939
37010465,0.18118409127685126
37010466,0.18498387399001745
37010467,0.16341727992416583
37010468,0.1886971016361662
37010469,0.17409979588411825
37010470,0.17393405028184014
37011001,0.18271049377681373
37011002,0.1902957276321593
37011003,0.19493573097017317
37011004,0.12268947751745303
37011005,0.164826209164036
37011006,0.23405731080325273
37011007,0.18131152831905487
37011008,0.21623957636908578
37011009,0.19694067528967601
37011010,0.20597090275149524
37018016,0.09217106497472444
37018017,0.0883581637461713
37018018,0.14924320214371464
37018019,0.2701147725266957
37018020,0.31660554535229224
37018021,0.09223101060311954
37018022,0.31711499543099214
37018023,0.1315688047036275
37018024,0.10608670655439636
37018025,0.11438569838039159
37023153,0.03269776999885204
37023154,0.09569138462982778
37023155,0.05830850359947211
37023156,0.6222938463916504
37024455,0.34459019608002067
37024456,0.3908477042421147
37024458,0.16132908102154306
37022395,0.08650065821426191
37020218,0.19805170070802902
37020219,0.45798550070921396
37020220,0.09218033812149239
37020221,1.097669948558739
36986825,0.058096748300399736
36986826,0.1239501704414316
36986827,0.09865849234854625
36986828,0.2913158647339202
36986829,0.20249720244456745
36986830,0.20287150781228316
36986831,0.09937321397952245
36986832,0.0788033302075769
36992723,0.12897510227867146
36992724,0.16032024609055606
36992725,0.2457872998916948
36992726,0.20161341826756266
36992729,0.1449650630112349
36992730,0.12513396940555763
36992731,0.23948631320963581
36992732,0.26851504969574963
36964667,0.052292148858581834
36964668,0.21716270497511103
36964670,0.1019379336620119
36964671,0.10596346287794042
36964673,0.05610602431627926
36964674,0.11392055358867108
36964675,0.04638744852873541
36964676,0.09296173817788178
36962035,0.10882046637835693
36962036,0.1035664214607145
36962037,0.1995700272579525
36962039,0.10783453624658414
36962042,0.06331844097086393
36962044,0.1068059965029181
36964889,0.23165468316451412
36964890,0.5296153999245832
36964891,0.4540092167894008
36964892,0.3930184421831353
36964893,0.19348490584952185
36964894,0.20920944448547754
36964895,0.47847494442712585
36964896,0.23413865269349918
36964897,0.20281788509625154
36964182,0.3075711622406745
36964183,0.18449018704524975
36964184,0.15988187883530972
36964185,0.37953014185168715
36964186,0.2992796141527721
36964187,0.210087711293951
36964188,0.20180065361736496
36964189,0.1732236919959746
36964190,0.18364044388308284
36967858,0.1382676379945416
36967861,0.15133343407044467
36967862,0.09929000705994116
36967863,0.09572629553767126
37008000,0.10881211334728319
37008001,0.12068197437618729
37008003,0.1386176344713036
37008004,1.252155665860429
37008008,0.12811196338541517
37011543,0.2812950235749941
37011544,0.32311243503157205
37011545,0.26727165308540385
37011547,0.9624786235145653
37011548,0.30542013728457157
37011549,0.294800677709933
36966967,0.05016723114770499
36966968,0.05580474642284586
36966970,0.07201408590474909
36966971,0.08270134823458442
36966972,0.07457697171932785
36966974,0.10238695871726919
36966975,0.07265832567343143
36966976,0.0716594880023642
36967727,0.07373502716081189
36967728,0.2591130663439294
36967729,0.17750132831713122
36967731,0.19331136555670408
36967732,0.0947686376662719
36967733,0.25659384255035045
36967734,0.24216142297279433
36967735,0.11727117391061886
36967736,0.19511913449702356
37009053,0.3585967797295468
37009054,0.11728825883467232
37009055,0.21627631311964252
37009056,0.41515003421797675
37009057,0.15024463577418923
37009058,0.1978085112340737
37009059,0.253299810060844
37009060,0.1699950810811306
37009061,0.19922161663053584
37009062,0.3500399840480106
36966393,0.1086342177581389
36966394,1.0993308831866446
36966395,0.05590686364341157
36966396,0.059651140997270355
36966397,0.08240926535158531
36966398,1.2153743764868463
36966399,0.035110957873748405
36966400,0.59584035615154
36966401,0.049988477179174075
36966402,0.05544837240535513
36971465,0.14478307198079896
36971466,0.28882256883284135
36971467,1.1262666669105803
36971468,0.1756151972834328
36971469,0.22323722964260936
36971470,0.17344123246073279
36971471,0.18894569476787357
36971472,0.1885798044284635
36971473,0.25113561194727296
36970009,0.19081716992379644
36970010,0.22021793328976302
36970011,0.1791636457414735
36970012,0.24136430048036267
36970013,0.31858014107169697
36970014,0.08421996604018904
36970015,0.15688185240051333
36970016,0.1305735576099884
36970017,0.2805970828937171
37022125,0.05860515443180237
37022126,0.06418688353211423
37022128,0.042114575953175803
37022129,0.10046609504862929
37022131,0.19141796060852875
36975022,0.09087673649136684
36975023,0.15669620484607422
36975024,0.25503299267957363
36975025,0.05931432689624968
36975026,0.16035900769160283
36975027,0.08195213966442301
36975028,0.28261235891082404
36975029,0.0870848584397842
36975030,0.10315758809875392
36975031,0.1809233741170394
37017503,0.11773630379023896
37017504,0.5198210690525747
37017505,0.18211802884946837
37017507,0.3485909204394004
37017508,0.12520779541620705
37017509,0.08518268104772556
37017510,0.16368906033011438
36968857,0.14751680090022393
36968859,0.24598881441481477
36968860,0.1167049219623394
36968864,0.06767160431195722
36968865,0.4760824393077938
36995169,0.7851930302556746
36995170,0.782371092423149
36995171,0.218391225798586
36995172,0.2760810072515673
36995173,0.10074108144649918
36995174,0.760203711067537
36995175,0.09929079043574993
36995176,0.17891445470851416
43419969,0.3219379076160487
43419970,0.12028174709707978
43419971,0.07589819684612667
43419972,0.16861927946040825
43419973,0.07321567160487273
43419974,0.5279412681276203
43419975,0.1869179082388283
43419976,0.07487548932331677
43428170,0.15228864626224295
43428172,0.2456565737777892
43428173,0.06829618696415582
43428174,0.2036407285297335
43428175,0.11286654013106444
43428178,0.05437563864031469
43428179,0.4722098864924421
36964796,0.34633486172984085
36964797,0.31591408642210084
36964799,0.5080784254660177
36964800,0.3989797658992396
36964801,0.20458826782377307
36964802,0.3903224661666047
36964803,0.27476963371728763
36964804,0.28435844780761016
36968529,0.13806102206540843
36968530,0.0830849867107703
36968531,0.1086618528675216
36968532,0.13469884125459852
36968533,0.0990565608467698
36968534,0.13451075383517502
36968535,0.12738987294241916
36986220,0.21231813828655005
36986221,0.12244909523562707
36986222,0.10048274132997918
36986223,0.9018221276837712
36986224,0.5324084640162874
36986225,0.5856962547011979
36986226,0.141511694994912
36986227,0.5143858973337049
36986228,1.0030010299711
36962825,0.16543658837127506
36962826,0.5232015695033267
36962827,0.21269560266664952
36962829,0.09779282598631756
36962830,0.6293787915228382
36962831,0.5087376608956483
36962833,0.18017309299786338
36989697,0.8599480480292466
36989698,0.276431726889824
36989699,0.11411522007591463
36989700,0.5317268944362151
36989701,1.000657634837203
36989702,0.10728051804236381
36989703,0.05709020132945795
36989704,0.07801093170540183
36989705,0.3050403242186322
36988561,0.06391644585686533
36988562,0.08248461535510199
36988563,0.07380290986834093
36988566,0.08123055448796962
36988567,0.06699282337691781
36988569,0.06621407601514166
36977189,0.24495036879205212
36977190,0.18930237002717337
36977191,0.24152712529286338
36977192,0.3799020460524564
36977193,0.6556734633662832
36977194,0.07888977092657935
36977195,0.30553382955946873
36977196,0.18671307793860914
36977197,0.7528295803432492
36977198,0.21897639590109658
36956133,0.5309590704011762
36956134,0.5350821647083862
36956135,1.2424616242021624
36956136,0.47021318452870103
36956137,0.4305323497486053
36956139,1.1650804424036543
36956140,0.2089977362541299
36956141,1.9877014009338565
36956142,0.22754315185709853
36975475,0.16133351104161697
36975476,0.1385956209886162
36975477,0.1646350980443465
36975478,0.10892851901408718
36975479,0.20804569495037908
36975480,0.11662440957848975
36975481,0.5413816262203685
36975482,0.13347688133221722
36975484,0.1492728795641474
43425852,0.3381596105472834
43425853,0.3959900409010476
43425854,0.45427438749300875
43425855,0.19248247010138175
43425856,0.11898798225121077
43425857,0.3007880824489219
43425858,0.37142710883600866
43425859,0.38343534353748343
43425860,0.21623780385776528
43425861,0.3222961493274704
36967487,0.2733300374654947
36967488,0.16007912704188343
36967489,0.22155962310389998
36967491,0.14044652786095313
36967492,0.1761064443588618
36967493,0.16787177149172255
36967494,0.17164967435932266
36967495,0.1451409535090572
43419172,0.17520720480656415
43419173,0.18499815783290383
43419174,0.16992924070398086
43419175,0.24951936563997856
43419176,0.29654887090187676
43419177,0.2141031608629468
43419178,0.24367523752475334
43419179,0.23630251747832676
43419181,0.27956387789746234
43429613,0.17552517928370245
43429614,0.12074390964636825
43429615,0.4469483749040544
43429616,0.5489008490994506
43429617,0.076135480467889
43429618,0.4276127592013332
43429619,0.20628284876765385
43429620,0.11486755548136167
43429622,0.09461703080679888
36966247,0.40264802152315865
36966248,0.3603766909509969
36966249,0.42164919898879505
36966252,1.02539136462307
36966253,0.6201802325455688
36966254,0.18514363977150095
36966255,0.2838704893584024
36966256,0.8920330055348741
37019216,0.12499058601371121
37019218,0.2999747730535001
37019219,1.0658438672369615
37019222,0.31874378963862976
37019224,0.13841900483325276
37019713,0.10014875423381792
37019714,0.10542031587888559
37019715,0.11244732004884996
37019717,0.31790777312886737
37019719,0.14928001565357837
37019720,0.1058423755509347
37019721,0.13508466098773222
37019722,0.14609840916329445
37020087,0.1286724585933268
37020089,0.12538955975122196
37020090,0.12124659328769812
37020092,0.1415916495431321
37020093,0.10557140692798414
37020094,0.10783002313635039
36977378,0.08274147760249659
36977379,0.0948043143632135
36977380,0.1359143395638542
36977381,0.410826729828867
36977382,0.09813699021488868
36977383,0.20225089431790405
36977384,0.2755863542598912
36977385,0.35457898834757245
36977386,0.14227294837166843
36977387,0.16804001556053894
36997441,0.4497608559408565
36997442,0.04177977977582362
36997443,0.24211320488314653
36997444,0.0835710122560751
36997446,0.09617400223421593
36997447,0.20250793754116317
36997448,0.06293481292430676
36997449,0.05199355257267062
36997450,0.1198464115343395
36980177,0.3329961452523378
36980178,0.4052955655708399
36980181,0.17825968157164376
36980182,0.28780444087815577
36980183,0.353345064679908
36980184,0.27988016983499936
37012361,0.5885702551432151
37012362,0.3987543165623685
37012363,0.412465516610964
37012364,0.49966952553215965
37012365,0.3696034807585687
37012366,0.2359783347117397
37012367,0.4627642610425656
37012368,0.14517621511422574
37012369,0.24403616312181062
37012370,1.0322505809208098
37013638,0.15068169641481804
37013639,0.37623858325621645
37013640,0.2576371760193505
37013641,0.4080630317255041
37013642,0.4641998164071971
37013643,0.10243172303868472
37013644,0.3252927372784639
36958135,0.14143809810217697
36958136,1.3008479702526223
36958137,0.22669545542774133
36958138,0.4721541621705842
36958139,0.293781238399871
36958140,0.5771906158831686
36958141,0.14814771375409558
36958142,0.7469443462671589
36990803,0.2193940161643728
36990804,0.2594591676690005
36990805,0.14556760107699607
36990806,0.24464082897473277
36990807,0.13171882211696934
36990808,0.06535604980815903
36990809,0.3800882645322986
36990810,0.16268027303353216
36990811,0.07465991208457101
36990812,0.0763937556198005
36967755,0.26069619411954753
36967756,0.17530952629702906
36967757,0.28714917769410453
36967759,0.3060356068790159
36967760,0.20493282450217817
36967761,0.09227418009002472
36967762,0.20093587351248834
36967763,1.0077331487432388
36967764,0.22821267630512918
36989851,0.0644984902024052
36989852,0.053258850225935135
36989853,0.20222733165658927
36989854,0.7131358133777306
36989855,0.055660708551104124
36989857,0.08690390347324707
36989858,0.6107000796239417
36989859,0.06686561053918044
36989860,0.10536313709295268
36996401,0.24326138610111755
36996402,0.27169840254623506
36996403,0.2248663135796421
36996404,0.37496173212292794
36996405,0.43290571222313856
36996406,0.45510194165933954
36996407,0.1591106888525444
36996408,0.19549054098816798
36994178,0.47744062336752097
36994180,0.2537078460744462
36994181,0.2541071200037486
36994182,0.5529165219870271
36994183,0.9468490163440807
36994184,0.36622373529323
36994185,0.2528844650859717
37013203,0.43516457338560677
37013204,0.338491831514757
37013205,0.3167085006540268
37013206,0.27494749148478964
37013207,0.3129018055585461
37013208,0.33021363233323775
37013209,0.3575037282112404
37013210,0.3091425552157116
36993769,0.07747416224131778
36993770,0.577366580245663
36993771,0.163943131651211
36993772,0.08141891408777692
36993773,0.09879149687679809
36993774,0.14857800025960333
36993775,0.25536003158144616
36993776,0.23211883413969261
36993777,0.26197013370011374
36993778,0.06908670414553898
36963422,0.23291678817277253
36963423,0.07809481691497039
36963425,0.11772554241510635
36963426,0.24127053307165514
36963427,1.464918526882081
36963428,0.08351398398973427
36963430,0.09691085991539407
36963431,0.21038881781140562
43423362,0.4466076542006461
43423363,0.3770230771237529
43423364,0.2623909078731131
43423365,0.4775771231158717
43423366,0.4214852106714049
43423367,0.13520407184421643
43423368,0.13910741108418903
43423369,0.5441449601227374
43423370,0.16395709055878352
43423371,0.33731625156200373
36958939,0.2631869008363853
36958940,0.21241324982220944
36958941,0.2241377254755649
36958942,0.27475925544437163
36958943,1.1317900274818093
36958944,0.18605751264226142
36958945,0.2937986494861366
36958946,0.22552077147205207
43427418,0.49131765725439486
43427419,0.1925216349039208
43427420,0.1193341393540035
43427421,0.543983172872828
43427422,0.4500523230803641
43427423,1.201869878698335
43427424,0.25335704530614384
43427425,0.2682024152162952
43427426,0.2515039338509401
43431551,0.2635537551591885
43431552,0.3558573711406328
43431553,0.40288715882330994
43431554,0.2717447784304773
43431555,0.2609168728505764
43431556,0.3604979319666221
43431557,0.24205575345387145
43431558,0.21392540876444713
43431559,0.40939157216284755
43431824,0.20713571996486255
43431825,0.30389655537473903
43431826,0.2515744714749126
43431827,0.45195656455978694
43431828,0.2772047695430511
43431829,0.2946115420966088
43431830,0.3043077323061044
43431831,0.2335117304858308
43427574,1.0353683393925963
43427575,0.19736882003369682
43427576,0.24241731990780385
43427577,0.9727002784176695
43427578,0.5005093016506458
43427579,0.5790658316110264
43427580,0.8481918560946838
43426763,0.6733425391626767
43426764,1.1913792609474783
43426765,1.1972427318996115
43426766,0.2327562811451501
43426767,0.12820859193713546
43426768,0.2937888627000413
43426769,0.3949925150183853
43426770,0.11727489719501245
43426771,0.1896046557357272
43422171,0.0932063265253774
43422172,0.3099025848971971
43422173,0.12760821802621533
43422174,0.1354929415004704
43422175,0.15158127173467095
43422176,0.21416276038511642
43422177,1.1995689326769357
43422178,0.2510388441861055
43424090,0.22483763112534724
43424091,0.16125910108680377
43424092,1.243316946462374
43424093,0.17068046279321164
43424094,0.1274411544922742
43424095,0.19961199076000632
43424096,0.17666323092595868
43424097,0.9997518731597086
43424098,0.2015411900243218
43424912,0.2514908125699818
43424913,0.128729785776293
43424914,0.24409366568726804
43424915,0.2682016926016488
43424916,0.3773370747529962
43424917,0.24019793605705347
43424918,0.25017780112996363
43424919,0.15548365759557597
43424920,0.09973455910390826
43429373,0.11599837133382235
43429374,0.6728841615232722
43429375,0.2953128726856613
43429376,0.1961940149285252
43429377,0.18747735231761306
43429378,0.1480233641381152
43429379,0.17289909594616715
43429380,0.329136859196195
43429381,0.12800004422890635
43429382,0.24447807423306475
36959238,0.16920348091305204
36959239,0.09909375596919529
36959240,0.3781977608732603
36959241,0.17367723033761387
36959242,1.035484696145146
36959243,0.07729067273216862
36959244,0.05692416891868082
36959246,0.10472468112161089
36959247,0.3103139988910862
37021578,0.5281321456519283
37021579,0.7754104193093365
37021582,0.3100869264547158
37021584,0.18190082411067618
37021585,0.3028608611326085
37021586,0.5320577393805411
37012092,0.2599582901607369
37012093,0.15291452014969154
37012094,0.1329506140857673
37012095,0.16040674743038888
37012096,0.15337410381056976
37012097,0.15697014250399569
37012098,0.13701820641597165
37012099,0.19574475313476827
37012100,0.18408209419774427
37012101,0.2294262658690536
37010640,0.2585943280706722
37010641,0.12460532384832627
37010642,0.08863870967987414
37010643,0.23335334920433062
37010644,0.22475459252517682
37010645,0.29902966174777834
37010646,0.22829778187633146
37010647,0.4347947568983366
37010648,0.3144205358201459
37010649,0.2523563077999861
36983738,0.1519501440446816
36983739,0.393467467322567
36983740,0.7486306558949514
36983741,0.6044718286236654
36983742,0.7260354383171862
36983743,0.21476229979540046
36983744,0.16248795676225122
36983745,0.2138237583208306
36983746,0.24669435087933084
36983747,0.337349343025409
43423815,1.043908712186347
43423816,0.2890952774456892
43423817,0.12391529745465447
43423819,0.1895322650799427
43423820,0.11364007766682448
43423821,0.11272277151961699
43423822,0.158924015178927
37023438,0.37098905392730536
37023441,0.12059409099239166
37023446,0.1909077920740702
37011171,0.15117832719167312
37011173,0.08513968856816237
37011174,0.0567592869711946
37011175,0.05492678131520004
37011176,0.07075861217820832
37011177,0.09078495530172342
37011178,0.06431204789994216
37011179,0.06015371995487269
37013929,0.27898832885512964
37013930,0.09064304864978716
37013934,0.257020644438807
37013936,0.079415747313231
37013937,0.1967373588896106
37013938,0.31935633124633167
36981651,0.1435569565678987
36981653,0.12851177370196556
36981657,0.16451165164719384
36981658,0.1521228162146095
37008547,0.1471460584921988
37008549,0.15665269400601126
37008550,0.12356449394124569
37008551,0.12782423934127904
37008552,0.14542285838220625
37008553,0.10631395233197073
37008554,0.22618920263033526
36957315,0.05597586594481993
36957316,0.0523315684084857
36957318,0.05656701320631601
36957320,0.05627898300793707
36957321,0.04802306774971564
36957322,0.05051382150164479
36957323,0.04875975604679935
36995104,0.15407870743314464
36995105,0.11293996762787956
36995106,0.17115720857371
36995107,0.15501099742528196
36995108,0.10845708227288366
36995109,0.17335748180970428
36995110,0.16188448296347635
36976629,0.1124459857785037
36976630,0.1288173073623178
36976631,0.15387884247685132
36976632,0.2230332942909344
36976633,0.14034133895640943
36976634,0.26146687057128987
36976637,0.1775951729686308
36998875,0.20614593277887377
36998876,0.14288550902966696
36998877,0.13951006048145403
36998878,0.10820703757949865
36998879,0.18677065807906532
36998880,0.1605738370299898
36998881,0.10650229547323105
36998882,0.15708012706624938
36967461,0.05389454965032308
36967463,0.0634650252952834
36967467,0.6428062276417261
36967468,0.7198362023143723
36967469,0.053482471174472926
36955048,0.12999683916239663
36955049,0.12936067035470764
36955050,0.07627992032441443
36955051,0.1893827022088129
36955052,0.07941909163845377
36955054,0.13556142010525124
36955055,0.08632873816967074
36955056,0.11538977502341988
36955057,0.12718480921331451
36963513,0.10089899990245277
36963514,0.0534746897272693
36963517,0.10456161453351522
36963519,0.06234442596415539
36963520,0.11101473090766548
36963521,0.10268930308781049
37017571,0.09765300771601726
37017572,0.04455723896870303
37017573,0.04583117462396975
37017576,0.07381963947456359
37017577,0.04506141466841026
37017578,0.042882030758916
37011259,0.4074411776469487
37011261,0.3638252138412166
37011262,0.20456170178997593
37011263,0.3960265022725201
37011266,0.3487031715824909
37011267,0.1031707097647011
37011268,0.8280276417400622
36971013,0.2514189966872788
36971014,0.14845933200210268
36971015,0.2411463184157673
36971016,0.1488469931815977
36971017,0.19157385486559178
36971018,0.329101848858215
36971019,0.21193096289734945
36971020,0.22757598309647217
36974169,0.07956340284311589
36974170,0.33504228419836074
36974172,0.07675353542445068
36974175,0.09036192198079879
36998442,0.11745476545934111
36998443,0.10110621342581748
36998444,0.26968195928793487
36998445,0.21213974128101662
36998446,0.14177109618702252
36998448,0.2497381979553785
36998450,0.09096846265848296
36973944,0.8508556190588645
36973945,0.3409171869301492
36973946,0.3205062740636532
36973947,0.43216219507385545
36973948,0.2741588753686885
36973949,0.37437921335678015
36973950,0.304119989271934
36973951,0.22211743330389358
36973952,0.34867479642910887
36971096,0.33810583689159956
36971097,0.15112278716400335
36971098,0.2162138483196708
36971099,0.15534900923753478
36971100,0.7963681141397501
36971101,0.4692237241579464
36971102,0.22058821638741008
36971103,0.12029825265428948
36971104,0.17649003975627872
36971105,0.4698679843748163
36978261,0.036103819237036254
36978262,0.7217889421648237
36978263,0.04635428078193963
36978264,0.03878118113770711
36978265,0.041428350689177905
36978266,0.742606619949334
36978267,0.6242343368163531
36978268,0.10598892795746939
36978269,0.04992133459510704
36978270,0.7429745485452998
36981660,0.0388237620272318
36981661,0.09068424117334287
36981662,0.03845205432083273
36981663,0.05558665631781763
36981664,0.038259398419827825
36981665,0.04089988471838936
37022972,0.14018326793934738
37022973,0.1871341098569845
37022974,0.26659318503595225
37022975,0.17020241457198068
37022976,0.19079343277644148
37022977,0.17711651645706647
37022978,0.14489962756016625
37022979,0.21795331803530435
37022980,0.11020847470060213
36997804,0.46479959986696906
36997805,0.12712276566931976
36997806,0.2299363046350788
36997807,0.11746393241860842
36997808,0.19937610997926555
36997810,0.1363567830903539
36997811,1.1134256145202546
36997812,0.9277718919926863
36997813,0.11946362667922639
36980205,0.06563644483744184
36980206,0.05291910921874597
36980207,0.13989569498061705
36980208,0.5957285130948144
36980209,0.15219252908601594
36980210,0.09566672608586538
36980211,0.12816151066248108
36980212,0.05884635469999579
37010914,0.13653330447266132
37010915,0.1609862911858625
37010916,0.12902586551637873
37010917,0.3982153140674834
37010918,0.2730710724385398
37010919,0.39938099718414777
37010920,1.1366308080846934
37010921,0.1250374694067009
37010922,0.41770047679296624
37010923,0.10760061522330923
36982201,0.05895102771132445
36982203,0.07052067419880899
36982204,0.06993734851163795
36982205,0.12232702278838069
36982206,0.05899922399915209
36982207,0.0800585574108311
36960677,0.17992392601512555
36960678,0.12794014482501218
36960679,0.6277418837636952
36960681,0.12473735129288002
36960682,0.221278948024954
36960683,0.3540964063144861
36960684,0.1788596845290777
36960686,0.1360385750030625
37008706,0.1364038759141957
37008708,0.13137045258174235
37008709,0.09128439490277372
37008710,0.11734881395228765
37008711,0.15856734515921678
37008712,0.15328665989086873
37008713,0.0897033328342239
37008715,0.3237945542156058
43426217,0.23183542998651882
43426218,0.18699087833105243
43426219,0.16709542748910086
43426220,0.2653506732255847
43426221,0.4086928562614869
43426222,0.12888181131854376
43426223,0.26500493914518447
43431711,0.09431473249058689
43431712,0.6968963744648988
43431713,0.12477796324188394
43431714,0.10415239232469946
43431715,0.6661515837701827
43431716,0.09502915686948207
43431717,0.1205632967250355
43431718,0.11499206515282717
36986034,0.3421284397191669
36986035,0.3664286333896917
36986037,0.15193451753778997
36986038,0.7737471722668323
36986039,0.2996674953195737
36986043,0.14204771971554936
36986614,0.3949361857496652
36986615,0.36819494005136183
36986616,0.5216089567739464
36986617,0.14310743882394933
36986619,0.17336082622663207
36986620,0.16504917727329532
36986621,0.5765406736702379
37023741,0.593673409720527
37023743,0.4180511066586732
37023745,0.52054087359848
37023746,0.3577946193497328
37023747,0.5544819864955721
37023748,0.43171873908390107
37014639,0.08732186643318161
37014640,0.07008379791859976
37014641,0.07063673247980516
37014643,0.054515293714762735
37014644,0.07699886905114743
37014646,0.06431137591476276
37014647,0.05539844312302899
37014648,0.16898604103861947
37007076,0.1711989110948887
37007077,0.10991028514078391
37007078,0.1720366668680578
37007081,0.08801247112733643
37007082,0.2191082107243398
37007084,0.10647455603852032
36987454,0.10016561328032993
36987455,0.049623867821301564
36987456,0.34238276360154135
36987457,0.0471252952180767
36987458,0.13563886317987622
36987459,0.3048622283685711
36987460,0.09512571815704098
36987461,0.10690921855457648
36989496,0.08629559476773531
36989498,0.0871443038116497
36989502,0.08727929149675637
37009384,0.0749281829017199
37009386,0.07062826707661629
37009388,0.22382223940805257
37009389,0.16360205096972402
37009391,0.10939050315299273
36975562,0.15517366236729832
36975563,0.24913487432108314
36974537,0.24313275889780994
36974538,0.23358352565171694
36974539,0.21405002280853974
36974540,0.054608926171839434
36974541,0.23962760762854046
36974542,0.2760954233913425
36974543,0.3627214801015036
36974544,0.19880789316339886
36974545,0.356398046316506
36955799,0.11066309146980263
36955800,0.09532007799460213
36955801,0.10668409782354653
36955802,0.11251838839955507
36955803,0.08168592503394646
36955804,0.053759359034436474
36955805,0.23061077470509422
36955806,0.0974907226337915
36955807,0.07480335084516736
36955808,0.12124297595056872
36979788,0.1365800180026083
36979789,0.12173894443745674
36979790,0.10993997807459843
36979793,0.11552890415622105
36963432,0.14273593329156806
36963433,0.11009403039804462
36963434,0.08789851359581126
36963435,1.0316416879115178
36963436,0.22414846469126207
36963437,0.18210951059932023
36963438,0.2625194231702973
36963439,0.19124430589404112
36963440,0.22784844762331752
36963441,0.17875666666018564
37012201,0.0862973527313389
37012203,0.0666789679262809
37012204,0.14422689397472208
37013250,0.1560180015356741
37013251,0.12344230511449354
37013252,0.16871170750354167
37013254,0.12897692171131317
37013255,0.5479464988796426
37013256,0.17126158880917874
37013257,0.12023446036778555
37013258,0.1529308749763807
37013259,0.15852604125784692
37008807,0.13522969002947788
37008809,0.14264627008369823
37008811,0.08458589984474152
37008812,0.06697265055908538
37008813,0.06053516056299107
37008814,0.3899103594936565
37008815,0.05874717990930738
37008816,0.053063462575932516
36995268,0.723298584353637
36995269,1.324880176421163
36995270,0.2899669142643997
36995271,1.0132221536948725
36995272,0.2649328414025213
36995273,1.19492861756223
36995274,0.21863318919503624
36995275,0.7273724979182355
36995276,0.1301060551524393
43420779,0.329200462953182
43420780,0.3639772453944658
43420781,0.4463202860182996
43420782,0.7232184747287165
43420783,0.5056691681739627
43420784,0.7406567948904367
43420785,0.23172410713455976
43420786,1.3892931957451264
43420787,0.6206762693256849
43420788,0.3339632573308511
43423083,0.40728735695191
43423084,0.40799803577748395
43423085,0.22289774762814696
43423086,0.13740544545605018
43423087,0.23974267736890437
43423088,0.23556661411842664
43423089,0.1495515573115341
43423090,0.4327275123928602
43423091,0.955213823347711
36997144,1.5382360520084921
36997145,0.25997004393907935
36997146,0.30876467185406453
36997147,0.35143035497455594
36997148,1.2094825957513642
36997149,0.5492125418220127
36997150,0.09963816880427305
36997151,0.1918041206796072
36963087,0.10242070632245344
36963088,0.09055681124074326
36963089,0.11600848229868954
36963090,0.08541516594381267
36963091,0.14369447703995702
36963092,0.10562888176819443
36963093,0.13011672254691437
36963094,0.11649504995606351
36963095,0.08900006347802251
36982092,0.5186598251974333
36982093,0.2867875652944599
36982094,0.19972505067628113
36982095,0.29388903657302917
36982096,0.19844427197888126
36982097,0.15708034821303812
36982098,0.25992151334207525
43422449,0.05256428194857757
43422450,0.6808706976614942
43422452,0.05919815666395602
43422453,0.13641756920610248
43422455,1.1690177155072419
36979532,0.48874297449385445
36979533,0.5029731586720504
36979534,0.6219938791706437
36979535,0.5133171484372823
36979536,1.4829625896680134
36979537,0.10888200734705981
36979538,0.3457530514818942
36979539,0.15543864248660957
36979540,0.1478763814877777
36968940,0.07448152636193012
36968941,0.08023137119776028
36968942,1.8545063529329395
36968943,0.070507308623212
36968944,0.0799314265691232
36968945,0.08326726339161934
36968946,0.22214997716741602
36968948,0.06762507273423725
37013984,0.12484860009054292
37013985,0.10223911250633684
37013986,0.16887887261281903
37013988,0.13890004218512475
37013989,0.13802310294374476
37013990,0.4412502586496652
37013991,0.46073566510091224
37013992,0.17020423407763646
36960713,0.2661942620843006
36960714,0.44174864542282444
36960716,0.38287561056943215
36960717,0.09999592109794124
36960718,0.13849522244387139
36960719,0.26476589580570786
36960720,0.18774217275796393
36961186,0.4314379017042646
36961187,0.45560423094098723
36961188,0.4189754106797369
36961189,0.6129299754634018
36961190,0.8719985715425613
36961191,0.3446054269596709
36961192,0.6918727459877555
36961193,0.43618190946798446
36961194,0.47917429309824316
36968399,0.8395112539306215
36968400,0.13788281374860673
36968401,0.2190588599868053
36968402,0.1684510407699124
36968403,0.19802257378079066
36968404,0.504742780136549
36968405,0.3510703486040799
36968406,0.21393498260746752
36968407,0.5246637495564522
36963567,0.20328839988694553
36963568,0.33077641451532136
36963569,0.1455810382700666
36963570,0.47737576749120514
36963571,0.15016228287564443
36963572,0.34072334075850486
36963573,0.1419036061277787
36963574,0.19501104687199672
36963575,0.25378010446880495
36963576,0.28637336685933196
37011124,0.17565190535871011
37011126,0.1891418893455339
37011127,0.24348722062096553
37011129,0.2021727039869916
37011132,0.2390957337605892
43430539,0.1535544989018018
43430540,0.9629447309101953
43430541,0.4846502439967057
43430542,0.4136438502735881
43430543,0.38854527462838495
43430544,0.12991989069178062
43430545,0.3929353416556354
43430546,0.3108890555030401
43430547,1.4076924224060958
43430548,0.2905569798990794
43423535,0.35057547825895896
43423536,0.40654313775098666
43423537,0.2170140700028169
43423538,0.5296367194579055
43423539,0.18691513417333175
43423540,0.4208794930265424
43423541,0.5590389607450312
43423542,0.7229511255235549
43423543,0.194421820131612
43426828,0.587731170019879
43426829,0.19299810157331804
43426830,0.18559061759162493
43426831,0.2678397216524623
43426832,0.14578748817019438
43426833,0.4312645598456674
43426834,0.350074108506533
43426835,0.14426472570399737
43426836,0.26538217440992695
43432681,0.1516246046812151
43432682,0.16499358044629456
43432683,0.17557093779241548
43432684,0.7760136759936083
43432685,0.21742909019557222
43432686,0.12008179639080961
43432687,0.287527096266061
43432688,0.6731882199056498
43432689,0.3628352265078357
43432690,0.23419535785427956
43432606,0.21089982825207929
43432607,0.5533277527230713
43432608,0.13518410665867728
43432609,0.5494301672806268
43432610,0.1988341529609272
43432611,0.24092445879326999
43432612,1.1735868535640477
43432613,0.18432395959468814
43432614,0.19635461801818316
36967426,0.256386763192854
36967427,0.37835112289443035
36967428,0.2937820716196216
36967429,0.1324681359935956
36967430,0.25410583534165704
36967431,0.14252293636161106
36967432,0.2162545504266924
36967433,0.2793893418917573
36967434,0.2900748398888549
43427728,0.1407513120670469
43427729,0.1325772526647295
43427730,0.16474194751675653
43427731,0.12720848574029497
43427732,0.11601411653497617
43427733,0.1532765634207789
43427734,0.1757684610857816
43427735,0.125577565901934
43427736,0.129715736661699
43427737,0.17272614598119865
36966781,0.12399781232384509
36966782,0.1998377429945464
36966783,0.21305652075801904
36966784,0.0973698065316678
36966785,0.6958865649364944
36966786,0.14260343845936202
36966787,0.18721669754002632
36966788,0.10031049360779451
36966789,0.1220578319275539
36958408,0.3379891245762248
36958409,0.14942198807896948
36958410,0.08668153928831634
36958411,0.605646391915943
36958412,0.16342367251038403
36958413,0.11059631111465676
36958414,0.2618731892003798
36958415,0.18206490727037625
36958416,0.2069359389095139
36958417,0.21338811549994247
43428666,0.14562253402524053
43428667,0.1889196334694677
43428668,0.10995848055423048
43428669,0.14042301914660746
43428670,0.12294395454363102
43428671,0.19671917897016625
43428672,0.13548580086299009
43428673,0.15444431032951106
37008528,0.163196904313319
37008530,0.18530693453814953
37008531,0.2988403007381543
37008532,0.15573881320549315
37008533,0.1613066985859483
37008534,0.10364642241440462
37008536,0.1653857086005577
36975847,0.5195943649616342
36975848,0.232252875651225
36975849,1.3433116848411426
36975850,1.3587148868160148
36975851,0.42832152225874204
36975852,0.9675262024435811
36975853,0.216300584986672
37008931,0.265354283349915
37008932,0.13623350962165828
37008933,0.4584199731426482
37008934,0.1361112498256391
37006436,0.15088491396110087
37006437,0.15850719670209656
37006438,0.14001151299056375
37006439,0.7459840073580093
37006440,0.10315556628674193
37006441,0.2419137995308087
37006442,0.1320186405678933
37012604,0.18120355310289943
37012606,0.13815667555693942
37012608,0.15208593926648895
37012609,0.39114156218734636
37012610,0.20330943342653068
36978592,0.05457652788292051
36978593,0.3180458095256357
36978596,0.21567949791130883
36978597,0.29694279169531645
36978598,0.10281363755034115
36978599,0.2225214885872841
43425808,0.30450578519732463
43425809,0.17101291172443484
43425810,0.1945457896464481
43425811,0.3755261156730088
43425812,0.09376651338802555
43425813,0.44561372652705106
43425814,0.14079700012919705
43425815,0.19898415338138473
43425816,0.10368309490878902
36984688,0.7160120254541952
36984689,0.2289924719205038
36984690,0.20917866422705006
36984691,0.6140061316634635
36984692,0.2190406236726669
36984693,0.24761677737382307
36984694,0.21008303224335598
36984695,0.4654985718134686
36984696,0.1417573081398801
36984697,0.3130121491036211
43431524,0.131464392375985
43431525,0.1173580808009265
43431526,0.21392434955452358
43431527,0.10971702146932939
43431528,0.10193749106113852
43431529,0.16227056835533615
43431530,0.2500859477853136
43431531,0.1527164252156666
43431532,0.18946351285863272
37012029,0.07143716762281592
37012030,0.11916873988450838
37012032,0.0937294550408343
37012033,0.6180454828908603
37012034,0.11856048677291976
37012035,0.19429506527299706
37012036,0.04397396799950776
37018903,0.14514266156742517
37018904,0.038769279814143784
37018908,0.13797714939905142
37018910,0.038279386676620085
37018911,0.026202343673265172
37018912,0.8153056428063771
37021268,0.09736098938907739
37021271,0.08931774323106156
37021272,0.10274005750243977
37021274,0.08162444902505353
37021276,0.08981951493614626
36955524,0.18807276286589603
36955525,0.09975141303866912
36955526,0.13177171733464546
36955527,0.1270907680573279
36955529,0.14495316374529563
36955530,0.15479454505010218
36955531,0.17540679701362255
36972163,0.9745204361498755
36972164,0.0835568887075063
36972166,0.37565487484451676
36972167,0.06834648020477346
36972169,0.061240239446987456
36972170,0.6241418208903068
36972171,0.4155443503599383
36972172,0.05789587053134503
37009658,0.221795356697012
37009659,0.14712018456640358
37009660,0.15162403349477568
37009661,0.14206345309219195
37009662,0.19321164615005829
37009663,1.035824795969011
37009664,0.935894531691971
37009665,0.4417163330833266
37009666,0.2043102268233004
36966943,0.2637547764687941
36966944,0.9044847049025155
36966945,0.16258524665106797
36966946,0.31746956065638443
36966947,0.17062211252656073
36966948,0.1454245340507003
36966949,0.16038940089427217
36966950,0.14252610429748208
36961581,0.30893955217985386
36961582,0.13534968834104463
36961583,0.09718025409934519
36961584,0.3972326245988065
36961585,0.14885756424754795
36961586,0.1915249091849569
36961587,0.32345627801959353
36961588,0.2085256687724282
36961589,0.13556722547213398
36960524,0.14375356740706163
36960525,0.1202997146217308
36960526,0.10535039598906376
36960527,0.167126647110714
36960529,0.137411866861987
36960530,0.306619352594927
36960531,0.2735390146689552
36960532,0.3834287227232223
36955559,0.2374800375254828
36955560,0.14891552382936554
36955561,0.198392487698997
36955562,0.20480769918434075
36955563,0.14447595291678442
36955564,1.090519100075595
36955565,0.2355614381105423
36955566,0.21159591983039192
36955567,0.14702233163289177
36955568,0.20366618947799642
37020047,0.7173255948335523
37020048,0.11947018347631087
37020049,0.1583162348728011
37020050,0.13959219288493013
37020052,0.22139742342209676
36957966,0.11220348794428918
36957967,0.09270437284657296
36957968,0.1374969330523289
36957970,0.09549175521632114
36957971,0.1274984340926923
36957972,0.1349448047766549
37012542,0.22139279962750927
37012544,0.14759875724607324
37012545,0.7286974728688016
37012547,0.12749348973153082
37012548,0.20659111962828625
37012549,0.1468355950034332
37012550,0.21365707647451446
36969117,0.17573771777333913
36969118,0.2113753563812808
36969119,0.29718494044294924
36969120,0.11571001437087615
36969121,0.2811593750381287
36969122,0.2324445081988352
36969123,0.2237343762704038
36969124,0.2739087094081091
36969125,0.6797675211841012
36969126,0.1848236351656825
37017379,0.05501671645758389
37017380,0.08447343617245397
37017381,0.8941702178248191
37017382,1.0339714110702134
37017383,0.05030652887779966
37017385,0.08313744242186949
36963785,0.07768808876548948
36963786,0.0637271213702858
36963787,0.08948848862138725
36963788,0.061519957268196715
36963789,0.061375811205258
36963790,0.09310493125722287
36963791,0.07580922307247946
36963792,0.06824514061361636
36979918,0.04125193417084638
36979919,0.047155686730360594
36979920,0.46358808262081597
36979921,0.042534966136094074
36979922,0.1496756797638322
36979923,0.5639832905486227
36979924,0.050109751380915044
36979925,0.08674845945918386
36979926,0.08178709166261461
36995792,0.16332934971872193
36995793,0.14216780864270756
36995794,0.29027889571327825
36995797,0.16312467763382182
36995798,0.20129526849611123
36995799,0.14127063056370623
36957859,0.10567571251151998
36957860,0.26432543485378684
36957862,0.11763022576959146
36957865,0.07445751468353508
36958105,0.061240334530634384
36958106,0.10484338092016533
36958107,0.2146311700556215
36958108,0.10264210375200625
36958109,0.12415964579383135
36958110,0.0951941839291922
36958112,0.13369012548407877
36958113,0.10464918735199108
36958114,0.1311743293935555
36956914,0.3189141053237595
36956915,0.1379013920965593
36956916,0.13168311055569965
36956917,1.5939980252053163
36956918,1.399076086097373
36956919,0.3682112952726921
36956920,0.3661361942279785
36956921,0.5442319173164754
36956922,0.19068174418114503
36993529,0.8151680926437889
36993530,0.290074402626784
36993532,0.7597660484493896
36993533,0.21076392933480476
36993534,0.48292865495046805
36993535,0.5861222731983641
36993536,0.1818489480161885
36993537,0.7858801238877693
36993538,0.1803803357117356
37014790,0.09235800254756919
37014791,0.6754172798767607
37014792,0.17873962189100984
37014793,0.36063028754679766
37014794,0.1160091026675975
37014795,0.1101791333279203
37014796,0.1295522620449187
37014797,0.2717787390423231
37014799,0.1710878540029538
37009980,0.17025467361878635
37009981,0.11099232003709678
37009982,1.6775398747722159
37009984,0.18795742630193243
37009985,0.21486929742137487
37009986,0.1290866699236999
37009987,0.217148704706258
37009988,0.14717575807679767
36983084,0.15042112462790824
36983085,0.2741195524807113
36983086,0.15978384291442194
36983087,0.15118005244431051
36983088,0.20265973196121442
36983089,0.21916007087403777
36983090,0.14036479547322506
36983091,0.15154442836751097
36983092,0.17919982356867606
36972073,0.10427040562903818
36972074,0.10660909878503272
36972075,0.12133141929854978
36972076,0.10720280624133822
36972077,0.10668138621852366
36972078,0.12810585665670524
36972079,0.21241570754477268
36972080,0.558486068572882
36972081,0.11397850346918154
36972082,0.11324420978812286
36974983,0.05680675361562919
43426435,0.4550889002156247
43426436,0.2690170749141065
43426437,0.675924292172262
43426438,0.7338037306151699
43426439,0.6812839281231737
43426440,0.5041351196435137
43426441,1.0124357186207313
43426442,0.6863370841673341
43426443,0.8100311792867227
37007337,0.3183659123605381
37007338,0.10782168537502856
37007339,0.09041570548571295
37007340,1.2175052038784067
37007341,0.9957301358165398
37007342,0.1133037599615661
37007343,0.4419392395538269
37009849,0.09883786721543568
37009851,0.21670951606706168
37009852,0.15461622164752953
37009853,0.0987917086347146
37009855,0.16316231565254313
37009856,0.17776534887599338
37009857,0.16415297028449471
37009858,0.10228581030532737
36960984,0.13307172110796678
36960985,0.12910858087170288
36960986,0.21242777044944622
36960987,0.6817256099977117
36960988,0.30061714068415185
36960989,0.5202727919489526
36960990,0.21480988207045693
36960991,0.46407322058179645
36960992,0.3153272273471798
43427933,0.0949953819525777
43427934,0.13036067750686156
43427935,0.4631668772416609
43427936,0.4223098451890005
43427937,1.4870188391065757
43427938,0.9187052295233455
43427939,0.1264245829235679
43431912,0.8270404510802407
43431913,1.3867963810597808
43431914,0.44705216233485323
43431915,0.573771889936457
43431916,0.5859973330402773
43431917,0.09444699253162452
43431918,0.24524620537148883
43431919,0.4289254039663708
36977719,0.16207127804861743
36977722,0.44096656123700706
36977723,0.18349704551263085
36977724,0.18504378158378207
36977725,0.17172197964506836
36977726,0.20729784904828574
36977727,0.21997040642055726
36977728,0.17878072636619036
43421117,0.19035327924776432
43421118,0.17203502803517098
43421119,0.16072894602397053
43421120,0.3105360391757285
43421121,0.13942405547359724
43421122,0.25666956657465234
43421123,0.31428146398606116
43421124,0.2231883556230521
43421125,0.47007054186841624
43422831,1.0501455342917478
43422832,0.2577331117167204
43422834,0.45301737567225825
43422835,0.3598088740908451
43422836,0.37319201539522756
43422837,0.28860191147116276
43422838,0.25372776928104473
36975254,0.12468772584047036
36975255,0.3208012998050849
36975256,0.96978720306858
36975257,0.21540379102158447
36975258,0.45887718042832476
36975259,0.7696846423071435
36975260,0.19993585311454803
37014218,0.17151391273216593
37014219,0.09035194464027704
37014220,0.08874326454075723
37014221,0.10791170347034283
37014222,0.09643993459284662
37014223,0.10636205677033043
37014226,0.11133178859328023
37014227,0.2071697047682019
36967849,0.1304451009920045
36967851,0.12771925037703305
36967853,0.720371659188709
36967856,0.10624613081404
36966062,0.11689411184566056
36966063,0.23220633777887825
36966064,0.2509937776251839
36966065,0.20284612274566544
36966066,0.17862798923155926
36966067,0.12005600047794314
36966068,0.2449796373285976
36966069,0.19751721280948967
36966070,0.20876872519739167
36966071,0.121278523847728
36966137,0.11142494554256442
36966138,0.22674173965361702
36966139,0.2708678226310458
36966141,0.08577179674870015
36966142,0.08801354715322178
36966143,0.48511039243701454
36964742,0.2246410330184066
36964743,0.06609922553600506
36964744,0.18953973558399798
36964745,0.1785587764203438
36964746,0.046799205488455335
36964747,0.1863122838116419
36964748,0.18647030410629892
36964749,0.18654997484891864
36954947,0.3288373237756024
36954948,0.0863297520297133
36954949,0.17583965908035362
36954950,0.2610208317112591
36954951,0.20084777584840682
36954952,0.31164366467214466
36954953,0.2403232807366154
36954954,0.138359441277137
36954955,0.2944908279197741
37014467,0.17343754062945385
37014468,0.1038422655760053
37014469,0.4494330099354548
37014470,0.27156947737096876
37014471,0.096672259736468
37014472,0.09116988628542101
37014473,0.0936020067432249
37014474,0.24458109288949
37014475,0.10300579411284974
36982464,0.06321365325844693
36982465,0.08107266927760248
36982466,0.10287722865755243
36982467,0.25852425947339536
36982468,0.08722502256182547
36982469,0.07026639796489863
36982470,0.21797249954455844
36982471,0.09215624093542343
36982472,0.32040248484848943
36988243,0.6570119199530707
36988244,0.1965271666722827
36988245,0.1317505780114961
36988246,0.09050252117623842
36988247,0.6125535184980909
36988248,0.2088730862542063
36988249,0.4399211231490909
36988250,0.20135234366522056
36988251,0.228866805366676
36998848,0.30754450843548053
36998849,0.15346878376272743
36998850,0.1525347347367007
36998851,0.20596795098074394
36998852,0.2558498450450708
36998853,0.17319491693899314
36998854,0.20709570413657352
36998855,0.20546726684211147
36964292,0.4531299992002728
36964293,0.48820233047495043
36964294,0.49603133527757426
36964295,0.5835311541113901
36964296,0.07534357804445421
36964297,0.7483903150480907
36964298,0.12036183774055692
36964299,0.1424604300397871
36964300,0.13319392530152363
36964301,0.4832428194135161
36970613,0.11388535564999815
36970614,0.4236083372174405
36970615,0.2598943071741435
36970616,0.29186671817187515
36970617,0.12703501375757034
36970618,0.1175445242479263
36970619,0.28072292346303207
36970620,0.2004958525827605
36970621,0.05966819716536166
37011223,0.24138785712469216
37011224,0.1131429708498366
37011225,0.14507619209727118
37011227,0.15633466586083353
37011228,0.22441027017213164
37011230,0.11752336245028641
37011231,0.12163612092228093
37007684,0.09189313432869627
37007685,0.6880369727861304
37007686,0.09948697380975083
37007687,0.24263247181271552
37007688,0.12849394134693623
37007689,0.16668850360212276
37007690,0.09131044371014956
37007691,0.7152079154998222
37007692,0.12786150513579186
36957892,0.1183290999279945
36957893,0.11100945552646663
36957894,0.13190568250724005
36957895,0.14163693757811363
36957896,0.09710570343586221
36957898,0.0958611452201309
36957899,0.12577745421479478
36971298,0.07044418450743348
36971299,0.06219099830910466
36971300,0.0784150125118079
36971301,0.05127386067967013
36971302,0.07288771767860956
36971303,0.06882832566941895
36971304,0.06042096550922823
36971305,0.05428272740023701
36971306,0.06642545916944154
36956208,0.17490246240425178
36956209,0.11661725286872289
36956210,0.18608071746696186
36956211,0.415194235576051
36956212,0.6734946225210235
36956213,0.10029217313756401
36956214,0.16590193889734953
36956215,0.35054777272342796
36956216,0.29546521096588796
36956217,0.48198460128462023
36988954,0.3209248533724096
36988955,0.17447915696354901
36988956,0.29287714163232176
36988957,0.5596884378989827
36988958,0.41438928886445453
36988959,1.1665305410038724
36988960,0.2649915535664111
36988961,0.3014694091648061
36988962,0.29975627314798653
36988963,0.10515861126744128
36968054,0.2727430826634347
36968055,0.1309813685675401
36968056,0.08498672248242682
36968057,0.18892688194709362
36968058,0.09452905156117365
36968059,0.2727553980441051
36968060,0.05924682313556341
36968061,0.0967317913641081
36968062,0.12463158135685476
43419005,0.1686107190066291
43419006,0.10126430624947799
43419007,0.14708759305495497
43419008,0.21498877673736616
43419010,0.18281380739010164
43419012,0.04326582988609657
43419013,0.22808750425554167
43419014,0.19858105776814033
43425954,0.29863509655591386
43425956,0.2561394601989204
43425957,0.1443084385874646
43425958,0.3441322752240847
43425959,0.6604276879207295
43425960,0.1829109714151204
43425961,0.3183230723505984
43425962,0.1457857203393663
43425963,0.43217334074948666
36970852,0.09368661495381501
36970853,0.321449360872339
36970854,0.09335362866566677
36970855,0.11771247722999179
36970856,0.08698982599561707
36970857,0.20623060472151877
36970858,0.23339341234167402
36970859,0.16095521345246486
36970860,0.2874599422365351
36970861,0.255254647864437
37021531,0.12143912104484561
37021532,0.1952792768893196
37021533,0.09732949771840399
37021534,0.23885029805790348
37021537,0.10168397084023857
37021538,0.1804741376437838
37021539,1.316506907125996
37011571,0.1734056261660812
37011572,0.11641165057105997
37011573,0.14003171543491025
37011574,0.1767597186037042
37011575,0.20997057142054326
37011576,0.13958533484311977
37011577,0.12586572929093598
37007828,0.049449455553701435
37007829,0.05273117876368373
37007830,0.046864050522205776
37007831,0.19299172028572836
37007833,0.20078117716733115
37007834,0.3849171291198193
37007835,0.08746581009589076
37007837,0.17790323792186885
36988216,0.02815181043461248
36988217,0.3730896231114902
36988218,0.12987042793875234
36988219,0.02805572474237326
36988220,0.32986386358983394
36988221,0.18071651788555376
36988222,0.03158969192662221
36988223,0.04593588924461282
36988224,0.035895003144720675
36963731,0.09940292090896116
36963732,0.08744537514467852
36963733,0.3210283508537694
36963734,0.08736832712820261
36963735,0.1955189201654192
36963736,0.13754658771772293
36963737,0.24046710110546407
36963738,0.14382878704525462
36963739,0.15009286004475897
36972433,0.6581137314322447
36972434,0.38127411735559036
36972435,0.13087792859371533
36972436,0.14446807779402326
36972437,0.16109923650556437
36972438,0.21590229779760067
36972439,0.2761798508032514
36972440,0.15846010719426196
36972441,0.3224720346414426
36972442,0.23196263685126048
43432752,0.4586912947331958
43432753,0.4370924517722188
43432754,0.45936196162974763
43432755,0.48781047945374284
43432756,0.4346045868884614
43432758,0.4924662527496809
43432759,0.5193397396509427
43432761,0.11350868232561785
43424559,0.3498370103080694
43424560,0.24234825446760208
43424561,0.23405108650164202
43424562,0.1223223249908754
43424563,0.1859599632743188
43424564,0.11263897718131857
43424565,0.29937596724797594
43424566,0.2483262830540892
43424567,0.2684724928547943
43424568,0.20538530094510982
43426307,0.15812575845073956
43426308,0.1603646183778562
43426309,0.6979391059045976
43426310,0.12892111488708716
43426311,0.11129474074817064
43426312,0.20753079103790753
43426313,0.19102388867099235
43426314,0.6101611911234776
43426315,0.2795670797700658
43426316,0.38258707304632167
36959316,1.4138058312633477
36959317,0.1881527896238338
36959318,0.13582524816087735
36959319,0.19114430080953743
36959320,0.3754558239873237
36959321,0.20303925436130474
36959322,0.08089912645663855
36959323,0.18699374166593266
36959324,0.4856610154762629
37014369,0.2004527472114648
37014370,0.37617384021201994
37014371,0.5707338124991366
37014372,0.18777110113563703
37014373,0.06828348525071934
37014374,0.2858508439658958
37014375,0.1165823258541884
37014937,0.16478547820026085
37014938,0.09186597333234424
37014939,0.29423858946278925
37014940,0.35909375099285445
37014941,0.1383261130606623
37014942,0.34171452229298627
37014943,0.13011845360368623
37024115,0.5096603380108304
37024116,0.10215571681604738
37024117,0.42445627763996224
37024118,1.093520843072858
37024119,0.14713770845392474
37024120,0.08865971920477958
36957324,0.04536051052555613
36957325,0.1566686816079765
36957326,0.06186529154928208
36957327,0.046100749166578005
36957328,0.07587175237276657
36957329,0.042834265447029625
36957330,0.05452628708554168
36956266,0.2324521347607119
36956268,0.14376560735590072
36956269,0.12657275495888287
36956270,0.2247351974469278
36956271,0.12565926432066735
36956272,0.5173309308334881
36956273,0.5926040190749738
36994162,0.14917266781191804
36994163,0.10611557055261563
36994164,0.0999151303372318
36994165,0.07339995337718791
36994166,0.06485526313537135
36994167,0.12576261816744383
36994168,0.14432764499666106
36994169,0.1603197982846853
36964921,0.1598803773060738
36964922,0.05381050176353336
36964923,0.055933571093956434
36964924,0.41670294965509286
36964925,0.08698525195794515
36964926,0.060455615715145176
36964927,0.15548546852927958
36964928,0.05222663840152354
36964929,1.1881571037009415
36964930,0.05657291142185232
36961277,0.11120268193159011
36961278,0.12505287903482065
36961279,0.1347743850540457
36961280,0.14281770036987992
36961282,0.1169107384330443
36961283,0.11993003592355836
36961284,0.11902599696220621
36961285,0.11560408554317225
36961286,0.1627775247953328
36967945,0.1691836987011488
36967946,0.10010618407411695
36967947,0.07368266159063802
36967948,0.11357010820159881
36967949,0.20019773659561974
36967950,0.12743434643056267
36967951,0.12045991039580728
36967952,0.12327694854805182
36967953,0.10265372951436535
36967954,0.14646503283112175
36960302,0.0682252449867999
36960303,0.11138631222686687
36960304,0.12595680597273068
36960305,0.09941485903995588
36960306,0.20771424815008194
36960307,0.10501528257146438
36960308,0.10935821219402024
36960309,0.07359010711223837
36960310,0.0869608043665135
36959344,0.09160449208797772
36959345,0.16226391721003985
36959346,0.16595609864515226
36959348,0.171900377000184
36959349,0.19040680097516705
36976077,0.1629472173477291
36976078,0.584486785774706
36976079,0.08487654511396836
36976080,0.15059109581255958
36976081,0.1028246276077933
36976082,0.280932340549423
36976083,0.22739122132415102
36976084,0.4151340756890044
36976086,0.19505072133282159
36964640,0.10426231210851364
36964641,0.27338197811656134
36964642,0.22752683211618044
36964643,0.12376146455634668
36964644,0.1516750871682569
36964645,0.2586887632096189
36964646,0.14417221858039375
36964647,0.0776843135466172
36964648,0.05639961230218803
36961826,0.1022631066689226
36961827,0.12809702414612287
36961828,0.10844234067509208
36961829,0.13744749849207047
36961830,0.0973962635364687
36961831,0.08556344382770387
36961832,0.16468950032614468
36961833,0.0835916033500025
36961834,0.08981476514824527
36998182,0.14291642261171608
36998183,0.5084738825031048
36998184,0.11125168429025208
36998185,0.20177937406704807
36998186,0.12934365022824945
36998187,0.09754714453901073
36998188,0.28646041040762404
36998189,0.14155209176261935
36962993,0.05817368950045258
36962994,0.05730278017396537
36962996,0.14986256798803713
36962997,0.09103907267023907
36962998,0.08121967186597735
36962999,0.16482227482007453
36963000,0.07639919301208045
36963001,0.0729785312662737
37022476,0.25862156454896806
37022477,0.24631890474111356
37022478,0.07773081690236128
37022479,0.3817478206042629
37022480,0.392408647507956
37022481,0.08982195167103187
37022482,0.20216490347236601
37022483,0.31709553141640734
37022484,0.09061292611478529
36969196,0.1816988518583684
36969198,0.049025918685088106
36969200,0.10380153169448719
36969201,0.5661642687525762
36969202,0.904595695941147
36969203,0.05829076514796559
43432081,0.09049026670067523
43432082,0.2210173250456797
43432083,0.2628014224800023
43432084,0.20193317180391215
43432085,0.2561832990878361
43432086,0.3552539602521338
43432088,0.10529036060789938
43432089,0.20069053653829533
43432090,0.11272378709401372
36975727,0.5890489410679671
36975728,0.43547841614813093
36975729,0.6501594775096409
36975730,0.26148292896470304
36975731,1.0650274798241244
36975732,1.0378515580104613
36975734,0.6555390041515768
36958875,0.5665065910080784
36958876,0.21546430738584818
36958877,0.3557104669525364
36958878,0.4393307992884189
36958879,0.5089420101142317
36958880,0.4535540850123726
36958881,0.30018592944350814
36958882,0.2601672922825936
36958883,0.4445148057216972
36958884,0.11888699101330866
37011640,0.24228560180616232
37011641,0.08658750322545618
37011642,0.2117128302540542
37011643,0.1810181381435928
37011644,0.19214136225057252
37011645,0.11941886731351825
37011646,0.3153817599318128
37011647,0.10608394871045103
37011648,0.10546247077869529
37011649,0.47154136858249746
43424648,0.36610175019133384
43424649,0.3935973695627533
43424650,0.07651981012038948
43424651,0.32507844621075094
43424652,0.28612684209598743
43424653,0.32660041948730684
43424654,0.2604892170787437
43424655,0.2638442519203508
43424656,0.34454153814744953
43424657,0.14384667481039076
36984143,0.5129383987886756
36984144,0.207047080497689
36984145,0.2764348577867877
36984146,0.165263474181302
36984147,0.20373709961301098
36984148,0.3522956628316979
36984149,0.14457346135614965
36984150,0.3451019986476267
36984151,0.316291805913192
43421212,0.29257357923942073
43421213,0.19370163264798693
43421214,1.5150813966355423
43421216,0.2776565369286273
43421217,0.23569469130076134
43421218,0.566001521180459
43421219,0.21807245661571545
43421220,0.28724267250677743
43421221,0.3672388886628237
43427682,0.10049361358785842
43427683,0.11006219825724604
43427684,0.11306816551387203
43427685,0.22578277415941234
43427686,0.11398605767994882
43427687,0.09946808902219485
43427688,0.12674651328335793
43427689,0.12997584068665183
43427690,0.15679950997103778
36965353,0.3487474821016759
36965354,0.15849011533248125
36965355,0.13699575747534598
36965356,0.31430503925267084
36965357,0.2585325262353017
36965358,0.299085844910525
36965359,0.91553190581378
36965360,0.1537652306125142
36965361,0.1823383503791205
36965362,0.38387573347434084
36966742,0.7169767049372006
36966743,0.6274000067214514
36966744,0.3588226887155988
36966746,0.46838711783349773
36966747,0.5155364384334818
36966748,0.3105730967966651
36966749,1.60319139150751
36962156,0.08184476793165832
36962157,0.35000508830655497
36962158,0.1025099467985104
36962159,0.1041251918196848
36962160,0.5795149803837774
36962161,0.19995143268076032
36962163,0.15492626549058228
36962164,0.19613511151995436
37006615,0.22452281596823667
37006616,0.1278253158826911
37006617,0.1053576472905968
37006618,0.28753225095419355
37006619,0.18402392845875767
37006620,0.300579912178579
37006621,0.3271341139129829
37006622,0.29002325929528044
37006623,0.3253777170895766
43424449,0.14162412961528126
43424450,0.47625415947361244
43424451,0.17768444132418676
43424452,0.37796384308826086
43424453,0.9366940041592287
43424454,0.20566182014755255
43424455,0.3315527482922826
43424456,0.3511647629429256
43424457,0.12358548998664133
43424458,0.09301698516294142
43420153,0.24584018106035654
43420154,0.129467527883735
43420155,0.4665636391912998
43420156,0.23643793587956746
43420157,0.11813871705093217
43420158,0.1916950071274225
43420159,0.20538433514454144
43420160,0.20792490980007408
43420161,0.7438370887234625
43420162,0.11940757157065994
43423480,0.22872320290114556
43423481,0.16512889107977002
43423482,0.26760163963283584
43423483,0.1387907934554857
43423484,0.10719539451099461
43423485,0.7387372650846772
43423486,0.0946140678421546
43423487,0.3870483264254488
43423488,0.15274394291951618
43423489,0.392598647997257
43420423,0.2435271339917581
43420424,0.38081658863336537
43420426,0.5510404091524513
43420427,0.3107681752890409
43420428,0.1315440112030872
43420429,0.2775952014129022
43420430,0.9291695473718077
43420431,0.19795785564809065
43420432,0.3372303920827872
36965348,0.1525599066584565
36965349,0.1335544787692049
36965351,0.08882665673731172
36965352,0.15252732875880148
36988077,0.16937895970618952
36988078,0.1797981526934276
36988079,0.08465204245749491
36988080,0.09078802903998104
36988083,0.1565040451487384
36988085,0.17073631434471429
36988086,0.11660441582946268
36967025,0.08342156687794144
36967028,0.08987539462430126
36967029,0.07544747347095271
36967031,0.1263665159720835
36961713,0.09656101926094088
36961714,0.09118104906742251
36961715,0.16743960767858276
36961716,0.08413158205907943
36961717,0.09401423020272313
36961718,0.4540331297857327
36961719,0.0915078344421098
36961720,0.12388800599313544
36961420,0.38146364862106147
36961421,0.10640922303906193
36961422,0.1367017112155764
36961423,0.3191619380393999
36961424,0.24706032161253783
36961425,0.524515435585434
36961426,0.10427283437280492
36961427,0.5364750972818796
36967419,0.36879414151002665
36967420,0.26717265417635794
36967421,1.4012939787589922
36967422,0.5906854535004294
36967423,0.1174155144722273
36967424,0.1979265020786351
36967425,0.12672131296866607
37017408,0.1509131536866301
37017409,0.16081094002285598
37017410,0.12832294211245934
37017411,0.29238872169132074
37017412,0.40167404235703685
37017413,0.08552951898852469
37017414,0.7280002386588013
37017415,0.20693788756559672
37017416,0.07635586626286367
37017417,0.13383056698377485
36971875,0.12047482083050086
36971876,0.2237023837004669
36971877,0.12650314464707393
36971878,0.1596745799291024
36971879,0.4096901789154552
36971880,0.0896118023789062
36971881,0.28707615385343843
37010609,0.4697333559701439
37010610,0.08941278166987299
37010611,0.15553501945601553
37010612,0.12962656391139601
37010613,0.08470546401940923
37010614,0.17425437934126925
37010615,0.17332160933141208
37010616,0.09616344539985687
37010617,0.2478664985456517
36975157,0.6950592187952748
36975158,0.7052216141312918
36975159,0.6596633763001465
36975160,0.33744571074797275
36975161,0.7058213778293838
36975162,0.6985737219849355
36975163,0.697379902179708
36975164,0.224542203890868
36961599,0.18605897279387565
36961600,0.13637345478663634
36961601,0.09919879761400177
36961602,0.18422029194831405
36961604,0.44012026030676327
36961605,0.15762872669874015
36961606,0.12898713665484193
36961608,0.4339763043243999
36964140,0.09782251763849935
36964141,0.08084851470283963
36964142,0.08207396279080272
36964143,0.08326572647282252
36964144,0.08407642902179185
36964145,0.08127051345582537
36964147,0.0841636992120212
36964148,0.0832886915491732
37017142,0.1739937161241545
37017143,0.24473718550049878
37017144,0.07222693027485129
37017145,0.10034536046488136
37017146,0.08109217110944607
37017147,0.12460247029597588
37017150,0.09065896085115593
36983609,0.11288995761069928
36983610,0.08515212886415745
36983611,0.08224856449490679
36983612,0.27579976714026627
36983613,0.11296806983681588
36983614,0.10848543472712648
36983615,0.09310038867950343
36983616,0.1484387564597517
36975125,0.21037249000571914
36975126,0.26536659721892736
36975127,0.15454404153252188
36975128,0.2845882358776002
36975129,0.31955167927704325
36975130,0.7274223423930767
36975131,0.24980871968300236
36975132,0.6893763844487543
36975133,0.24996484913492303
36975134,0.5680903556193855
36993633,0.3497724329593427
36993634,0.9559965195689929
36993635,0.2741405805245383
36993636,0.7741618429730507
36993637,0.15526701138396046
36993638,0.23436298202971442
36993639,0.17144910663658663
36993640,1.0173289297427512
36993641,0.9012142657927493
36985758,0.1052515791906958
36985759,0.15995274826836403
36985760,0.09116844136314385
36985761,0.07220136914454467
36985762,0.0688156784796677
36985763,0.1614560175297816
36985764,0.1444926959959612
36985765,0.0624613801691529
36988007,0.04494208015110351
36988008,0.08423366102286163
36988009,0.09872091274003106
36988010,0.15634264199142306
36988011,0.5092579452653861
36988012,0.2707555155503089
36988013,0.06821875097640498
36988014,0.04175769928337039
36988015,0.04411491600966026
36960695,0.3193062357368226
36960696,0.1721151746195037
36960697,0.4839638609468484
36960698,0.18873511095801945
36960699,0.3883156574673382
36960700,0.21355711878570477
36960701,0.36158507049908056
36960702,0.24722472952897623
36960703,0.19553938026877954
36960704,0.3969487270606199
37019758,0.5730415840329324
37019759,0.24851876595018108
37019760,0.2028696186657667
37019761,0.488436350040922
37019762,0.7144098288697507
37019763,0.17442075581543476
37019764,0.35481110903301416
37019765,0.3892359530429334
36964237,0.19992653832870347
36964238,0.10342633140158748
36964239,0.07487996324606615
36964240,0.151429847035303
36964241,0.07172631461486866
36964242,0.07780633823461393
36964243,0.15084632887042385
36964244,0.12047158157022887
36964245,0.18494002102277818
36967080,0.10107797891299379
36967081,0.19268425561046512
36967082,0.0782405058156168
36967083,0.07298337887629884
36967084,0.07358936802463766
36967085,0.08063672915486624
36967086,0.07299496015106458
36967087,0.06786502290387986
36961307,0.131649319749077
36961308,0.8940835607792516
36961309,0.11673450986616822
36961310,0.14180995877135885
36961313,0.6378057131661043
36961314,0.17734471576988473
36961315,0.26217409791842694
36961316,0.11618224819518924
36973836,0.15674149025694264
36973837,0.1155293348303468
36973838,0.10740294099587099
36973839,0.0630844149572199
36973840,0.5984077593674354
36973841,0.11081085261653918
36973842,0.1540636149619284
36973843,0.3321595731986263
43425455,0.07565242040345893
43425456,0.45595436416564444
43425457,0.11372731562771267
43425458,0.08032111662045884
43425459,0.062020767756681555
43425460,0.09482260645424559
43425462,0.09310640209236387
43425463,0.06444162866510679
36968932,0.0616313909981382
36968933,0.04612968117981589
36968936,0.6626250498180214
36968938,0.20734843776609296
36968939,0.3732933863692849
36967866,0.08594209434331937
36967867,0.09994822284743604
36967868,0.5710327386148006
36967869,0.09495545180832884
36967870,0.21422657158070657
36967871,0.22217576607320358
36967872,0.09596667376478688
36967873,0.10040966471509799
36967874,0.16136220566584697
36998659,0.049326782081062955
36998660,0.0407260311907411
36998661,0.05048028981944867
36998662,0.05088050546772378
36978163,0.047522133708372244
36978164,0.07548355612715545
36978165,0.06797932140055879
36978167,0.0458031168005712
36978168,0.06027746892254689
36978169,0.06942806902486325
36978170,0.24973161176431674
36978171,0.0703454432365025
36979541,0.2529362017094457
36979542,0.12378050499314389
36979543,0.34618035515259754
36979544,0.25067166923028694
36979545,0.4484213940805592
36979546,0.31560028157802616
36979547,0.25558306045291074
36979548,0.3869196969043805
36979549,0.32304725501578435
36979550,0.9692804052041255
36990926,0.6952306481356055
36990927,0.45661394878312705
36990929,0.13390019145404364
36990930,0.32977319893317697
36990931,0.707334427097828
36990932,0.8878763884395714
36990933,0.33299895122218953
36990934,0.5409019744201743
37006901,0.17046024248844852
37006902,0.17010522972113915
37006903,0.6667423338688748
37006904,0.2605344088355112
37006905,0.1612541044007412
37006906,0.15290828770757434
37006907,0.42272892745273233
37006908,0.19807807658927765
37006909,0.4156136781344244
36960819,0.22832727455508608
36960820,0.373459907996375
36960821,0.35515937265710873
36960822,0.2055575873610425
36960823,0.19847663775171517
36960824,0.2272868867907718
36960825,0.25034113796834156
36960826,0.19056601664310469
36960827,0.21332531057455867
37022828,0.1406919782570085
37022829,0.1071214043165617
37022830,0.13881304974453199
37022831,0.17139309131195882
37022832,0.12496089420094715
37022833,0.09831412176522314
37022834,0.1518752895350162
37022835,0.1084228604699263
36965554,0.40340900499009913
36965555,0.23964852533046077
36965556,0.4143551883508004
36965557,0.20836318804519513
36965558,0.19099631316861962
36965559,0.19931568388399587
36965560,0.2104461660959827
36965561,0.40349248138322874
36978190,0.1658743437208284
36978191,0.12421308585777965
36978192,3.1096103274292766
36978193,0.18985278604837813
36978194,0.11618378288517632
36978195,0.3029423466909957
36978196,0.12753582837533364
36978197,0.3457517267766883
36978198,0.20113980939042655
36978199,0.14304398820727682
37014167,0.33305516195828416
37014168,0.3876628863072541
37014169,0.5836863313752744
37014170,0.4197226772194155
37014171,0.0983457428264118
37014172,1.4313077379950332
37014173,0.09545706830263564
37014174,0.13648629409100413
37013654,0.10968751452637887
37013655,0.1674188843681232
37013656,0.3211698312368282
37013657,0.15121256029900665
37013658,0.10718205769708687
37013659,0.0978490484916664
37013660,0.09566992869923462
37013661,0.06453831403606149
37013662,0.11648594336588854
36998209,0.42544379661760534
36998210,0.4324565679911087
36998211,0.454951706278783
36998212,0.7137736748961403
36998213,0.17607499038653726
36998214,0.64378249994667
36998215,0.4888143413499674
36998216,0.4375855664726335
36998217,0.26797730375989415
36956343,0.2101404568875194
36956344,1.032700154600701
36956345,0.40238723996990905
36956346,0.18214432869628153
36956347,0.3497571683615633
36956348,0.32763017981326
36956349,0.2441781407639134
36956350,0.09066066688328109
36956351,0.29618996230638134
36964083,0.3098118071159974
36964084,0.06899168442177518
36964085,0.1325620452716181
36964086,0.08382750594747528
36964087,0.1015817514695186
36964088,0.08367751784549343
36964089,0.16986911078680952
36964090,0.37942426714983124
36964091,0.08706435091627644
36964092,0.10209712075546089
36962592,0.09817006260338984
36962593,0.07179882191913366
36959732,0.13770037973465737
36959733,0.14028504997599692
36959734,0.0941016665794947
36959735,0.08472133816198103
36959736,0.1352839210265154
36959737,0.12748973031943356
36959738,0.08609595217588759
36959739,0.13356023261181899
36959740,0.12410750347129137
36959741,0.09226941469940954
37009046,0.21470582562394533
37009047,0.2606142552928084
37009048,0.14678912783714915
37009050,0.3399388670037151
37009051,0.27139144377430785
36960866,0.17521400178766072
36960867,0.12367837305686104
36960868,0.23392823543719007
36960869,0.18548119161649174
36960870,0.2996713411565503
36960871,0.2713473044957538
36960872,0.1605407772227779
36960873,0.21318655814217796
36966301,0.09849808506272997
36966302,0.18581003771148338
36966303,0.12433599272154847
36966304,0.19740088678437634
36966305,0.16976187873067014
36966306,0.6067292547396538
36966307,0.1894059372175599
36966308,0.15117193914985233
36966309,0.14345380787857154
36964677,0.9046915675543046
36964678,0.20449290251417357
36964679,0.8719144342391114
36964680,0.9912263431693715
36964681,0.8304234299984131
36964682,0.6470626931886337
36964684,0.15254207868839226
36964685,0.9022215721465028
36964961,0.1701720161619242
36964962,0.28047716832978437
36964964,0.3149641891054638
36964965,0.3762340249498717
36964966,0.2420446869882734
36964967,0.6042260257288459
36964968,0.3691697614139793
36964969,0.08338847078076783
36968146,0.5841050153535812
36968147,0.2548733584462322
36968148,0.20244264598512754
36968149,0.3692921833154941
36968150,0.8158055309820199
36968151,0.19550046987515604
36968152,0.28139903487425205
36968153,0.1987538146369977
36959714,0.15025990866983463
36959715,0.3458579223911681
36959716,0.19979066274486124
36959717,0.08781488762339627
36959718,0.15301561516766413
36959719,0.5005043185946252
36959720,0.2927602012093683
36959721,0.1079618209186193
36957678,0.3923477817686562
36957679,0.08559526395627325
36957680,0.09886855567798687
36957681,0.15164237866072236
36957682,0.5027666377917532
36957683,0.09945647960045761
36957684,0.10193107582729845
36957685,0.12929223763027992
36989783,0.7398753861613155
36989784,0.11472272126338237
36989785,0.8567421293788697
36989786,0.8518985803653464
36989787,0.7822549823818391
36989788,0.7238447624568457
36989789,0.23230591203872736
36989790,0.3290598314422274
36989791,0.13254617463011398
36989792,0.32049958759955954
36986368,0.09843862023891131
36986369,0.05832424062945683
36986372,0.05481487163087906
36986374,0.0801691712514811
36973501,0.07493353099573634
36992716,0.0934956744222807
36992718,0.08456928703638157
36992719,0.17532027622175303
36992720,0.12059075537273778
36992721,0.22576423869574339
37021457,0.2153108742821941
37021458,0.1084251318937843
37021459,0.2258802284606646
37021460,1.303819374414592
37021461,0.0871794875022065
37021462,0.09195798075876495
37021463,0.3611122708329299
37021464,0.11520044355991776
36982830,0.09246698581948672
36982831,0.08578787880351865
36982832,0.09082645267757104
36982834,0.07670967726881156
36982835,0.07444276343214927
36982836,0.07765308402254029
36982837,0.11848206186705094
36982838,0.09245246963516665
36982839,0.09889288327025436
36956115,0.06208584653248964
36956116,0.1916874990539939
36956117,0.0669264444762887
36956118,0.19195230655332854
36956119,0.08070156223933143
36956120,0.11589840817271164
36956121,0.18272355866741427
36956122,0.22382889947757922
36956123,0.20172875724726433
36963282,0.10580028855304766
36963283,0.08365415069061159
36963284,0.15497426318924387
36963285,0.06917534738819693
36963286,0.17516583616332257
36963287,0.4185314181196706
36963288,0.21381597165722996
36992681,0.33016844107691923
36992682,0.11799856487480273
36992683,0.09525519912279522
36992684,0.10711610006248118
36992685,0.438628879420506
36992686,0.11910001777931097
36992687,0.15700429332314414
36992688,0.07570190681744297
36992689,0.5826895231994902
36957608,0.09309399126280052
36957609,0.07118678853817591
36957610,0.07900219397575128
36957611,0.09144991405685092
36957612,0.07463529930902094
36957613,0.0631360918668387
36957614,0.06885656901263983
36957615,0.07861374763920512
36957616,0.0688193407944701
36957789,0.3380928056592891
36957790,0.11180709135910603
36957791,2.0265713668444834
36957792,0.4283900774688094
36957793,0.13444077905867696
36957794,0.12103381872114499
36957795,0.7482026870505097
36957796,0.10086698643886928
36957797,0.28019369796047594
36967496,0.14764902861438842
36967497,0.2512259749236103
36967498,0.2423806840143963
36967499,0.30420443013289244
36967500,0.44176858436671074
36967501,0.3584166788549938
36967502,0.5712657454786991
36967503,0.3595314961215558
36963002,0.13460384081180846
36963003,0.2765350253057881
36963004,0.2180337580412501
36963005,0.1892248166627099
36963006,0.10565480526774641
36963007,0.16694413862641505
36963008,0.12292651795676758
36963009,0.2114723085793927
36963010,0.1536842602801724
36963011,0.1716434482906033
36958031,0.37725282566316903
36958032,0.5233809547280451
36958033,0.4515576284493135
36958034,0.3105410594896001
36958035,0.13764825480914636
36958036,0.25470556511493186
36958037,1.7440087226695768
36958038,0.16673270206059843
36963231,1.0632768421323484
36963232,0.07318451110350242
36963233,0.1600559251748518
36963234,0.09378571006109918
36963235,0.14188239795270427
36963236,0.0773722648111819
36963237,0.15230406740280247
36965107,0.0641572995098978
36965108,0.12770555113921742
36965109,0.6153474441350342
36965110,0.1614062211686144
36965111,0.5558717959672606
36965112,0.226659438217205
36965113,0.8529901047797555
36965114,0.20545501437296582
36965115,0.08070741083600892
36973747,0.11172028502767081
36959742,0.10733462507077655
36959743,0.610025949789758
36959744,0.14000505638414523
36959745,0.8181903016823084
36959746,0.11176898159456383
36959747,0.13315778429715178
36959748,0.1742103251674499
36955217,0.37942395244279903
36955218,0.08869870709595648
36955219,0.13344077728708276
36955220,0.1364773774887037
36955221,0.1542328656324654
36955222,0.08609610361731511
36955223,0.14665225219629888
36955224,0.14275453657632517
36955225,0.06376884216800563
37007134,1.172052836151372
37007136,0.7906247839897051
37007137,1.237535408580598
37007140,0.5821857011612901
37007142,0.5731575805016171
37017165,0.08352517116544791
37017168,0.0713369492647503
37023251,0.05097669060186618
37023258,0.05114238250217184
37023259,0.05960304445223792
37023260,0.058068748253045296
36981042,0.07147467720543473
36981044,0.40060258803056675
36981045,0.0709031158436269
36981050,0.0860954324669681
36979122,0.07432665004037026
36979126,0.3835605268153381
36994683,0.2809024700799302
36994684,0.27340402736553865
36994685,0.24504180443230306
36994686,0.3811295915913449
36994687,0.36394240515218523
36994688,0.2266929727850069
36994689,0.3325499523289961
36994690,0.07858443718856772
36994691,0.3292371318829243
36989362,0.18699449475630525
36989363,0.22315575191676745
36989364,0.19466848410607104
43432317,0.22909442271604083
43432318,0.266368103868778
43432319,0.3149810199299172
43432320,0.30491940201026707
43432321,0.23445965358870394
36960506,0.12817415349630573
36960507,0.32874597215500206
36960512,0.38208630611641925
36960513,0.26820301774472455
36973093,0.0954875230908756
36973094,0.07295385214104025
36973095,0.24359914399394222
36973096,0.06458523994160698
36973097,0.07904912268280004
36973098,0.066183164500842
36973099,0.09787172578662418
37022995,0.06799897388189968
37022996,0.09075784050136948
36995064,0.4442191574536244
36995065,0.3639877627079721
36995066,0.43022401946330263
36995068,0.35953727209355546
36995070,0.38266755294406857
36995071,0.37606626498007406
36995072,0.3419788428308349
36987410,0.21242899558661807
36987411,0.2193673414353163
36987412,0.38521015302623124
36987414,0.33437639915869605
36987415,0.35206224690179005
36987416,0.19043277636096775
36987417,0.3252276204352182
37021895,0.38728024720568777
37021897,0.40143811041822575
37021898,0.34379278469222657
37021900,0.3711474966518383
37022069,0.04852791088774564
37022070,0.04897683616642473
37022071,0.08112756163708294
37022074,0.04010942956871338
36985465,0.18611371689316192
36985466,0.2545575691892524
36985467,0.11746709700750783
36985468,0.13532196342302802
36985469,0.1846374011250717
36985470,0.1167220324864125
36985471,0.17371300996113528
36985472,0.15509172954212555
36962770,0.610881878655125
36962771,0.6342671585666027
36962772,0.5756748772833958
36962773,0.6798188499793371
36962775,0.7563424289577294
36962776,0.6415211943438353
36962778,0.6939663681575141
36962779,0.5484170106037298
43419944,0.09443147258825797
43419945,0.46526981186639527
43419946,0.07494783789792213
43419947,0.3694050944748858
43419948,0.15711194059295716
43419949,0.16373123214407317
43419950,0.5555723556349456
37024471,0.049723470778496155
37024472,0.08902279596842524
37019572,0.5589081333707645
37019576,0.149967723632628
37019578,0.11736423599333495
37019581,0.16810847649537172
36982919,0.171311007602999
36982921,0.12791715490436398
36982925,0.12715027358617542
36982927,0.2653326345579062
36994516,0.15141617592215495
36994517,0.4150978363043029
36994518,0.4251789223763214
36994519,0.1642634465067644
36994520,0.1716347912632956
36994521,0.18509369695957156
36994522,0.9540109363532023
36994523,0.15206709121822584
36994524,0.21256385817273338
43428723,0.2209469243558651
43428724,0.19149147027094124
43428725,0.13984242730836968
43428727,0.14490968600781742
43428728,0.17755489505699038
43428729,0.18332833619150046
43428730,0.1367545089700769
43428731,0.35020762453428184
37014060,0.4457012888167432
37014061,0.39564799670623296
37014062,0.3870802883311886
37014063,0.42105161685269893
37023941,0.24488226188363169
37023942,0.26652852360433266
37023943,0.16382850278853883
37023944,0.15802778548317775
37023946,0.06104462521639713
37023947,0.06650027284797103
37023948,0.06380370386921527
37023949,0.06888843466861146
36974717,0.06030149059746516
36974718,0.06063842846927147
37017355,0.4006498950931868
37017356,0.36366344778130333
37017358,0.3629531825518253
37017360,0.43560799097294434
36992827,0.07434347243217279
36992831,0.09772854376845194
36992832,0.07511259420246558
36992834,0.09078268451372577
37024130,0.5199046091342185
37020871,0.1504154839818901
37020872,0.1927404647777773
43419780,0.23698094090980917
43419781,0.11725669813060707
43419782,0.1218555484713005
43419783,0.22267792344102016
36959890,0.07053678625839366
36959891,0.06687839293407012
36959897,1.0863864670868897
43429063,0.16591541474491833
43429064,0.1671283009037339
43429065,0.1941370143463539
43429066,0.19327579559323824
36987857,0.3013454466143957
36987858,0.2922442307618466
36987859,0.19760146605502688
36987861,0.3538071978543638
36987862,0.15216332832182375
36987863,0.21732521548213365
36987864,0.29743841947984606
36987865,0.29048721391248605
43425945,0.8408576946296119
43425946,1.0057296932454731
43425951,0.7594943746346939
36981286,0.16775850564745926
36981287,0.08968368204633237
36981288,0.09041390677002877
36981289,0.1720950676721415
36968908,0.141971781264623
36968909,0.21159999082513223
36968910,0.2042631364179321
36968911,0.2728969903184187
36968912,0.1691780560499522
36968913,0.1791271931849768
36968914,0.18482702272201076
43424312,0.2685954456819119
43424313,0.22769609354809642
43424314,0.22907093436670461
43424315,0.2571085913111842
37022757,1.2117400530622564
37022758,0.674362087161597
37022760,1.4424156603444491
36997814,0.08693506497400864
36997815,0.09651411664380749
36997816,0.07070644976958063
36997817,0.07332475816471475
36997818,0.40883551168104143
36997819,0.08521818314788368
36997821,0.07928567306485672
36997822,0.09604430816965641
36966916,0.6333211762159371
36966917,0.5348601408629903
36966918,0.3376713885992406
36966919,0.33773661458301046
36966920,0.53380598968953
36966921,0.2538894406405707
36966922,0.32044733749448817
36985059,0.147908372871145
36985061,0.15377806038887015
37022555,0.0796802205731307
37022556,0.11741787575448198
37022557,0.09231708358055522
37022558,0.07781026317910444
37024252,0.02262804963595279
37024253,0.02578794188961968
37017212,0.09105161027824514
37017214,0.057238808519867575
37017215,0.06185772974282281
37017217,0.09420644794518229
37017218,0.060900985886875904
37017219,0.060764879147500554
37017220,1.137720282201849
37020730,0.2280803430212926
37006670,0.20210372110490493
37006671,0.19773777990373187
37006675,0.3741214439336213
37006676,0.36620679839624354
37006677,0.5461374407599076
37006678,0.20582617526903696
37006679,0.5940658103585646
36970930,0.11843634131387185
36970931,0.8701242568008315
36970932,0.13026938951699607
36970934,0.13852375158623076
36970935,0.22570095141722898
36980839,0.31335462593287905
36980841,0.2725441788798659
36980845,0.3344139643128333
36980848,0.27934024161447063
37017696,0.06792608383566985
37017697,0.072538668969541
37017698,0.06774656226567877
37017699,0.07259201025933958
37017700,0.0793378256567453
37017701,0.07186442832882446
37017702,0.07261363416177609
37017703,0.061169095229756144
37024131,0.11014505729891716
37023961,0.1365234206448091
37023962,0.09263094545295011
37023963,0.11295191115832559
37023964,0.07765613064193504
37023966,0.09146651361895064
37023967,0.0784122188185771
37023968,0.10778419652522196
37023969,0.13515688651665142
37014748,0.35543822525102753
37014749,0.33302366917381415
37014750,0.4896806005960526
37014751,0.37788641837188275
37018223,0.046979368878564576
37018227,0.04856617939316466
36994843,0.09443652153550859
36994844,0.056918297806895155
36994845,0.10281051412489237
36994846,0.09848721501206767
36994847,0.09626411177199656
37020443,0.03628370470897745
37020446,0.1356869842346126
37020449,0.7871836675983741
37018416,0.05837915964493488
37018418,0.05636762005099574
37018419,0.054357141218970506
37018424,0.05415157326616693
36986706,0.2747413178225935
36986707,0.33328696168210503
36986708,0.31567652009503416
36986709,0.4145654707395516
36986710,0.21297731674869352
36986711,0.2302841436897148
36986712,0.2217625330576413
36986713,0.2335066492920609
36986714,0.2838512044108754
36988068,0.35456515438462555
36988070,0.12564621479121194
36988072,0.27373338843421713
36988073,0.12254868383293717
36988074,0.1297965068039384
36988075,0.1449124062840827
36988076,0.3139492435446748
43424099,0.3251182489913398
43424100,0.3078425057433485
43424102,0.30461705864105915
43424103,0.20087221655829193
43428733,0.14948435189259582
43428734,0.1393165111615321
43428735,0.18083531839292497
43428736,0.32423562721599614
43428737,0.0956838368438671
43428738,0.18895984828238924
43428739,0.10162715225480733
36983783,0.149048495958556
36983785,0.35091327680209955
36983786,0.09071479163338629
36983787,0.29838726773596647
36983788,0.398541089592917
36983789,0.09761165404763782
36983791,0.44159895297973284
36983792,0.49964828071438916
36971061,0.3437990061432773
36971062,0.27832093873906266
36971063,0.3218297640777202
36971065,0.484495607681994
36971066,0.1823917702083861
36971067,0.33848542905056594
36971068,0.22040852939488903
36971070,0.20727151528282378
43430440,0.2568447467029039
43430442,0.2015253682047646
43430443,0.22951198127363012
43430444,0.2736213440748476
36986931,0.24174561748418968
36986932,0.2584275683713869
36986933,0.35289885432537355
36986935,0.32973397233601376
36986936,0.36423050433947507
36986937,0.24344031475725797
36986939,0.3345661710555444
36996578,0.11771652064488179
36996579,0.13786824375315576
36996580,0.7431402269688192
36996581,0.06608959038782353
36996582,0.1592074870292187
36996583,1.008658790817307
36996584,0.10838552360496437
36996586,0.14753412391767962
36968866,0.28279698582604174
36968867,0.28800748758386585
36968869,0.18001859555790745
36968871,0.19864736406977193
36968872,0.1940023333018526
37016104,0.0609939331308738
37016105,0.06111150394182396
43426480,0.37316941040080526
43426481,0.5637646311421319
43426482,0.1991193780589055
43426483,0.3799548862440606
43426485,0.20224346084870823
37024487,0.10692305679581313
37024488,0.10116338702244818
37023894,0.16858319581852402
37023895,0.24805289912547102
37023897,0.256034083954884
37023898,0.1632387341781543
37023899,0.21913666197730206
37023405,0.03960263758197064
37023469,0.23089061992710072
37023470,0.1121346280063725
36998474,0.14836190265615656
36998475,0.14411212346645214
36998477,0.1294557969905172
36993737,0.1557815872296666
36993738,0.14654988504380093
37022965,0.07940939950690512
37022966,0.06115357066717988
37022967,0.0583607258850769
37022968,0.07769984953340336
37022969,0.06581782009569859
37022970,0.07729504921428362
37022971,0.0640413743593281
37019279,0.09471012800588595
37019280,0.04726806108313852
37019281,0.09220312777703034
37019282,0.04878468175323926
37023305,0.04173820366966659
37023306,0.03410000690669323
37009185,0.3012265090630708
37009186,0.3426700316736952
37009187,0.24260231157665849
37009189,0.20846915514262102
37009190,0.20594430569019623
37009191,0.2994706812761321
37011419,0.16105522210291626
37011420,0.2124873141902625
37011424,0.16309425557185797
37023636,0.17880234546504373
37023640,0.5865017881461664
43433180,0.040260057493397186
43433181,0.03561666037585885
43425626,0.6518543959794878
43425627,0.7020460270454487
43425628,0.9091391475896394
43425629,0.6922262726170256
43425630,0.8492207516887743
43425631,0.6724191948950802
43425632,0.6277265895503096
43425633,0.7489071965371011
43425634,0.6664031740425949
43425635,0.7811583388896536
36985245,0.12136657632753978
36985246,0.07029089801788294
36985247,1.190461600453318
36985248,0.2117140882696257
36985249,0.27461110979015274
36985250,0.15423575491888236
36985251,0.11117671350000419
36985252,0.08864397884321974
36985253,0.16966547428189668
36992977,0.0872816783693015
36992978,0.26667558696072724
36992979,0.25888058867398156
36992980,0.26313665625096716
36992981,0.1528088468607847
36992983,0.8227242235157921
36992984,0.0886581703217856
36968172,0.19457407717760955
36968176,0.2001450253951371
36997893,0.04230422579420275
36997894,0.046476975797466714
36997895,0.119565818617978
36997899,0.43100370356044315
36997137,0.7604678567777017
36997140,0.09745664999322329
36997141,0.27446651528542326
36997142,0.09992192355321254
36997143,0.7835735501011678
43430764,0.12655273381298454
43430765,0.1300917126914408
43430766,0.17648983867376639
43430767,0.12657112466205142
43430768,0.2317122267110498
43430769,0.1820896311692218
43430770,0.13411028053179916
43430771,0.1973969474665834
43429528,0.3077070684135029
43429529,0.2693962015187809
43429530,0.22357014902651415
43429531,0.22375840481321876
37023069,0.13186503199189556
37023077,0.1059322005324071
36974328,0.6748246064859267
36974329,0.6044503288670742
36974330,0.6446256035388187
36974331,0.2930931759056726
36974333,0.703797156813848
36974335,0.24578692149567913
43431285,0.27480069312950256
43431287,0.16329244167494034
43431288,0.21867454045272355
43431289,0.2693944773844553
43431291,0.067085399626786
43431292,0.299265760577494
43431293,0.17266549202190232
36977601,0.20452663768998494
36977602,0.2653042999984822
36977605,0.1787693625148372
36977607,0.18955227949407255
36977608,0.18193349387762836
36977610,0.2243172733913766
36980604,0.3698653393616324
36980605,0.4014453096306027
36980606,0.3165863712709465
36980608,0.42200232522360587
36980609,0.3348672350219869
36980610,0.3313493534675667
36980611,0.45135484328736974
36980613,0.3602655722056486
36983318,0.2572197251055768
36983321,0.26761902010528676
36983326,0.28820390444998006
36983327,0.305008163002503
36978837,0.06775310240987895
36978840,0.11753430520295705
36978841,0.27650302531061816
36978842,0.11177823289734332
36978844,0.10119685268804622
36978845,0.0677935809239568
36978846,0.33834792426380705
36996902,0.25980949437587214
36996903,0.1537253563915215
36996904,0.12598740055379393
36996905,0.08048720213594222
36996906,0.24713091646397625
36996907,0.8048207032828484
36996908,0.0814891499274475
36996909,0.09866014381033765
36996910,0.8300538616794934
36964383,0.05838434028378153
36964384,0.05742501799218428
36964385,0.13850466776830378
43428702,0.23756506692280324
43428703,0.21404813921791224
43428704,0.24304486855052151
43428705,0.2068055237194884
36986724,0.2578456221240605
36986725,0.24833861064548682
36986726,0.2779163362299917
36986728,0.3463499399242757
36986730,0.33340013732035734
36986731,0.2795206807714625
36993762,0.1396475244339685
36993763,0.07422137713929224
36993765,0.07342942363004748
36993766,0.11595193662406489
36976154,0.4287676935843725
36976155,0.16637430260817912
36976156,0.187562080482831
36976157,0.3014950690879872
36976158,0.19173957032178965
36976159,0.4218917399909243
36976160,0.1754777069773619
36976161,0.16315417976817925
36974148,0.08717057401067345
36974150,0.09707845993519049
36974152,0.08834574331443466
36974153,0.08693229375346839
43433118,0.19772141261550613
43433119,0.19646807241554207
37008187,0.36496276097564523
37008188,0.17004302875768748
37008189,0.218513038268488
37008190,0.17240051201957482
37008191,0.3847906658996538
37008192,0.18338702838972992
37008193,0.14123588876934845
37008194,0.18539337437057365
37008195,0.19347537272630314
37008514,0.19655971615789275
37008515,0.18266976317414446
37008516,0.40373278745745667
37008517,0.31399125178220905
37008518,0.2441625305807114
37008519,0.1869150525480824
37008520,0.39498108491743716
37008521,0.22184120402324942
37008522,0.3264032677771285
37023353,0.3117532861048611
37023354,0.29511666321755203
37021787,0.19545252046274544
37020451,0.04913357182182994
37020452,0.11834458907271166
37020453,0.08715637346092343
37020454,0.06596961903561734
37018721,0.6609626485288375
37018722,0.48362667321317976
37018723,0.3963671598601055
37018724,0.3633905630961261
37018725,0.3973602225060467
37018726,0.4828550914687755
43420513,0.27910778511460727
43420514,0.1678204812623202
43420516,0.2790996845005993
43420517,0.16269086220483167
36967549,0.08248853868742198
36967550,0.09600928332298324
36967551,0.08782013071208285
36967552,0.2072442900840381
36967553,0.10190174824913917
36967554,0.09498778658429907
36967556,0.2326653072434167
36966072,0.3481676474754043
36966073,0.6060194834424256
36966074,0.6888328736293464
36966075,0.30070143875336713
36966076,0.6742500455296354
36966077,0.3508094434570138
36961752,0.5019017264933028
36961755,0.3905269672528575
36961758,0.4475954732910818
36983571,1.0681076984070343
36983572,0.0814289621230569
36983573,0.11887526364376426
36983574,0.08367183454966316
36983575,0.13660166340042193
36983576,0.12704241775551167
36983578,1.0250723975242553
36983579,0.11810360708122587
37009910,0.11493593734010175
37009912,0.16467240922772922
37009913,0.21677039081192467
37009914,0.12935500779109638
37009916,0.09497099756848011
37009917,0.149041122422266
37022156,0.10656515826644399
37022158,0.10783110987429462
37022159,0.10321976011183975
37022160,0.11058135023773412
37022161,0.11131649702115055
37022162,0.13130892699589863
37022163,0.12663358389765064
37018936,0.062248653580169976
37018937,0.06927309908915882
37018938,0.11244294398623632
37018939,0.07537467258683558
37018940,0.39206670040686886
37018941,0.03809674095156199
37021686,1.6045287415753438
37021687,0.3788839690302305
37021688,0.3477420378275941
37021689,1.6093084063982288
37021690,0.13691320958223033
37021691,0.08328259342170503
37021692,1.6519671463463235
36969313,0.21287381838773492
36969314,0.2173365872211442
36954864,0.5118145972795047
36954865,0.5015574000293643
36954866,0.504343405162397
36954867,0.5250067478514567
37008613,0.1223943825744429
37008619,0.11922194887106528
37008620,0.12292929746771121
37008621,0.12163940662242749
36998681,0.11459273052847652
36998682,0.23319064129511297
36998683,0.1013396717984678
36998684,0.24035799302064403
36998685,0.10999721198526483
36998686,0.09902743400587309
37011767,0.9007274344666863
37011768,0.906637834993631
37011769,0.3606475411725236
37011770,0.3495709299650229
37011771,0.35377731042608423
37011772,0.5033948881199702
37011774,0.5099171784170095
37011775,0.20447953933597396
37024360,0.1347867056938573
37024361,0.1401294548825315
37011065,0.08242920575089838
37011068,0.0784062291633852
36994763,0.04032121567824405
36994764,0.06319675469784694
36994765,0.07898690276883412
36994766,0.07939776367661183
36994767,0.07950013196075757
36989533,0.5334322735374966
36989534,0.2839543994831514
36989535,0.2659609063156383
36989536,0.3453101900398762
36989537,0.14693459047061538
36989538,0.32772185655386427
36989540,0.19278514187753107
36989541,0.14985761511519874
36961649,0.5419232921032431
36961650,0.31060845693045697
36961652,0.10719983422374524
36961654,0.13759748630791338
36961655,0.12646020379921066
36961656,0.1433338137709618
36979251,0.1339314482110524
36979252,0.10866430961907811
36979253,0.15777220378579074
36979255,0.1608353984425185
36979256,0.16149724938139368
36979257,0.25426965360471543
36979258,0.22282888858283081
36979259,0.21922504600885237
36992472,0.167694616789967
36992473,0.12301092214060376
36992475,0.16815783155000105
36992476,0.43325605629491726
36992478,0.1736574301529521
36992479,0.16540769893734006
36992481,0.4463522726629659
36991532,0.12651544347581786
36991533,0.2331291313236598
36991535,0.16644190160008346
36991536,0.21768900887182535
36991537,0.1382299450040881
36991540,0.21900533013527823
36993236,0.13135479323390653
36993237,0.11934759009388354
36993238,0.12016303924829681
36993240,0.17974552646152506
36993241,0.22059388715366618
36993242,0.15968031067175117
36993243,0.33885702102832804
36993244,0.22752397528753396
36993245,0.23385527694795008
43422059,0.5014895432397236
43422060,0.43692041630911
43422062,0.36410645642270134
43422063,0.4150292139284023
43422065,0.6490919450080657
43422066,0.33030681641585713
43422067,0.3462620270776027
36992929,0.17091053095200157
36992930,0.2627218310779452
36992931,0.24180083831219187
36992932,0.1471077107323063
36992933,0.28233459934251304
36992934,0.5742207588999558
36992936,0.3499037974428958
36992937,0.18525333408652375
36978645,0.2674577926584584
36978646,0.18305344780754523
36978647,0.2813931176032571
36978648,0.19860471040877165
36978649,0.18746178694348145
36978651,0.14744693543776058
36978652,0.5119121991769195
36955992,0.15825784457797548
36955993,0.16329588567046888
36955994,0.09811442692817995
36955996,0.16818925282747324
36955997,0.09842265187487167
36955998,0.1897500075949979
36956000,0.14251872693407192
36956001,0.17794534005346704
43424606,0.23547188572341549
43424607,0.29902852478044833
43424608,0.49524435188368093
43424609,0.4394010409948709
43424611,0.6190941259417386
43424612,0.4971353115047838
43424613,0.3417609534439736
43424614,0.9134518457051903
36981712,0.17762699630683018
36981713,0.0808402656821927
36981714,0.11174667818531232
36981715,0.06834563075150664
36981716,0.18716904176280952
36981717,0.08934575098519723
36981718,0.18292681127085975
36974964,0.12704694282171203
36974965,0.22907867252868028
36974966,0.0733950598770236
36974967,0.07626029866051683
36974968,0.07016428325881519
36974969,0.12982154903927276
36974970,0.08520530985534872
37006479,0.11282019238275649
37006481,0.11476372426305795
37006486,0.12042073952598255
37006488,0.14299648956154465
36967325,0.2056783395597241
36967326,0.17805317828511238
36967327,0.19222742526037095
36967328,0.38535398226935963
36967329,0.15282416525071885
36967330,0.1820706172573946
36967331,0.2296783326957131
36967332,0.16314174981293522
36967333,0.16556419464230496
36967334,0.2715742454611926
36991705,0.43090312150944
36991706,0.2426070165049923
36991707,0.2371302412619384
36991708,0.05237719879210114
43429354,0.4699954166187676
43429355,0.25109416274186613
43429356,0.2718929876124691
43429357,0.2676725313128375
43429358,0.1303053946532565
43429359,0.35667956860386507
43429360,0.4358765435230707
43429361,0.5108942369620659
43429362,0.27431859355361193
43429363,0.5490322767222287
36981168,0.28495037163461284
36981169,0.2817470138896563
36981171,0.18678602580645495
36981172,0.1795616203415176
36981173,0.24372930540561885
36981174,0.2893460141277863
36981175,0.3610117014253755
36981177,0.36049527644614693
37018622,0.057471522020225735
37018623,0.5284309043908534
37018627,0.17932765064441025
37018628,0.05768925023032607
37018629,0.05832860738423575
36976097,0.10552236950735255
36976098,0.07175054938048944
36976099,0.06832947254470283
36976100,0.6561787117182146
36976101,0.07239832391730729
36976102,0.09255665028741102
36976103,0.09153398261453718
36976104,0.14617532423917995
36976105,0.1332925352607208
36976106,0.20764505393191016
36986014,0.10826269320787421
36986015,0.12558261684233582
36986017,0.11687326687438371
36986019,0.11973315840546227
36986020,0.1369868908069172
36986021,0.14211810211806927
36986023,0.11482831830169045
36992947,0.09724321697614585
36992948,0.08548543854235374
36992949,0.08144670822872885
36992950,0.07687283495553575
36992951,0.08765342636456773
36992952,0.15570394283941452
36992953,0.07946350990895594
36992954,0.07599033214934518
36992955,0.0807416211219669
36992956,0.08212110724525996
36959293,0.11974388896444035
36959294,0.13785170282313905
36959295,0.1451422023626336
36959296,0.12443716434698715
36959297,0.6515186280519697
36959298,0.16034347559922654
36959299,0.1299602336966891
36959300,0.12283196758941188
36996764,0.11295045202278055
36996765,0.34108866740008065
36996766,0.3726135434275064
36996767,0.08739654011537998
36996768,0.08302569189371371
36996771,0.11560503022217702
36996772,0.1105659188582854
43424371,0.1786491946570937
43424374,0.16461459345585566
43429848,0.17728975040446085
43429849,0.19705809854952833
43429850,0.18771185278519076
43429853,0.20037002978843965
43430865,0.2575324456202356
43430866,0.25536752286829434
43430867,0.2161738427717384
43430868,0.16547767154039691
43424066,0.23614048834936674
43424067,0.21363256054410962
43424068,0.22109900012157546
43424069,0.23652871446929163
37021965,0.050731831935361016
37021966,0.047623780947054765
37021967,0.7901081260082929
37021968,0.047117586812360245
37021969,0.048129088653967374
37020177,0.04330068900710986
37020178,0.06351436404311123
37020179,0.03969576971899696
37020180,0.06292497674322203
36969285,0.17703351014276114
36969286,0.12074152549833016
36969287,0.12102819823061546
36969288,0.17900189317216203
37017284,0.12295002188185455
37017287,0.04726042624002689
37017631,0.12182434361775427
37017633,0.09509167505650547
37017637,0.113547165499955
37017638,0.0983543888987323
37016422,0.08500155220215962
37016424,0.2252470032203403
37012551,0.19133550193552554
37012552,0.1341558017864267
37012553,0.32361010971318266
37012554,0.13803096891584407
37012555,0.30261445100163464
37012556,0.20487053984089465
37012557,0.26084924524101194
37012558,0.14586662260140082
37012559,0.23388910692547635
37012560,0.11908601919206127
37007882,0.9356917710579287
37007883,0.2574909292332783
37007884,0.7827672191698773
37007885,0.23324840240962247
37007886,0.674453065546084
37007887,0.3470723874216966
37007888,0.7621966914450037
37007889,0.9553965048420382
37007890,0.7627766055047149
37007891,0.9570866194980574
36990369,0.17995506384344756
36990370,0.12060570350990008
36990371,0.1599731527166944
36990372,0.09519960189996829
36990373,0.12103377370932955
36990374,0.18314636973355675
36990376,0.13011289493527037
37010548,0.5807532672156351
37010549,0.5008843281641409
37010550,0.5686705433037488
37010551,0.5633522429478058
37010552,0.4772349013896857
37010553,0.5452015180495374
37010554,0.5433426684474891
37010555,0.5027033631567869
37010431,0.11185827064225412
37010432,1.1129566201676364
37010433,0.9686006279293722
37010434,0.25032138028765183
37010436,0.14023067802036784
37010437,1.04712559895714
37010438,0.10936152764631818
37010439,1.0857798596821397
43428050,0.30850339013865025
43428051,0.2946799760857269
43428052,0.32518598411913924
43428053,0.27997159433715946
37019612,0.06182523446014153
37019613,0.5322768155917967
37019614,0.06371655931428748
37019615,0.39107012330770785
37019616,0.608972547092457
37019617,0.049874773948732874
37021163,0.09384336277250224
37021165,0.09875353510420376
37021166,0.06398244594394678
37021167,0.10763150427137705
37021169,0.15483492079084846
37021170,0.10317916705758058
37021171,0.16792228811733753
36985613,0.1896303244906651
36985615,0.23838945896104413
36985616,0.2743465731382562
36985617,0.16442791538683912
36985618,0.2828407893737843
36985619,0.436095487544436
36985621,0.5103154651763117
36985622,0.2276782236729969
37011508,0.4401836561982199
37011509,0.3629265879933636
37011510,0.2235071206455146
37011511,0.13448684774704142
37011512,0.10781866455333584
37011513,0.2402227405315434
37011514,0.13776355927686482
37011515,0.41405278427813064
37011516,0.1448672540990416
37011517,0.2025896178556577
37023365,0.2857910357477251
37023366,0.20109071392245428
37023367,0.14295834954983425
37013111,0.27623559870866476
37013112,0.15045914222674078
37013113,0.10604541453808623
37013114,0.13983746654676804
37013115,0.15984058089140835
37013116,0.27277659891751843
37013117,0.234126053303092
37013118,0.24953810214517935
36992064,0.5672817648954436
36992065,0.4261768189638522
36992066,0.32071408916664884
36992068,0.5714153871430082
36992069,0.37089024175224855
36992070,0.37788468388090163
36973474,0.27135445213031845
36973475,0.30576541806903906
36973476,0.12713490985992668
36973477,0.7938750935515234
36973478,0.16702180177125073
36973479,0.14976472389917556
36973480,1.0754010595843082
36973481,0.4605223363762526
36973482,0.31326037379617694
37019628,0.3339943734259463
37019629,0.0692876953218106
37019630,0.06215035720686323
37022836,0.09855505783112357
37022839,0.3495895934718265
37022840,0.07427470685872843
37022842,0.20323382710574142
37022843,0.08438586975595411
37022844,0.13552480420372248
37007194,0.129561059931597
37007195,0.11767269212550743
37007197,0.20195096198276374
37007199,0.5341835083896652
37007200,0.12955348266287645
37020779,0.2345882508263753
37020780,0.0442647633029746
37020781,0.33493103049141487
37020782,0.3130687591866613
37020783,0.2384052006485167
36993122,0.3734828533741814
36993123,0.08024708974311875
36993124,0.30966551446903184
36993126,0.3402568746756033
36993127,0.22753607229478423
36993128,0.31817838808535825
36993129,0.17547405259470342
36993130,0.34513166431718195
36993131,0.16700475275728377
36976178,0.2927551898021661
36976179,0.26215921989954744
36976180,0.3706357194113318
36976181,0.18318461520501747
36976182,0.45176891405085867
36976183,0.19055445999896262
36976186,0.3031531836273209
36981756,0.20668709089130397
36981760,0.2792901519659574
36981761,0.2529482427681204
36981762,0.2243061089228106
36981763,0.22969545431585045
36981764,0.37724302250683284
36981765,0.3161141190094761
43429879,0.664982538210349
43429880,0.20155625336816868
43429881,0.17206140871458786
43429882,0.42986072301981193
43429884,0.15925159454219107
43429885,0.13133065997312574
43429886,0.5396944785719012
36959483,0.17431815137430212
36959484,0.09946016721433981
36959485,0.3264486177702877
36959487,0.45793140523089915
36959488,0.15306386043602277
36959489,0.3163406457316558
36959490,0.1096159061665375
36964879,0.8698171390129391
36964880,0.2587596786144403
36964881,0.18995782536685982
36964882,0.24930288476006912
36964883,0.3134377516673668
36964884,0.12651089059230158
36964885,0.4715377107833862
36964886,0.1299618010098768
36964887,0.0926784652736195
36964888,0.11942681471131811
36959501,0.2560424925663892
36959502,0.25082062865840554
36959503,0.24290915010981157
36959504,0.16973888278079483
36959505,0.2634650467623386
36959507,1.3797101745923448
36959508,0.33506008210686383
36989724,0.12394132975074018
36989725,0.20293795398480413
36989726,0.056082894184341536
36989728,0.14134440226238204
36989729,0.0789199562766469
36989730,0.05671588061886908
36989731,0.054209194199139506
36989732,0.08625663979094127
36989733,0.20204300941696307
36976725,0.37819987559553875
36976726,0.6126300357037916
36976727,0.35431168663730583
36976728,0.4429827984326955
36976729,0.3871970648889951
36976730,0.2508913760358404
36976731,0.10888608560696916
36976732,0.28150447317570393
36976733,0.7454106182064443
36993020,0.16089490918514557
36993021,0.2095879975625839
36993022,0.413823796652696
36993023,0.19945541798735877
36993024,0.18052857690994648
36993025,0.22231383591816112
36993026,0.20173625253463545
36993027,0.1353695815281027
36958211,0.0639565797413463
36958212,0.09951640080124415
36958213,0.12164094615527614
36958216,0.20614980629598878
36958217,0.12608275662713261
36958219,0.21513009353069099
36958220,0.12647450588746142
43421177,1.027187012319655
43421178,0.17032424227006382
43421180,0.6542624293921037
43421181,0.15232749735824663
43421183,0.2798220420504608
43421184,0.8334330291732948
43421185,0.9518215689986904
43421186,0.13588248066523115
36985176,0.8089128121443696
36985177,0.7224438026108901
36985178,0.13011069009516613
36985179,0.09677657144449922
36985180,0.8270758491036313
36985181,0.1949412685778216
36985183,0.21356447808607207
36985184,1.1015002898563826
36985185,0.5872014757907704
36998930,0.05699505404473584
36998931,0.05777072399743559
36998932,0.05877628059598934
36998933,0.05837103842213802
36968366,0.15964407802794542
36968367,0.4580252871068298
36968368,0.07162471432102696
36968370,0.16831388860265364
36968371,0.07039606716236671
36968372,0.1173323851672037
36968373,0.07111218607833597
36968374,0.6635744996124804
37014297,0.17807088287524045
37014298,0.15854962924239754
37014299,0.17357011820021626
37014302,0.19647265486045548
36980572,0.1208762991133471
36980573,0.29006886978275814
36980574,0.08347657919022526
36980575,0.12056762599938427
36980576,0.12225861562659605
36980577,0.16694565116486876
36980578,0.0962447068876241
36980579,0.093300945275859
43418995,0.22322455257803495
43418996,0.06898345224290428
43418998,0.20364939404633053
43419001,0.03825208553547924
43419002,1.0415360626838241
43419003,1.1830142124379532
36957278,0.1970253540894681
36957279,0.18980434750491165
36957281,0.2560254363983979
36957282,0.41964223461992567
36957283,0.38257088449358784
36957284,0.2879142810037571
36957285,0.12477813166254655
36957286,0.17626376234191352
37013063,0.2888601217497674
37013066,0.26038323627524246
36981514,0.3130597485052876
36981515,0.4354873034102656
36981516,0.18731121243624987
36981517,0.37488790507635605
36981518,0.26102439502051483
36981519,0.4226121007909908
36981520,0.48057231651093524
36981521,0.31076529647529105
36981522,0.1977941296328447
36981523,0.20025425455982795
43431560,0.17269366252534268
43431561,0.17607211853857369
43431562,0.17074392689195794
43431563,0.20110437501718684
43431564,0.1300806997621377
43431565,0.20598618103432656
43431566,0.21514708632129037
43431567,0.18717288795320608
43431568,0.19834251584337467
36988324,0.1264717566734146
36988325,0.23118129914735272
36988327,0.3568439723666768
36988329,0.15133413259906622
36988330,0.3718461024196232
36988331,0.16792725753676385
37023575,0.13794443700457243
37023576,0.1711952718048662
37023578,0.2129257061821246
37023580,0.2273600086377183
36977209,0.07983482471795993
36977210,0.06958988983192571
36977211,0.3976760864290942
36977212,0.34140257682145353
36977215,0.07174183079812946
36977217,0.1919546069036189
43424788,0.1380066390578569
43424789,0.1436602954953122
43424791,0.13525830395428146
43424792,0.26981875534309047
43424793,0.23036151908124822
43424794,0.19231623903340683
43424795,0.19428416591461165
43429538,0.14684261981460003
43429539,0.13077175787741635
43429540,0.1452402644026319
43429541,0.14541230850306594
43429542,0.13807059256281906
43429543,0.13577227781969348
43429544,0.19232120751157403
43429545,0.14536278612197143
43429546,0.13427839661818708
43429383,0.9166530994646068
43429384,0.7062740392707914
43429386,0.1853015760237734
43429388,0.12665055785838736
43429389,0.09846137346864257
43429390,0.14884426152048377
43429391,0.0830922602307707
43429392,0.05475733882305232
36986248,0.1259825064990884
36986249,0.2908170275944789
36986250,0.09185184522498582
36986251,0.09647149745334209
36986252,0.3041640036336347
36986253,0.10137338156484076
36986254,0.16415122903885582
36986255,0.28710025932183647
36986256,0.1166380591583226
36986257,0.13448131500210264
36987875,0.4860385100234037
36987876,1.0573799217004536
36987877,0.6837608970410359
36987878,0.6844852082911254
36987879,0.32836294834401764
36987880,0.616024611517437
36987881,0.5325419212865237
36987882,0.15675813932219834
37018548,0.14346319274682834
37018549,0.12095462937246743
37018550,0.10438777241975838
37018551,0.10614350230255411
37018552,0.14022194240875885
37018553,0.1592803346968511
37018554,0.12522343616900747
37019530,0.22939239058514238
37019532,0.7867718474873018
37019533,0.2269534217732883
37019534,0.14488552612299072
37019535,0.5705293339455215
37019536,0.3496790189459465
37019537,1.6161740537315434
37019538,0.36775280112468656
36995846,0.7241490838672456
36995847,0.712438433866031
36995848,0.6700847430947606
36995849,0.763272537104577
36995850,0.8167754413393195
36995851,0.7525196834273502
36995852,0.7489701920411518
36995853,0.6963091428850031
36996271,0.3606528246804063
36996272,0.2243532454267177
36996273,0.136693254431685
36996274,0.08512070702661506
36996275,0.14604893809867808
36996276,0.09730270333928379
36996277,0.36070505047922835
36996278,0.09537549973549911
36996279,0.08766255468188941
36996280,0.11382938607439676
43423298,0.2517781523208225
43423299,0.496417759399129
43423300,0.2709150499096005
43423301,0.2699896071646279
43423302,0.16066722518447804
43423303,0.39620759264554073
43423304,0.656890696541932
43423305,0.31348399247640374
37008959,0.1561454751829854
37008960,0.17185668466826406
37008961,0.3617841924681099
37008963,0.21186947014692403
37008964,0.33941680026681675
37008965,0.43107839141017856
37008966,0.1576282971724378
37008967,0.21502671434481635
37011232,0.19473393563335326
37011234,0.4866933738401894
37011235,0.24928207873627323
37011237,0.24928158068178763
37011238,0.2165491097718433
37011239,0.14846559490132236
37011240,0.15694261546408483
43432795,0.15561755015917617
43432796,0.16681283166131444
43432797,0.20929893949687037
43432798,0.1632027301414057
43432799,0.18651073156680226
43432801,0.18250904260022802
43432803,0.18820354141284842
37008537,0.22260369656053153
37008538,0.23241313618344292
37008539,0.22117770104889842
37008540,0.22367261828964363
37008541,0.2895804901253288
37008542,0.24043097007786715
37008543,0.2899161115625341
37008544,0.30544007242900073
37008545,0.2780238874335912
37019569,0.07241227744968812
37019570,0.07064651384025888
37019571,0.07279245810055646
37017455,0.035426770718300214
37017456,0.043205716598431025
37017457,0.03534671007193279
37017458,0.04993202409432233
36999159,0.4236787956761566
36999160,0.2727457482446517
37020322,0.12345035835173226
37020327,0.5822295854578738
36962083,0.6235723389019202
36962085,0.6947691947708219
36962086,0.7052910811003861
36962088,0.6478832803916532
36962091,0.12351407154718924
36981992,0.11174329116990588
36981995,0.10921128692222921
36981997,0.10438678487839673
36982000,0.13054496541563268
36982001,0.11210022174666122
37011021,0.15786189797682432
37011022,0.16406600200357283
37011023,0.15122063401425678
37011024,0.15831749737373477
36994714,0.19598700995383123
36994715,0.1754590911668542
36994716,0.17363668049710532
36994717,0.21379764087888958
36994718,0.1756705498807417
36994719,0.18893616935057592
36994720,0.3064005046497399
36994721,0.18960455728860048
36994722,0.16054822315145983
36994723,0.14888575150715863
37020622,0.33190935376509617
37020623,0.33944849939546234
37020624,0.3160004976438447
37020625,0.2633647434255109
37020627,0.28879898426486217
37020628,0.18505984906695272
37020629,0.3254011891556567
36989334,0.18824009756870433
36989335,0.3961730863054655
36989336,0.5314655869906056
36989337,0.08494491045584135
36989338,0.21800961685390868
36989339,0.039586614174033474
36989341,0.07409208567433151
36989342,0.548227396403049
36989343,0.6393792887763929
36960021,1.1496106816531968
36960022,0.10790999464693496
36960023,0.15970240918591624
36960024,0.09699128949140577
36960025,0.10623555199439437
36960026,0.5014682779638054
36960027,0.9944925900011901
36960029,0.08416979940320918
36960030,0.29503515667690805
36975099,0.10503953344274598
36975100,0.4184331073639455
36975101,0.24069030072533854
36975102,0.28942179798571194
36975103,0.21171605894241818
36975104,0.28150270451348225
36975105,0.38808793552238113
36975106,1.4891134658257796
36975107,0.08821622585787914
43426607,0.13846241911754192
43426608,0.11495474424935939
43426609,0.15113049183929958
43426610,0.12016624279610892
43426611,0.14575848235243088
43426614,0.19418807978507824
43426615,0.13844910847566577
43426616,0.15645279910787185
43430985,0.1640450706979502
43430987,0.15961755454808504
43430988,0.15650758955603172
43430989,0.15522475281111814
43419049,0.11755394110080261
43419051,0.1482124993326704
43419052,0.1307549349285467
43419054,0.12587888620816298
43432420,0.12762889155683538
43432421,0.14635100907802487
43432423,0.132191737825079
43432426,0.13957449824804555
36973844,0.18385762918982904
36973845,0.19378477974432823
36973846,0.23063666806111854
36973847,0.22004108037933662
36973848,0.18394506508676067
36973849,0.30326890064155654
36973850,0.1987472066305411
36973851,0.17106746282442584
36973852,0.20474860575383158
36973853,0.1977998758304254
37017254,0.10652198671655365
37017256,0.08181899031994952
37017257,0.1086205103060728
37017258,0.09630742942642252
37022775,0.07185822991875447
37022777,0.2079032756982331
37022778,0.08728825653026909
37022779,0.038264588599481564
37022780,0.21629502687650481
36979951,0.10116819239263353
36979953,0.09705690853161528
36979955,0.11101541057038018
36979956,0.11857770925911656
36979957,0.12156645062766089
36979958,0.10135013369042403
36979959,0.12456277169330161
36979960,0.11750272691709568
37013877,0.18123216349158766
37013878,0.17237752627071273
37013879,0.13390897644746236
37013880,0.13437435256501995
36960321,0.06949195121712845
36960322,0.059520438144879485
36960323,0.061453722327828135
36960324,0.046430879632261446
37014181,0.1836532419043894
37014182,0.17983173230660254
37014183,0.1671582042102238
37014185,0.18741171333297812
37016224,0.15173252995236292
37016225,0.14914202244850464
43426488,0.9229407268157315
43426489,0.2940759727094554
43426490,0.4427174219524842
43426491,0.38106114555065695
43426492,0.2577348374154209
43426493,0.2192979971272531
43426494,0.5110602863935576
43426495,0.2399930044134435
43426496,0.5142380266948212
36987548,0.33370193455617153
36987549,0.33950856561051296
36987550,0.28505704264737713
36987551,0.07549945716952182
36982721,0.09661866775864601
36982723,0.14866204573837244
36982724,0.6284671135122561
36982725,0.14806119199508233
36982726,0.1232808827385184
36982728,0.12286035540153696
36982729,0.28449124337049864
36982730,0.13632662874727858
36988495,0.10750290438213814
36988496,0.08802481920993656
36988497,0.2054967197982158
36988498,0.0616872779606781
36988499,0.19389135763393558
36988500,0.23271206174953835
36988501,0.12736105048478943
36988502,0.11204245663517634
36977914,0.2372903037336485
36977915,0.3664702875978336
36977916,0.7700656088054352
36977917,0.1399070026145568
36977918,0.16755645958810206
36977919,0.1257600655506375
36977920,0.1642876825038663
36977921,0.11868270916593393
36977922,0.08260950351561869
36977923,0.052781056341518875
36977924,0.14194540084740973
36977925,0.2870603983052188
36977926,0.19378123983917225
36977928,0.26157512737847133
36977929,0.20834943277007098
36977930,0.1454429659651089
36977931,0.21040293056362547
36977932,0.14294436401164515
36976021,0.17530081043903142
36976022,0.2331130334797027
36976023,0.5076912361375545
36976024,0.24709704726275947
36976026,0.22461398996703597
36976027,0.6284915196668158
36976029,0.18300071234663778
36976030,1.8275192217905925
36978986,0.19312298932515623
36978987,0.1281331682073576
36978988,0.42216161344660547
36978989,0.12491919821063864
36978990,0.3821738619976999
36978991,0.17175027755908556
36978992,0.2294739793183995
36978993,0.15936454702567918
36997034,0.23424560255453086
36997035,0.17856542859147412
36997036,0.21809508462036048
36997037,0.34082892770105455
36997038,0.20766236985234118
36997039,0.17567386914926725
36997040,0.2475929941524574
36997041,0.1904713202906159
36997042,0.19058358072119816
36997373,0.14885267358436474
36997375,0.2662702874586406
36997376,0.7498647781761569
36997377,0.1720314485018582
36997378,0.13582667821443806
36997379,0.14439508235399298
36997380,0.24495225325623934
43428913,0.21415238832556036
43428914,0.5812535387309525
43428915,0.47053319122955584
43428916,0.3895408705867348
43428917,0.23767049775779248
43428919,0.5856124423915107
43428920,0.5893789126330269
43428921,0.17670206858111284
43428922,0.4005208607744438
36977236,1.2924269016375671
36977237,0.12420075558324699
36977238,0.12998129667370495
36977239,0.13877657531871937
36977240,0.2350475296946859
36977241,0.1066778004143446
36977242,0.8748807862436742
37007481,0.6539602069158748
37007482,0.6838720846493209
37007483,0.7232096489828471
37007484,0.6287304690167089
37007485,0.7172701510091778
37007486,0.6914600699921677
37007488,0.6734642540420767
37007489,0.6952548633608416
43419575,1.8282362338402622
43419576,0.33162875291446964
43419577,0.49817089079474514
43419578,1.3022309725942864
43419579,0.5028708807128803
43419580,0.8134749179805968
43419581,0.1738428511708767
43419582,1.0052086544464596
43419583,0.6515527785872314
43420098,0.37372180102824426
43420099,0.1604353038692669
43420100,0.10645698849686894
43420101,0.44119147319574004
43420102,0.21701652331283477
43420103,0.19506876500159295
43420104,0.5406926485043635
43420105,0.3198414442054639
43420106,0.19478961816022147
43428950,0.14670836215383865
43428951,0.3635736754807657
43428953,0.16891359196359182
43428954,0.6163046621472157
43428955,0.10289526237844088
43428956,0.13951296289879764
43428957,0.11063792848831183
43428958,0.2525788237699612
43428959,0.4338801377454072
43424497,0.6914689647592603
43424499,0.429120007245745
43424500,0.04963539542750658
43424501,0.4992309553532378
43424502,0.7850850668429747
43424503,0.424561673634752
43424504,0.6600470097283688
43424505,0.48369404771516
43424506,0.289359723971882
36990629,0.24248916970569043
36990630,0.23909649592389712
36990631,0.22409462572777453
36990632,0.545488527929946
36990633,0.17878049453034606
36990634,0.7290934836271081
36990635,0.18814107546016862
36990636,0.42719012456282784
36990637,0.2579793547351491
36998735,0.07869474998760888
36998736,0.08887781366395607
36998737,0.07791217759638495
36998738,0.12640586737188855
36998739,0.07975706713510633
36998740,0.09931178934460455
36998741,0.11473278205917965
36998742,0.15285121272736352
36994593,0.13133128330780466
36994594,0.0991050427910883
36994595,0.11799126419706642
36994596,0.12460373209956196
36994597,0.12252944215293768
36994598,0.13640346003477155
36994599,0.13923665216700176
36994600,0.12335786564040903
36994602,0.098462109353087
36997242,0.31482180749634453
36997243,0.9983526076461537
36997244,0.406720544615089
36997245,0.3024601941232259
36997246,0.3030708900594064
36997247,0.9448485623625821
36997248,0.36047891640385277
36997249,1.6961230824465074
36983987,0.37804710577082473
36983988,0.7060182406608627
36983989,0.3768083933893429
36983990,0.8265909625663728
36983991,0.9788877913903484
36983992,0.5897769439610613
36983993,1.2853370278646161
36983994,0.3321507804472147
36983995,0.33903431109487914
36983996,0.2875265769526426
43418920,0.4934468126478801
43418921,0.46896448992035633
43418922,0.5351038150813793
43418923,0.3300588415816557
43418925,0.7247063793349313
43418926,0.33771245194669897
36996372,0.18873160622924642
36996373,0.3398512960171189
36996374,0.36111161320993973
36996375,0.4137162476349684
36996376,0.36113371669524763
36996377,0.575051659440866
36996378,0.16944193500845542
36996379,0.5591398345355915
36996380,0.21155037548683045
36996381,0.08456225759103296
36969721,0.20199906407319662
36969722,1.089753696079731
36969723,0.3654265102088846
36969724,0.3936322472474186
36969725,0.37232401652071107
36969726,0.3806896910805353
36969727,0.10728451019566336
36969728,0.2166341522714943
36969729,0.2910943701632839
36969730,0.19070262223176723
37011789,0.15874113515662813
37011790,0.1836695311822569
37011791,0.1833451877542319
37011792,0.19069549139008046
37011793,0.16342422537972404
37011794,0.1658532670163394
37011795,0.17290244462700333
37011796,0.18024476043005278
37014360,0.15556076436005906
37014363,0.16473660683229557
37014364,0.1548705242747081
37014365,0.15802573116381383
37014366,0.16882599034008614
37014367,0.157960468400403
37014368,0.17772538245834335
37012239,0.14355515356227946
37012240,0.16685927764440783
37012242,0.15770554581879548
37012243,0.15282807026891154
36986359,0.16504965830238355
36986360,0.08553279591529585
36986362,0.1596346163908023
36986363,0.1534813605676022
36986365,0.13759157432371835
36986366,0.11272554145634026
36986367,0.06660902766282382
36995776,1.5203860749659295
36995777,0.39087048311256095
36995778,0.2718939626462372
36995779,1.3566546916404283
36995780,0.11849113404324703
36995781,0.15573724000683636
36995782,0.3761214741499381
36995783,0.26776628039309675
36995784,0.2731273930435056
36987048,0.0890414041363419
36987049,0.13099774051132812
36987050,0.6596771132171279
36987051,0.12503648632085151
36987052,0.388347027980997
36987053,0.1653664270684913
36987054,0.3885309609206213
36987055,0.3106203572927924
36987056,0.5098108670384898
36979412,0.09040575208493326
36979413,0.10147708287923383
36979414,0.10810880084625958
36981583,0.2899513354876744
36981584,0.16101883038534187
36981585,0.23438880145249774
36981586,0.25399350954985017
36981587,0.28568879722908835
36981588,0.22140147320230416
36981589,0.12081791267303477
36981590,0.11584289426020322
36987101,0.11417371473615137
36987102,0.10145882148606043
36987103,0.10770254310406459
36987104,0.11758320860461423
36987105,0.16345556408416914
36987106,0.11801117035635451
36987107,0.10970947754543849
36984419,0.23022057918034305
36984420,0.20836094562760774
36984421,0.2032440327420097
36984422,0.19124381600850096
36984423,0.5872564134570151
36984424,0.19660990115217103
36984425,0.11983191988676024
36984426,0.1469396007361196
36984427,0.16059619440674455
36994105,0.13298570198007725
36994107,0.29505578522531617
36994109,0.07153848918257823
36994110,0.0944447562127252
43422803,0.2432086397335078
43422806,0.32625643720268754
43422807,0.18845832664772325
43422809,0.12285240003874913
43422810,0.28505868103572995
43422811,0.4284558553999268
43422812,1.190589069187874
43419626,0.09999959280137287
43419627,0.05094527535149224
43419632,0.10126041941744214
43421062,0.3076075596692362
43421063,0.961552720793647
43421064,0.22638200177086268
43421065,0.11679906954005578
43421066,0.711294952351801
43421068,0.22261583094278908
36979297,0.16312292324858108
36979298,0.1349845179978337
36979299,0.20560182940332053
36979300,0.2491922253068651
36979301,0.23281273063063143
36979302,0.3692638831050133
36979303,0.14234705441061618
36979304,0.1702338451043921
36983112,0.17254635949775163
36983113,0.31140926088016607
36983114,0.1440826212475295
36983115,0.8609108530075811
36983116,0.2131545147410006
36983118,0.23917506602470828
36983120,0.27905243681279734
36983121,0.2421964975767184
43427645,0.18988743726231896
43427646,0.10772757639334733
43427647,0.08254004264818707
43427648,0.0878146541588669
43427649,0.3879986910220539
43427650,0.053790782409519254
43427651,0.05459162128783742
43427652,0.5506821471301131
43427653,0.2435545759470664
43427654,0.1996803209205621
43420362,0.08106986555434584
43420363,0.38475183569820304
43420364,0.21620026175338003
43420365,0.1065349890215123
43420366,0.052257204775543964
43420367,0.06249815541845066
43420368,0.22581792826361427
43420369,0.16440340842308285
36956088,0.19296836261798783
36956089,0.13647673905148028
36956090,0.311790744706723
36956091,0.6479182353667826
36956092,0.289110213313059
36956093,0.11816978470175273
36956094,0.31727359498930485
43423850,0.3230793198906755
43423851,0.18253350591101677
43423853,0.17231689025099725
43423854,0.647888346326301
43423855,0.3828712101384255
43423856,0.5176642986523902
43423857,0.17544990971122676
43423858,0.6361290041203158
43423859,0.2696108032067411
43425936,0.228970578817417
43425937,0.27228711513654624
43425939,0.12496145886970372
43425940,0.19870506336183005
43425941,0.26015417448888567
43425943,0.15324959379141564
43431386,0.5850052947011367
43431387,0.28085287722929
43431388,0.5779243919035792
43431389,0.1258205296317732
43431390,0.7512854406433807
43431391,0.2828763341591598
43431392,0.14580897603009754
43431393,0.5469235846346076
43431394,0.12251324264107162
43427914,0.3476163776070868
43427915,0.15519015111642584
43427916,0.42694070768845965
43427917,0.251997565704586
43427919,0.12457757558809394
43427920,0.2429276569632572
43427921,0.13337441589489704
43427922,0.3152185876443385
43427923,0.24246291774905035
43427538,0.3270635388738306
43427539,0.13222720834008211
43427540,0.14839575242884798
43427542,0.13069750089844395
43427543,0.11898777729442708
43427544,0.1892676109811618
43427545,0.30635839883852545
37019913,0.06801368864779031
37019914,0.07091686187952288
37019916,0.03811927706550697
37019917,0.09332424415358617
37019918,0.9506858840981618
37019919,0.07430590380207337
37019921,0.060640112167713346
43432380,1.3014174384726909
43432382,0.20531666397229903
43432384,0.4377955911718076
43432385,1.499284060500375
43432386,0.8870406433711759
43432387,0.41218892293046044
43432388,0.3381160294853608
43432389,0.1946903621421401
36999145,0.4676709603574789
36999146,0.7381277350047024
36999147,0.22158894417086097
36999148,0.4673309800587946
36999150,0.22588586542267067
36999151,0.8623353760879562
36999153,1.2958861652861384
36982208,0.24970778332135285
36982209,0.3133563813316929
36982210,0.23567856975561563
36982211,0.8472170385317135
36982212,0.3149734572131281
36982213,0.15460583710919965
36982214,0.04952467621651523
36982215,0.1330756696241562
36982216,1.3875074269410428
36982217,1.304466104484264
36980286,0.11043168827239677
36980287,0.1459186466253852
36980288,0.23319370797609904
36980289,0.15217597232419594
36980290,0.23968199131697732
36980291,0.10230405233481382
36980292,0.5098255546963396
36980293,0.10240493849282192
36980294,0.09873211192460597
36973157,0.06765549268119865
36973159,0.06143229487817621
36973160,0.06337018905655231
36973162,0.06246918228849652
36973164,0.07030579492098568
36973166,0.05813498650276951
36987345,0.6422441285130412
36987346,0.3097515864405824
36987347,0.3349004236402727
36987349,0.29176040001799003
36987350,0.234840134868997
36987351,0.25002340843748333
36987352,0.3819049001137586
36987353,0.42243407478225964
36987354,0.3394777430852535
37024135,0.057949103130554985
37024136,0.15009334941604258
37024137,0.05415825685853549
36970684,0.07089076757036593
36970685,0.07929178850045315
36970687,0.0729045876649269
36970691,0.08333502239000455
36966504,0.05963221812808868
36966506,0.08842807148820715
36966509,0.06721924671758252
36966510,0.10409330382845397
37019439,0.37921660308546457
37019440,0.2986361056885341
37019442,0.606748603030327
37019443,0.22017462931463117
37019444,0.6235115527533251
37019445,0.8506753070778522
37019446,0.8254639206460712
37019447,0.19496135644979765
37021873,0.04116386870742328
37021874,0.04546976366643265
37021875,0.0463180907170922
37021876,0.5350147510417226
37021877,0.041172868306075285
37021372,0.44638791434290287
37021376,0.4410445134636805
37020249,0.34164430740823715
37020250,0.25809594770978433
37020251,0.20018376396030058
37020252,0.24097002323090025
37020253,0.2146387242163981
37020254,0.3207141115397947
37020255,0.5129229043907148
37020256,0.22953289753247277
37020257,0.3428791155372468
37008833,0.5927957654546826
37008834,0.4758509740716744
37008835,0.5622953400345749
37008836,0.4957017057355224
37012394,0.5106947926115407
37012396,0.2151725170135766
37012400,0.20115855439629696
37012402,0.5150092840484805
43425253,0.22194868289672837
43425254,0.1956141189119458
43425257,0.20280435049518072
43425258,0.20529849447474013
37007519,0.25966051389077394
37007520,0.15817271975694303
37007521,0.1612976052794445
37007522,0.17126415362872277
36966831,0.43153308843084903
36966832,0.26857445549743036
36966833,0.3485811178397727
36966834,0.34975406182352575
36966835,0.496123825390118
36966836,0.4361957948640062
36966838,1.0040233968898844
36966839,0.46627373492203367
37010339,0.5574958646488497
37010340,0.27312871090368473
37010341,0.5524450126443484
37010342,0.24119828977070945
37010343,0.2884568211931414
36984107,0.3556638729217533
36984108,0.7226608143194282
36984109,0.5439011733005994
36984110,0.35226701873950556
36984111,0.2661871675192545
36984112,0.29796777416116105
36984113,0.8730112573046092
36984114,0.6310340148824048
36984115,0.5783372563133383
36990433,0.2324280043516168
36990434,0.09456868794752535
36990440,0.0786364174565588
36990441,0.20769266194852518
36990442,0.23087418077260477
37017347,0.7887258356897707
37017348,0.1211258497391649
37017349,0.14492713165145815
37017351,0.1597775875577908
37017352,0.15416625101562637
36993924,0.07839064866531659
36993925,0.21873200336443155
36993926,0.12491260598240725
36993927,0.1508212810275137
36993928,0.09905909740289641
36993929,0.32111482612994435
36993930,0.3267557111952119
36993931,0.207348556678444
36988713,0.34652064075850203
36988714,0.23838394271800964
36988715,0.16496996912033238
36988716,0.18196522692635053
36988717,0.1818439923363374
36988720,0.25737538512762975
36988721,0.6077455782337651
36994914,0.15516088429031005
36994916,0.09321035813620199
36994917,0.11793238506384975
36994918,0.08480609269058408
36994919,0.12585121004975783
36994920,0.14918733889499733
36994922,0.1286098812109773
36994923,0.14850897768304688
37022517,0.31490140837460195
37022518,0.1482907306734666
37022520,0.15476536081509046
37022523,0.41618175670529456
43428219,0.10484923680160117
43428220,0.18928086404450487
43428221,0.10426623496177885
43428222,0.1635375956609916
43428223,0.8109458581117508
43428224,0.18938521869820069
43428226,0.1509206202562276
43428227,0.1427367693971905
43428228,0.1253252613836139
36972807,0.42294860238071263
36972808,0.24118684125689202
36972809,0.2485186316737072
36972810,0.35578831318432946
36972811,0.2307819093640381
36972812,0.1269521728636709
36972813,0.2337282545567476
36972814,0.218707119272375
43427483,0.17616981671273624
43427486,0.4096343443439417
43427487,0.1779428801478807
43427489,0.3936788042330993
43427490,0.17378673236241013
43427491,0.3661747988515024
43430364,0.18625490409878612
43430365,0.2428733496624328
43430367,0.15669622102002756
43430368,0.16302834223753337
43430371,0.165641279870404
43430372,0.18104795391422657
43433170,0.28153040746585717
43433171,0.5475350292542902
43433172,0.15210945122574024
43433173,0.501792209251032
43433174,0.3033831478882246
43433175,0.4654658455557365
43433176,0.22790054008539107
43433177,0.2890031799630746
43433178,0.11967970979831397
43433179,1.0351942729984214
43427214,0.4694996626402033
43427215,0.13825576604200332
43427216,0.10709615822499678
43427217,0.09263704158191004
43427218,0.8197911749267364
43427219,0.14562002173270128
43427220,1.2698508324690625
43427221,0.073934098444902
36974555,0.09340197382244367
36974556,0.15566034400716905
36974557,0.07892007718212776
36974558,0.09250824482028813
36974559,0.10742725914281687
36974561,0.13093037668199148
36974562,0.05071038099137032
36974563,0.09317850431158746
37014228,0.16547617775238396
37014229,0.07761003330082392
37014230,0.0813948658842667
37014231,0.08601530679742982
37014232,0.07253988910148887
37014233,0.08518223279561872
37014234,0.18157394495524282
37014235,0.07113867605038378
37014236,0.08721755943054299
43423787,0.26811403704246345
43423788,0.5190864807139679
43423789,0.9999450738770748
43423790,0.3779054415666404
43423791,0.47588110949683765
43423792,0.37303349338992364
43423793,0.34040703118126925
43423794,0.6899992101299899
43423795,0.3284047251059251
36989393,0.2158609496301739
36989395,0.20824964018464917
36989396,0.1377703225799149
36989397,0.22362746803839353
36989398,0.2461918032126195
36989400,0.09504515730574395
36989401,0.08967916847688771
36989402,0.09067066664265992
36990823,0.21151289437025145
36990824,0.1481712539764821
36990825,1.7718675121592298
36990826,1.742357787278623
36990827,1.7869015923069853
36990828,0.25969339207465364
36990829,0.13100697835421646
36990830,0.19666204991688682
36990831,0.1606366237428595
36990832,0.36740120312414576
36984510,0.33958485491974405
36984511,0.16099448809999978
36984512,0.20211205109571412
36984513,0.19399363195531225
36984514,0.44854347322238947
36984517,0.20866876997946696
36990503,0.06396814583976998
36990504,0.06409056683653205
36990505,0.1831354249020633
36990506,0.1316551178390725
36990507,0.09015160983988649
36990508,0.1038826826417391
36990509,0.17792915595256328
36990510,0.059720962774427885
36990511,0.14366416964348724
36990512,0.1551825586298256
36986239,0.21276650839463734
36986240,0.21276926153728437
36986241,0.29135290544341547
36986242,0.21705998653902228
36986243,0.25995443579035193
36986244,0.21301918465786085
36986245,0.16722837173739272
36986246,0.25218646594333344
36986247,0.1992155887820172
36977269,0.23443604322962883
36977270,0.5520761473577189
36977271,0.7935952277870981
36977272,0.4189621207271563
36977273,0.17972810012158902
36977274,0.45894046001927097
36977275,0.3585365902698231
36977276,0.43911331480878035
36977277,0.43309478397033535
36977278,0.1809712731334424
36968742,0.08793043771885349
36968743,2.201623349404088
36968744,0.7560025743659438
36968745,0.16392575042150165
36968746,0.35263134160415827
36968747,0.13564826733788765
36968748,0.10335360237725462
36968749,0.21099725997165522
36968750,1.7503870491412794
43424168,0.4614128044878732
43424169,0.1624572105960959
43424170,0.20890895999853976
43424171,0.17939868739298506
43424172,0.20600797811790472
43424173,0.40573951302661226
43424174,0.44015329734086006
43424175,0.3770628319950339
43424176,0.19153391755330787
43424177,0.4935551002963083
43422124,0.41989611775983815
43422126,0.343139381176452
43422127,0.14687785571410195
43422128,0.20062965134625974
43422129,0.42896292143107045
43422131,0.4643581127977339
43422132,0.23056627555971998
43422133,0.4169345603633523
43429053,0.3199356179763105
43429054,0.3486371423209187
43429055,0.5043847421465594
43429056,0.45849665708216975
43429058,0.31961295036470005
43429059,0.5052936022053386
43429060,0.7932872368126362
43429062,0.2078615245774481
43427045,0.5774153268265309
43427046,0.20217518760785452
43427047,0.5421003602151071
43427048,0.14368719795873428
43427049,0.17787332722388027
43427050,0.3610800908941717
43427051,0.1472702240861911
43427052,0.25509212872649273
43427053,0.39618251420165784
43427054,0.4615304964341673
43420968,0.16635134910569446
43420969,0.4426699292929131
43420970,0.12955058361907468
43420971,0.2968915813722086
43420974,0.45535716810189825
43420975,0.08883120321218295
43420976,0.21642666255087917
36980110,0.09067604834587696
36980111,0.09498418864719974
36980112,0.09099533325042289
36980113,0.09344759613873387
36980114,0.0956760140763809
36980115,0.09452073347104499
36980116,0.1296061069283173
36980117,0.5169897412950881
36980118,0.5236791463916202
36980119,0.08660112676635356
37008917,0.8601192951491179
37008918,0.2171102420959481
37008919,0.34539556972536545
37008920,0.12481385882332878
37008921,0.30112814591123716
37008923,0.19216661739339805
37008924,0.24360533871954076
37008925,0.18088626388775744
37008926,0.2106369242015658
36997736,0.1101122786426532
36997737,0.12858467242988908
36997738,0.9222821975177491
36997739,0.13011048279012505
36997740,0.4744811722093267
36997741,0.1286334937442723
36997742,0.1345035557356903
36997743,0.10734275565196418
36977253,0.053378458729509574
36977254,0.051129790465894574
36977255,1.4524008077492425
36977258,0.045807899493308275
36977259,1.3221035221866941
36977260,0.049609036737291376
36977261,0.09344451295985548
36973113,0.142817379433793
36973114,0.14783878105945542
36973115,0.1603996743262089
36973116,0.1504552105885935
36973117,0.13528688946456544
36973118,0.13780537464908113
36973119,0.1647978508396031
36973120,0.1424897599377442
37015888,0.17824533673702112
37015889,0.2004341825410453
37015890,0.1646554039663052
37015891,0.15242245259413947
36996392,0.11611202684392352
36996393,0.16846932545288495
36996394,0.09810034795287424
36996395,0.10235688267844383
36996397,0.2053145730793223
36996399,0.10394323128005986
36996400,0.23787915782388042
36985482,0.11978855763412927
36985483,0.16392420518836398
36985484,0.12219398989552667
36985485,0.2936517675767323
36985486,0.2339298552332465
36985487,0.29612207208342756
36985488,0.07597437269644856
36985489,0.22294424819262562
36985490,0.46427852742848
36960533,0.3412271646625104
43431276,0.3097692905160692
43431277,0.12210719404554678
43431281,0.08792055326226451
43431282,0.16469569100064485
43431283,0.25147656344242125
43431284,0.5719943698130547
36980549,0.1887823577892163
43419996,0.39145810763409494
43419997,1.2143714074826746
43419998,0.2928356624796833
43419999,0.2679691612070153
43420000,0.8023644006821127
43420001,0.31351887426280983
43420003,0.07256437982810683
43420004,0.29477744944176676
37010484,0.28564637637675677
37010485,0.28508502198300834
37010489,0.1562529286823535
37010490,0.18073042103123052
37010491,0.23524272632385568
37010492,0.3646194188976731
37010493,0.47472295973079115
36987471,0.2745665784545988
36987472,0.48841945286907024
36987473,0.3454214054072446
36987474,0.3418745664762053
36987475,1.9690131941655369
36987476,0.26085289443162335
36987477,1.1779129124167036
36987478,0.2596910088824076
36987479,1.600972657658034
36987480,0.22197431953041868
36977466,0.16235750091908327
36977467,0.14651338102082326
36977469,0.1704424333841619
36977470,0.1565684801416928
36977472,0.16508382656900694
36977473,0.16512076459921116
43423606,0.4265237895225921
43423607,0.1127998034320773
43423608,0.08709138208279969
43423609,0.12332791426807148
43423610,0.1095488231489846
43423611,0.09780341303356269
43423612,0.5740579125833583
43423613,0.07215584562814308
43423614,0.128604339533
43423615,0.13545250321061614
43421500,0.594431270041035
43421501,0.2652679540719567
43421502,0.24486663557980143
43421503,0.1769028260613719
43421504,0.4265607870927253
43421505,0.3091186608930988
43421506,0.45629903444678804
43421508,0.2528775317255256
43421509,0.5709982114218088
43432495,0.5175294684689885
43432496,0.32076423017482614
43432497,0.6134909097831092
43432498,0.12779006800854092
43432499,0.17407418194196467
43432500,0.11610600134535012
43432501,0.14488100299494835
43432502,0.2649405277472454
43432503,0.16280452074098425
43432504,0.11930378317663573
36997948,0.11441080084624236
36997949,0.07185974818657957
36997950,1.694735207102247
36997951,0.7823082058334645
36997952,0.14062009167924236
36997953,0.4497962866121871
36997954,0.6852005595368621
36997955,0.09805178233187498
36997956,0.45345640467944975
36997957,0.12942547351913622
43424677,0.7365726734777454
43424678,0.3460865291145658
43424679,0.2757464599119534
43424680,0.5162550302028852
43424681,0.46240807783245524
43424682,0.7610760612661714
43424683,0.7610948370306553
43424684,0.38736285821832983
43424685,0.5190234581199568
43424686,0.13915861573318736
43419387,0.6029766740919276
43419388,0.18533106912456632
43419389,0.844706086209442
43419390,0.7115921359210949
43419391,0.3605497853457736
43419392,0.1363277535906305
43419393,0.6847686750518746
43419394,0.6785521947739719
36959918,0.16176174883877217
36959919,0.39404434876429345
36959920,0.4035329424755194
36959921,0.3108367128382295
36959922,0.3645402841159039
36959923,0.37923522280969707
36959924,0.4046881343010704
36959925,0.3618609704905262
36959927,0.5131686959137908
43431506,0.33049850551587273
43431507,0.4566893275614496
43431508,0.429014184768534
43431509,0.37994074801337985
43431510,0.5043548103672838
43431512,0.4531923543181002
43431513,0.6388274135659058
43431514,0.23489888131382206
43431515,0.25138382096746953
43425722,0.31584919215495544
43425723,0.2136418693761552
43425724,0.5779377525337313
43425725,0.11594006994480895
43425726,0.2543019577893397
43425727,0.18298630792779727
43425728,0.3360602495355274
43425730,0.4678862000026932
43425731,0.1776722281825285
43425554,0.28406747326293735
43425555,1.534927751205483
43425556,0.32105676460588695
43425557,0.43614639118432524
43425559,0.6795011623636307
43425560,0.395908066997978
43425561,0.1982739213630048
43425563,0.12030716224302683
43430959,0.3952540095424538
43430960,0.14792548277380996
43430963,1.6963793594451748
43430964,0.09936214024846687
43430966,0.1233910577119096
43430967,0.34711935609393285
43430968,0.1415278449235575
43425198,0.7047068972371292
43425201,0.12019132102096179
43425202,0.6473768870590271
43425203,0.3439570409058888
43425204,0.128178050319196
43425205,0.25329686027279186
43427365,0.15311670659351856
43427366,0.2622757592265075
43427367,1.0093946759259949
43427368,1.3618026078013015
43427369,0.1562221163610945
43427370,0.17282226633264586
43427371,0.17797304618384366
43427372,0.3192301678989668
36978243,0.46159967472015434
36978244,0.6360248233170774
36978245,0.49509071281072486
36978246,0.42101916033446013
36978247,1.038838870565038
36978248,0.35330213631625096
36978249,0.5176748572248125
36978250,0.6664575502525308
36978251,0.5468989972865109
36978252,0.563218769564328
43427556,0.453019359353912
43427557,0.6101573772470182
43427558,0.31675174883445506
43427559,0.445402391265993
43427560,0.6348834773532989
43427561,0.13513249612988532
43427562,0.32088708885151357
43427563,0.8540478352879639
43427564,0.2597272768689078
43427565,0.1547575494510928
37018822,0.2564794659035398
37018823,0.7351905780074467
37018824,0.08607545156495568
37018827,0.30975322732058513
37018829,0.06339506971898863
37018830,0.13301119097062694
36981795,0.2805415388037449
36981796,0.15961189142834467
36981797,0.1261095003202967
36981798,0.4072953548568376
36981799,0.15244051222984387
36981800,0.16512526411226264
36981801,0.13879614744509036
36981802,0.3083179825230162
36981803,0.23777299122242646
36981804,0.16033514724264286
43429520,0.3365427900171235
43429521,0.1370100120876474
43429522,0.4050078285723186
43429523,0.11382298082270352
43429524,0.2635237947160377
43429525,0.17136516321203504
43429526,1.0694907394519315
43429527,0.22291127345085882
36996107,0.18824734083401184
36996108,0.20491618303097828
36996110,0.1316856591471351
36996111,0.7026651681027647
36996112,1.6957010288639327
36996113,0.18370708031993493
36996114,0.20233811613408048
36996115,0.18942059527003696
36996116,0.19315242624408793
43425564,0.16719482609059505
43425565,0.44500919923323123
43425566,0.34941151996640724
43425567,0.17911211775788793
43425568,0.2979396793569393
43425569,0.18417778095477702
43425570,2.4741542607416442
43425571,1.7940166337089964
36975279,0.10260322508896189
36975280,0.30077120725381895
36975281,0.05599655388096642
36975282,0.9256697314475673
36975283,0.18725901651636656
36975285,0.20473145511452356
36975286,0.19862534277827235
36975287,0.047384359628637525
36977675,0.17555543341063054
36977676,1.0525127654486448
36977677,0.07113885696243344
36977678,0.6575980132751865
36977679,0.14780370152383343
36977680,0.08224950693901724
36977681,0.862939813358752
36977682,0.6234038297521112
36977683,0.07421556498581247
36977684,0.19615313279517563
36987698,0.12374108197310862
36987699,0.2735880213028107
36987700,0.12163971255947843
36987701,0.2796634710011831
36987702,0.14823147578015652
36987703,0.20089436597441862
36987704,0.6765947239358574
36987705,0.13369290494420494
43429334,0.2484055279749547
43429335,0.3764397629945226
43429336,0.07983317993494987
43429337,0.21389147237253506
43429338,0.5613237354349969
43429339,0.7221200745090744
43429340,1.0351121692515695
43429341,0.059081842029708134
43429342,0.23782609554042378
43429343,1.1842486848522713
36972545,0.6341385539946238
36972546,0.6242888715857664
36972547,0.4344694464043473
36972548,0.4200359248452045
36972549,0.7108867556188526
36972550,0.6138109611801065
36972551,0.49675912597582766
36972552,0.6032903388389569
36972553,0.4484252080552808
37022207,0.06309024899025036
37022209,0.13716886761382682
37022210,0.06948720167715451
37022211,0.06360019489823031
37022213,0.1248298345513113
36964274,0.33545292118772724
36964276,0.08796687685708249
36964278,0.2349506140467695
36964279,0.19854867949881458
36964280,0.3372850547450942
36964281,0.49597562551259206
36964282,0.47787149833292497
43426287,0.6111497104002944
43426288,0.5148900498945024
43426289,0.47743764458603716
43426291,0.33886148053067006
43426294,0.11981726069311369
43426295,0.4210009916659848
43426296,0.38907638993293175
43426078,0.31546689544001705
43426079,0.09826800521191838
43426081,0.08210872434949454
36990537,0.25390496747624924
36990539,0.18307633196710862
36990541,0.2542679691720782
36990546,0.23807153478439436
36987298,0.23603284553286752
36987299,0.31138373490352256
36987300,0.5963321827345215
36987301,0.21405143490762135
36987302,0.10674466983286786
36987303,0.19902118060280696
36987304,0.0751188931358358
36987305,0.3607665850539383
43424010,0.5074171209054169
43424012,0.667872379470718
43424013,0.49350548132213146
43424014,0.5965021736007008
43424015,0.4745169719625839
43424016,0.5168273162473157
43424017,0.6059228549485394
43430140,0.3728223101218574
43430143,0.4511164144048472
43430144,0.14962386931926383
43430145,0.4210877001371486
43430147,0.46470816290915234
43430149,0.4824290690418057
36963668,0.1482230936634437
36963669,0.14656056877573814
36963670,0.13151228129633594
36963671,0.15425007925302267
36963672,0.1537562425351485
36963673,0.16181006470713177
36963674,0.32537688513846713
36963675,0.135726893088092
36961162,0.11577482813098881
36961163,0.13130389411026944
36961164,0.09041346331186137
36961165,0.13410139571162352
36961166,0.10089923226066896
36961167,0.09049162563239654
36961168,0.11712466328650227
36961169,0.08772675220270672
36961170,0.1266620764905458
36961171,0.2015683082476484
36998121,0.23145960141032132
36998125,0.2579284876231283
36998126,0.5210831959925918
36998128,0.08313326120814372
36965069,0.12553978785006972
36965070,0.22998202330139184
36965071,0.19712570421400774
36965073,0.26857227627645397
36965074,0.12158646110251017
36965075,0.11694962511971682
36965077,0.5900484338416091
36965078,0.11694567952497464
36992919,0.17518630110300987
36992921,0.19325523243453963
36992922,0.08695515322092183
36992923,0.10992695077628863
36992924,0.1782808588039063
36992925,0.08856468410104831
36992926,0.1188482207318046
37022229,0.17519385294877585
37022230,0.1264440027280934
37022232,0.16745865726796644
36983906,0.08052593868015052
36983908,0.07797329437178821
36983909,0.10009405199201687
36983910,0.26643090149057924
36983911,0.03921657320983111
36983912,0.11035435673053769
36983913,0.06862547602054943
36961925,0.4025605012520598
36961926,0.18654144701751182
36961927,0.39472336631554245
43421286,0.24272422511512112
43421287,0.3592036480087752
43421288,0.11146499428444122
43421289,0.22707743927985227
43421291,0.24740069829850858
43421292,0.41883308085591997
43421293,0.12641738353946702
43421294,0.11215204231819689
43421295,0.11266166152516165
36957114,0.1373933316339476
36957117,0.16843052539215123
36957119,0.09237877590192752
36957121,1.537075637354863
36980993,0.31306092684914816
36980994,0.28499332233236324
36980995,0.2777564927199357
36980997,0.38667528089954356
36980998,0.2737833948591801
36967521,0.3893927702701771
36967522,0.5939053676235083
36967523,0.616858240037192
36967524,1.7252337982195307
36967525,0.8250277622686751
36967526,1.3338234751875175
36967527,0.6091503504779002
36967528,1.399124543704199
36967529,0.5854298989772352
43425151,0.28407705960135365
43425152,0.34557662730717703
43425153,0.5003390122857916
43425154,0.25930780393737507
43425155,0.13516300698883257
43425156,0.6832721480246302
43425157,0.6497589473131391
43425158,0.4394266913946911
43425159,0.4564642875394162
43425160,0.16223929261713466
37008856,0.6169891851257719
37008857,0.5788551076233899
37008859,0.2191793832698109
37008860,0.5486552043055597
37008861,0.13463970722757895
37008862,0.1518950840612256
37008864,0.15072424993194317
37012507,0.17288344171009717
37012508,0.13194503984186792
37012509,0.136627304079179
37012510,0.12135537408883254
37012511,0.19838576887465761
37012512,0.16428222945435866
37012513,0.1549495223716114
37012514,0.14394454419840783
37012515,0.14894163985240344
43429672,0.1280373706216385
43429673,0.1839865043473049
43429676,0.17167534815597424
43429677,0.14110036465114184
43433192,0.3473803427499057
43433193,0.3184733421742955
36973788,0.24093924258418475
36973789,0.15724631667765343
36973790,0.21754591459147404
36973791,0.24305570768868875
36973792,0.24590815501603133
36973793,0.14981311123817154
36973794,0.15898578419715415
36973795,0.2563317775389735
36972500,0.21067780204836284
36972501,0.064379389680158
36972502,0.15856463426398756
36972503,0.08148064567982817
36972504,0.07376979841329703
36972505,0.059502964049098564
36972506,0.14919843333852684
36972507,0.06621684517726338
36972508,0.15128115411021495
36972509,0.10817299856955812
43423251,0.7304989108948889
43423252,0.5019984722265308
43423253,0.7744685240923554
43423254,0.08558217335601258
43423255,0.7226003947419054
43423256,0.08572333928551087
43423257,0.22221874815967452
43423258,0.06563923143727943
43423260,0.07569805130875625
37022489,0.13269954120036892
37022491,0.1606243221600398
37022492,0.15424704569101064
37022493,0.1441303120799554
37022494,0.1441288780695602
43423018,0.20747378726717744
43423019,0.36674640289310007
43423020,0.08664877025116301
43423021,0.2100881047855122
43423022,0.6663612165151708
43423023,0.8400222517426162
43423024,0.17953621374136866
43423025,0.5272049819164355
43423026,0.42581532495849045
36966977,0.10203926232694589
36966978,0.10241211748362312
36966979,0.09544155499661858
36966980,0.050315224922875074
36966981,0.33546376248569465
36966982,0.06323392208368274
36966983,0.0934990694171912
36966984,0.10171463183405215
36966985,0.11678208028210303
36966986,0.09829610093783997
37022240,0.32414466636692685
36971907,0.20359884229853123
36971908,0.5990854072769677
36971909,0.20615537696692296
36971910,0.16584565636829346
36971913,0.16992357905621333
37015406,0.1473915225635164
37015407,0.16725814556392607
37015408,0.18481636828301012
37015409,0.1632051139331035
36975221,0.2113147300562816
36975222,0.1787863600402387
36975223,0.1999208943637891
36975224,0.22141763791756067
36975225,0.1849085903734518
36975226,0.19153546215138806
36975227,0.13308412125778352
36975228,0.2622004592930609
36999027,0.1114608602931995
36999028,0.11946497938853869
43419182,0.43532142936687945
43419183,0.5823239153881368
43419184,0.36984405191900727
43419185,0.19162741038648842
43419186,0.4611707391207595
43419187,0.1507359818053216
43419189,0.20399332710637716
43419191,0.42185142596941094
36992579,0.19390965336860194
36992580,0.19658427975160925
36992581,0.2566688033628123
36992582,0.2690954972657063
36992583,0.18130894213412682
36992584,0.16489940601335684
36992585,0.14560305361342973
36992586,0.24855664318004347
36992587,0.199899466609473
36983692,0.11471103261866324
36983693,0.14216849964509304
36983694,0.23966010498714982
36983695,0.12695598313223969
36983696,0.287547795441738
36983697,0.3110975334358019
36983698,0.20663547697390808
36983701,0.3056680305007877
36996056,0.1486948313358466
36996057,0.15149809502716532
36996058,0.09111594518006051
36996059,0.14077490235212842
36996060,0.11678487854146816
36996061,0.16847529163334973
36996063,0.09455296267020699
36984017,0.30696681007654886
36984018,0.2555252750071488
36984019,0.5035261954330832
36984020,0.29042766446521234
36984021,0.2575732404400608
36984022,0.28486192652692116
36984023,0.4446423457594365
36984024,0.44964727229168755
36984025,0.27937891522591823
36984026,0.27846655340671694
36991686,0.11250072093107265
36991687,0.06942625500184856
36991688,0.07319654461934041
36991689,0.11750139790152177
36991690,0.15298295589604888
36991691,0.09650193825189783
36991692,0.10333126420616941
36991693,1.214638179199575
36991694,0.20361317260257758
37008107,1.4167437406355865
37008108,0.38962570498679
37008110,0.26192998552240554
37008111,1.2054735053983237
37008112,0.21125570520122258
37008113,0.8679046810070971
37008114,1.887548666466889
37008115,0.09703125482351252
37008116,0.2674377586489641
36995818,0.17693299675514787
36995819,0.2474891626133952
36995820,0.19549390849765214
36995821,0.31864496912699813
36995822,0.2888726393531153
36995823,0.5832816126414971
36995824,0.18478198484249966
36995825,0.38328481939443043
36995826,0.30120368645762413
36995827,0.2704167549221163
36957421,0.11086624073866944
36957422,0.09939743380229712
36957424,0.116807139125873
36957425,0.1349818273011627
36957426,0.10531776666521178
36957427,0.24724355373525897
36957428,0.11897146489264204
43422949,1.0484327297228786
43422950,0.26005613559694857
43422951,1.1959145442283783
43422952,0.5885664676203783
43422953,0.43071579285242684
43422955,0.3284221641167062
43422956,0.22398568307292954
43422957,0.2170315556971413
43422958,0.20198331927030955
43429484,1.1806587089438345
43429485,0.8200064737085796
43429486,0.203447999622035
43429487,0.2058326123668356
43429488,0.2319216918574572
43429489,0.2924427596529542
43429490,0.697904387081422
43429491,0.769238251445269
43429492,0.5959464803084513
43425350,0.3416675413407566
43425351,0.32769924117652127
43425352,0.4706091513838771
43425354,0.5074072155216878
43425355,0.36761497649109437
43425356,0.9251834514525511
43425357,0.21447871925886522
43425359,0.6902216549527944
43421203,0.4448832106275681
43421204,0.28222237620585433
43421207,0.7661047145178539
43421209,0.27632945749872617
43421210,1.4269582152721472
43421211,0.7656593584142535
43426259,1.0185481530708453
43426260,0.6878289301790703
43426261,0.7846411762885845
43426262,1.3610136621160551
43426263,0.13472566676715403
43426264,0.26395046753762225
43426265,0.6983736007365609
43426266,0.7415543626866059
43426267,0.1935929405579433
43426268,0.49935294997243546
43429169,0.6011977857732446
43429170,0.28591771478013245
43429171,0.7810879527099385
43429172,0.9975588633607851
43429173,0.850744595013033
43429174,0.9469815831652623
43429175,0.7698068549986247
43429176,0.7253928226383659
43429177,0.5254961121880286
43421363,0.679594143557383
43421364,0.8838568872436394
43421365,0.5014499358930036
43421366,0.8041593420746226
43421367,0.7842959857221676
43421368,1.121792371248379
43421369,0.6118808655133553
43421370,0.7090492100175828
43421371,0.5278061364971537
43421372,1.2044151765147377
43432209,0.5973175193484322
43432210,0.6464483002232719
43432211,0.5741241291111818
43432212,0.1412625163544037
43432213,0.558840647321263
43432214,0.31909342581965244
43432215,2.4950882728963064
43432216,0.7714748508993277
43432217,1.0725708188002192
43432218,0.6285153810645113
43425003,0.12870138952458035
43425004,1.5763086723419852
43425005,0.11601459644742752
43425006,1.5135653973298369
43425007,1.8610521825500328
43425008,0.5956339238843641
43425009,0.30771323394551703
43425010,0.2306746884684195
43425011,0.4345981585686128
36956690,0.18056257633147715
36956691,0.6522883451926611
36956692,0.17707413593910618
36956693,0.1733258878639866
36956694,0.10718288321677691
36956695,0.1259044293698813
36956696,0.038437541762642406
36956697,0.11760092510969211
36956698,0.06348826069046377
37018342,0.28405932124337074
37018343,0.8585319836469589
37018344,0.25130766816367334
36959947,0.3308698550503147
36959948,0.3500107034326922
36959949,0.33938373876964656
36959950,0.30343492929357274
36959951,0.20741683835813055
36959952,0.20100616500004606
36959953,0.10443855868254716
36959954,0.36420004277278006
36959955,0.19351697789884853
43419395,0.057852869148454285
43419396,0.08482845302691529
43419397,0.05763911221716288
43419398,0.07880063304967337
43419399,0.07797108697911774
43419400,0.082179309883566
43419401,0.0803656384701155
43419402,0.14425578874456696
43419403,0.1672170318269543
43419302,0.12611482219689435
43419303,0.8508945383752164
43419304,0.12334148002732732
43419305,0.11865891944223954
43419306,0.1623568962619889
43419307,0.5897251366245143
43419308,0.1696824934062914
43419309,0.2494217153960803
43419310,0.22022451831699327
43419311,0.13998013181673033
43422002,0.4230986763929842
43422003,0.14348581150006434
43422004,0.5308149792064458
43422005,0.3623813524430329
43422006,0.19267819938115874
43422007,0.11170943032380948
43422008,0.31016744262182255
43422009,0.08310209838655833
43422010,0.1147052445523326
43422011,0.2464673742058843
36988103,0.17242365998188502
36988104,0.13033774742252635
36988105,1.6444709879926511
36988106,0.10088994843526392
36988107,0.11617872194304917
36988108,1.0569540226614158
36988109,0.2751684452142094
36988110,0.2599550571596701
43430420,0.45836420484477847
43430421,0.4551917484624426
43430422,0.37331769748628807
43430423,0.2471691454873709
43430424,0.16195846822045248
43430425,0.2925214329769819
43430426,0.21910345077276464
43430427,0.2833545365234552
43430428,0.604335013378812
43430429,0.09599932973079735
43423965,0.4649090319251743
43423966,0.1078143638871561
43423967,0.40167809976892177
43423968,0.3700896663049818
43423969,0.3221095358693519
43423970,0.17649686741797288
43423971,0.8980741731650345
43419771,0.2639495003826576
43419772,0.24012357073055668
43419773,0.5227913713752297
43419775,0.4837703030788293
43419776,0.2793949998637938
43419777,0.2059829594003023
43419778,0.19178519478775025
43419779,0.21043160983419823
43418986,0.22110926782947707
43418987,0.49167829479565783
43418988,0.10966934703899425
43418989,0.17804770354437754
43418990,0.30220382528978573
43418991,0.10979493567502448
43418992,0.2596131369042147
43418993,0.23126333396336662
43418994,0.24354993988457535
43432412,0.25720760418627175
43432413,0.147765790377171
43432414,0.42734947726824457
43432415,0.243804564832585
43432416,0.217909226718567
43432417,0.38358073152643046
43432418,0.37043465074415277
43432419,0.07482120512834932
36983122,0.3802996581973652
36983123,1.6183344473080028
36983124,0.26765784704737877
36983125,0.4119234398290988
36983126,0.24272782186156935
36983127,0.24904470614446172
36983128,1.028770479903944
36983129,0.2792141718589414
36983130,0.7647535483796147
36983131,0.38124680143112705
36955370,0.14455085988714475
36955371,0.09435369006823578
36955372,0.0680113205246475
36955373,0.4647275910735635
36955374,0.4563519079699822
36955375,0.255987919272966
36955376,0.12562329008908532
36955377,0.15514448939518263
36955378,0.19935235892037803
36955379,0.3496792709027754
37014573,0.1728558723568724
37014574,0.12272349530269343
37014575,0.39083657821169604
37014576,0.1259553727814077
37014577,0.14283095344538368
37014578,0.1660151535720229
37014579,0.2590729475647365
37014580,0.15483234845673988
37007751,0.17921746593061752
37007752,0.16814928401021667
37007753,0.17277195088680009
37007754,0.2187696447609112
37007755,0.1367600471086948
37007756,0.1617622081549352
37007757,0.13495786745761368
37007758,0.16023391574476137
37007759,0.1730296984547651
37010161,0.1590854431677069
37010162,0.16812210665125707
37010166,0.16992872473697335
37011329,0.47070479470906257
37011330,0.864087554837912
37011331,0.12442955884807542
37011332,0.14704083346246669
37011333,0.14473380522639726
37011335,0.13914249392697703
37011336,0.2187500773220691
37011337,0.6537184397792916
36990475,0.10454719591613135
36990476,0.06880163238767902
36990477,0.09993438219034163
36990478,0.3429032556380999
36990479,0.33435451557985146
36990480,0.38691952631053267
36990481,0.1323151630097938
36990482,0.06413206098197552
36990483,0.1961747879704165
36990484,0.3174753217411333
36961962,0.3696330904465408
36961963,0.18879497384297916
36961964,0.2083554303788456
36961965,0.09978861003874559
36961966,0.298198747258772
36961967,0.2640494626870554
36961968,0.23392094446254247
36961969,0.2175490807172905
36961970,0.10975361432356294
36961971,0.14628262669515066
43418814,1.1895694661606557
43418815,0.12675979020620115
43418816,0.34754048008552985
43418817,1.527619238305936
43418818,0.2851119061020203
43418819,0.37662601235623216
43418820,0.6422202503345789
43418821,0.1914704527313607
43418822,0.17402311209521054
43419742,1.0271619240612992
43419743,0.2551969407269601
43419744,0.4611199224460382
43419745,0.17616099994979637
43419746,0.18683023461093795
43419747,0.3746164094919106
43419748,0.9732906240324952
43419749,1.2043332412168455
43419750,0.6762478249013023
43419751,0.27680438448459427
36967366,0.13903037947155444
36967367,0.2658653299359853
36967368,0.21344440446866453
36967370,0.14909084962460115
36967371,0.1666537433453665
36995455,0.4655869675952369
36995456,0.19618965378042877
36995457,0.27868598259733685
36995458,0.4632758893717492
36995459,0.7623683162742991
36995460,0.2008327570599981
36995461,0.2105094422522228
36995462,0.9122966176123891
36995463,0.2780861664391981
36995464,0.1696052334497992
36989714,0.2894792122798997
36989715,0.1764933509080071
36989716,0.4509251100847277
36989717,0.2080717217396024
36989718,0.2564954139733051
36989719,0.3910337565729176
36989720,0.2249241437305513
36989721,0.14535690970377846
36989722,0.729446954207029
36989723,0.2042696242181702
36991004,0.43946744930348913
36991005,0.25869836081917
36991006,0.18203366318494255
36991007,0.33939565714869796
36991008,0.35398957713559587
36991009,0.25867457215167916
36991010,0.2800798416526226
36991011,0.23473606686449305
36991012,0.32646219763843914
36991013,0.31645196269134
36997128,1.0566206112413956
36997129,0.35858590510752203
36997130,0.23966874785986989
36997131,0.48325308719244353
36997132,0.10733535255377866
36997133,0.11974115141803704
36997134,0.40506190891122007
36997135,0.335103513324339
36997136,0.9904382167570184
43421539,0.8279074483712863
43421540,0.36680690013894096
43421542,0.2521930278757061
43421543,0.21585718266276177
43421544,0.5609892080973169
43421545,1.454422652532216
43421546,1.0028478989248417
43421547,0.28400809703463886
43426326,0.14562043223156132
43426327,0.38959818299414045
43426328,0.17093809275209804
43426329,0.7280312166875537
43426330,0.39703753309218365
43426331,0.3208374692760721
43426332,0.49640663453904393
43426333,0.43382337225703743
36996641,0.11402213323075508
36996644,0.13317278945980934
36996645,0.397193030917422
36996646,0.11300985275968198
36996647,0.12231684382887617
36996648,0.4906059379802537
36996649,0.43467109045414215
36993303,0.12928025484289185
36993304,0.10349275176462613
36993305,0.16489389942532157
36993306,0.12702759088009552
36993307,0.11925717023557147
36993308,0.12942442956946756
36993309,0.10982760343164312
36993310,0.17057485658583899
36993311,0.1764360186402825
36990889,0.18271138890382152
36990890,0.19073028402485534
36990891,0.19400978790834372
36990892,0.4944374394843479
36990893,0.40837831755038023
36990894,0.357986058246713
36990895,0.37938233783756914
36990896,0.42685835776580094
36990897,0.2264952744146834
43422598,0.2021905227216115
43422599,0.1936363680558249
43422600,0.10584345322402265
43422601,0.15447438197250976
43422603,0.09830242059199035
43422604,0.25374605580138504
43422605,0.19621544977488897
43420657,0.26164397870624617
43420658,0.7473263810232321
43420659,0.3019547829655689
43420660,0.8142688268673349
43420661,0.21564393248995117
43420664,0.2563143248192096
43420665,0.34200163890245705
43420666,0.15819100743584388
43431395,0.3016779999668071
43431396,0.08873848149661374
43431397,0.05077104136150266
43431398,0.05181673914617224
43431399,0.2704188269904568
43431400,0.434634903290009
43431401,0.4227283569443166
43431403,0.08103190930215433
36993642,0.22761085954502297
36993643,0.27492285900811747
36993644,0.39530296178966007
36993645,0.08755835356281827
36993646,0.2178547041734506
36993648,0.10860994332764978
36993649,0.4127240915458495
43421452,0.1019666692522913
43421453,0.16006915128555707
43421454,0.11056814733562412
43421455,0.14120518141254101
43421456,0.24822561604068002
43421457,1.3240296786900865
43421458,0.11828298896430701
43421459,0.07015115696946442
43421443,0.07567832362691836
43421444,0.054408650349560495
43421445,0.10237253393507743
43421446,0.05073978861905071
43421447,0.5183261707821258
43421449,0.2388596984145068
43421450,0.33155988090358024
43421451,0.10567584985740132
36980100,0.27296111549891544
36980101,0.10689603237447914
36980102,0.11817053840745352
36980103,0.16413727610957787
36980104,0.10527076256867263
36980105,0.37332167251047654
36980107,0.5442991511144991
36980108,0.557056475785779
36980109,0.2179441535479986
37024310,0.08173141301223566
37024311,0.08283733951673462
37024312,0.13857228824438103
36968280,0.13095694750052272
36968282,0.13041974421350885
36968284,0.14338089643068583
36968285,0.11437781933433315
36968286,0.14336321718828074
36986679,0.40856597675144035
36986680,0.2769172309971977
36986682,0.10505046571346816
36986683,0.12874387201198498
36986684,0.11338628233521712
36986685,0.8885765434763018
36986686,0.09164403049413644
36986687,0.06887893416205357
36979396,0.12096737506720014
36979397,0.11452482238069271
36979398,0.08393661006365252
36979399,0.10079561761903252
36979400,0.07186865603124279
36979401,0.06357144548327119
36979402,0.3369995056848646
36979403,0.0899951317415002
36964779,0.11726223318547968
36964780,0.15998753748822261
36964781,0.09496156633317637
36964783,0.11586349580568098
36964784,0.09366165340749215
36964785,0.05360430065462038
36964786,0.08535469805340098
36964787,0.1612592556718307
36971225,0.1393309017334887
36971226,0.040769265621984886
36971227,0.0435853703596499
36971228,0.0701095679216636
36971229,0.04503361595028342
36971230,0.04292077361306588
36971231,0.058000619253595974
36971232,0.08545042386679848
36970046,0.05057581821740888
36970047,0.042192128998106544
36970048,0.045008064445031394
36970049,0.07386091062562603
36970050,0.3168326162009569
36970051,0.036489200747216156
36970053,0.038659670645129984
36970054,0.10304299283649863
36990125,0.1140598716783391
36990126,0.41451324256434696
36990127,0.17047344144598092
36990128,0.1252106009713578
36990129,0.13825582248398294
36990130,0.1992493322067861
36990131,0.13048846285072135
36990132,0.14032071853613293
36990133,0.2316094956539236
36975194,0.22330502544102956
36975195,0.18993263159613663
36975196,0.20735291604626221
36975197,0.2200434244860549
36975198,0.3179476720808324
36975199,0.4811165602561603
37012847,0.0888362861271273
37012848,0.3628436130168649
37012849,0.09490947283377091
37012851,0.08453598313547504
37012852,0.32483941467722544
37012853,0.08662589135215717
37012854,0.13279193288989025
37020265,0.2511224420435488
37020268,0.25389273985613703
37020270,0.31037192188788754
37020271,0.24374641164825617
37020273,0.2842355122474648
36971315,0.21656877730152158
36971316,0.35911421730114224
36971317,0.5692458488194947
36971318,0.18433294480706844
36971319,0.6391263230866998
36971320,0.3004988905128558
36971321,0.16265014136207595
36971322,0.19626619416189003
36971323,0.2847663567421729
37006587,0.26511497022080754
37006588,0.2506426466699522
37006589,0.2761006167290816
37006590,0.20679543469394301
37006591,0.7507740156862815
37006592,0.2565163820378992
37006593,0.41566628314075305
37006594,0.3165754343266106
36957715,0.13098524131849298
36957717,0.12833171167161045
36967971,0.1134809451213077
36967972,2.2704282997860923
36967973,0.07894249029086832
36967974,0.07537756293012095
36967975,0.09405067154238572
36967976,0.076104998520749
36967977,1.7916667081651116
36967978,0.07842170665671834
37021752,0.08528737720616997
37021753,0.18736812593094646
37021754,0.16620913123195472
37021755,0.08048263793156504
37021756,0.07893689780211162
37021757,0.2253778688851067
37021758,0.1644830369427694
37021759,0.08582945450103745
43429225,0.1091249832254224
43429226,0.12831537653538666
43429227,0.10087606230504317
43429228,0.10364850616239797
43429230,0.21753151101246737
43429231,0.10412475184302766
43429232,0.12295346824088771
43423580,0.2388337316584411
43423581,0.18838700992317692
43423582,0.7004067437956877
43423583,0.6749088085020781
43423584,0.4765386271347387
43423585,0.24054943943390045
43423586,0.22588090373765207
43423587,0.22925218378481985
43423589,0.15373763917094954
43425693,0.10803474885846004
43425694,0.13014968610875266
43425697,0.15274947185224425
43425699,0.17831785936004463
43425700,0.13294503965463336
43422134,0.13299666166951304
43422136,0.21427954291217852
43422137,0.3062242718357773
43422138,0.11681392419132798
43422140,0.40625827533958003
43422141,0.16808184044601532
43422142,0.4251389051023417
43422143,0.09913390671872206
43419977,0.39669981403200033
43419978,0.514130539237745
43419979,0.16359886021398373
43419980,0.2633875560823426
43419981,0.1588184232716985
43419982,0.18666792885055136
43419983,0.3237174604887998
43419984,0.2780996283519696
43419985,0.3057660452052538
36978210,0.07392945970873117
36978211,0.0730763864294057
36978212,0.07595007025713306
36978213,0.07640994401089483
36978214,0.2985603237390136
36978215,0.1331381318499171
36978216,0.07616801950730889
36978217,0.08641478797921678
43421382,0.09098297489489497
43421383,0.10611745554486919
43421384,0.16738472837606314
43421385,0.0640501638778969
43421386,0.06493254973908642
43421387,0.09681430364808448
43421389,0.13642585969844861
43421390,0.1509071939395851
36965437,0.8053500920573531
36965440,0.2016102773650442
36965441,0.20630755573731305
36965442,0.181467906006981
36965443,0.198810038004533
36977712,0.0713377121384217
36977716,0.14011404465358998
36959847,0.045301902912458385
36959848,0.07659313023331078
36959849,0.07819153810770033
36959851,0.052971927755119406
36959852,0.04357545967999826
36959853,0.047451130814354855
36955251,0.21410866098824355
36955253,0.30237945202400196
36955254,0.23348906279525705
36955255,0.21307139944896744
36955256,0.13581376014718644
36955257,0.14326426502297185
36955258,0.21585421686074188
36955259,0.19607172814941048
36955260,0.22414768128214607
36959426,0.10071675583065225
36959427,0.5291903454666418
36959428,0.657848045529688
36959429,0.6224168699565615
36959430,0.3988859610927486
36959431,0.5992169468280346
36959432,0.31102618780633823
36959433,0.36727224140814996
36959434,0.15551236805219112
37019263,0.10134987305446658
37019264,0.22472490289677488
36981218,0.28407669253493323
36981219,0.32919251285830725
36981220,0.4191712453667924
36981221,0.2318215929220264
36981222,0.5247248062782107
36981223,0.4219641687643052
36981224,0.6358414449713236
36981225,0.13512088084091825
36981226,0.5733430706136644
36981227,0.34121163202174487
36981195,0.23164632208540367
36981196,0.4452379147298242
36981197,0.16208416230210182
36981198,0.07935521980257172
36981199,0.2695902398957412
36981200,0.6109523036580208
36981202,0.2771845582904532
36981203,0.3835049883708751
36981204,0.5398540984286794
36978627,0.3473529382775975
36978628,0.26465829154128867
36978629,0.50344526845805
36978630,1.2924442968727898
36978631,0.332547377093581
36978632,0.2751872808066686
36978633,0.6258908055160229
36978634,0.44550568203434565
36978635,0.204770251200672
36989973,0.35467259203608953
36989974,0.13868130058521352
36989975,0.25376414734041397
36989976,0.9588157066238797
36989977,0.301219855869995
36989978,0.8387145264522586
36989979,0.19839313606670367
36989980,0.16773466276229473
36989981,0.3857567632005533
36989982,0.9252345313267915
37007811,0.4477169882599822
37007812,0.31851526804640373
37007813,0.31994189567540016
37007815,1.3052415359801532
37007816,0.33423509863513295
37007817,0.33079209936692083
37007818,1.3647411997750147
37007819,0.620108086264506
43422301,0.7853774824718754
43422302,0.9107780329954454
43422303,1.3055443624969738
43422304,0.6787686143520509
43422305,0.5870313714296704
43422306,1.3670496132626753
43422307,0.7636507451025581
43422308,0.7959622536833172
36996658,0.1629544319349164
36996659,0.1901479471890004
36996660,0.17360278146716968
36996661,0.15013790607914754
36996662,0.15877578776974755
36996663,0.18911219205710836
36996664,0.1254311836572003
36996665,0.15442878613761593
36996666,0.13112472684788276
36996667,0.1377877574513017
43426013,0.18416177410693504
43426014,0.14851683244651515
43426015,0.25759544415370583
43426016,0.1972175406559827
43426017,0.18292873207582452
43426018,0.08197268262763063
43426019,0.3188017285115883
43426020,0.21200452792142688
43426021,0.2552282157528874
43426022,0.2787962071408771
36964998,0.3949510951729092
36964999,0.1703906218015646
36965000,0.09940195335179004
36965001,0.25216938616942697
36965002,0.09858337419021655
36965003,0.39285449559416086
36965004,0.08139112160872164
36965005,0.20822916343705092
36965006,0.10927039495053527
36983547,0.7392867721334028
36983548,0.09081841813740153
36983549,0.2601347628912137
36983550,0.26346835250285827
36983551,0.17646742507622198
36983552,0.11867241918888884
43424930,0.3737837639173694
43424933,0.5332002761702047
43424934,0.20617120987296994
43424935,0.45979874789917313
43424936,0.15781825202861505
43424937,0.4802569979549024
43424938,0.5068694254568348
43424939,0.48856899719142166
36981702,0.15652265164930454
36981703,0.12942709622693638
36981704,0.22319624367851496
36981705,0.1912461615023251
36981706,0.465587810108856
36981707,0.2278667503754172
36981708,0.195202989079314
36981709,0.1382553884379431
36981710,0.15256022040460512
36981711,0.362790291357378
43419423,0.4069891263756092
43419425,0.10054987362338544
43419426,0.4618728862630555
43419427,0.5044540667400502
43419428,0.3466981775355955
43419429,0.32543508595236703
43419430,0.16815316680595296
43419431,0.10165867048074101
36985100,0.1958467406565983
36985101,0.11959919102565375
36985102,0.1564119204742915
36985103,0.3086760267298856
36985104,0.16395773446701584
36985105,0.18254971938128298
36985106,0.17907445270459782
36985107,0.11248804917817888
36985108,0.32759289523320956
36985109,0.08415842954810575
43424615,0.9849953824596994
43424616,0.26567912692423784
43424617,0.27769671777974453
43424618,0.23055898239352407
43424619,0.17377148333877002
43424620,0.5300795746678707
43424621,1.2481871518392482
43424622,0.4169657936263437
43424623,0.44611648910008034
43422758,0.6527875181023214
43422759,0.3043666048835917
43422760,0.41731394906076724
43422761,0.5921041908794918
43422763,0.34443925818515353
43422764,0.3362004324797539
43422765,0.6087765351745376
43422766,0.3365307850472462
43422767,0.30524284033782695
43427865,0.32753540091770106
43427866,0.08878946015512204
43427867,0.06928672991947467
43427868,0.22435261524618397
43427869,0.0891335816814866
43427870,0.1417584257061837
43427872,0.3711501267036508
36990181,0.07565344630413802
36990182,0.18700439450782588
36990184,0.0690034723563559
36990185,0.10066651475311521
36990186,0.43643759358673667
36990187,0.05927188121126001
36990188,0.1377787999710285
36989283,0.41101763843872696
36989284,0.08256627749240246
36989285,0.32605335029305926
36989286,0.1954194014186625
36989287,0.6505368070304862
36989288,0.15028766405543684
36989289,0.26831376723097505
36989290,0.1492653213466098
36989291,0.23064052812439748
36968587,0.2829848650768519
36968589,0.2948755101721543
36968590,0.28558971541746
36968591,0.31365434796012237
36968592,0.14835270817759993
36968593,0.27320102984236383
43430876,0.08596059069722321
43430877,0.06816256032926274
43430878,0.23777914510948034
43430879,0.18587064995880145
43430880,0.08531331700214127
43430881,0.5865887035422319
43430882,0.08799508440123692
43430883,0.11731891918464991
43430884,0.09750326895224463
43430885,0.8322708408477306
36979071,0.41010501706307856
36979072,0.18710606420984827
36979073,0.42417872026301995
36979074,0.3704605759279213
36979075,0.21655559229340665
36979076,0.33113196464255545
36979077,0.16376567633142577
36979078,0.41407322746967473
36979079,0.22190901689166967
36979080,0.1390174883241802
36978753,0.2645811533609201
36978754,0.20096903005584607
36978755,0.17743519175440423
36978756,0.2792409810065787
36978757,0.908288491965559
36978758,0.26234661809010557
36978759,1.041650363830366
36978760,0.21898612370827025
43431719,0.12533729207929697
43431720,0.12783189437323558
43431721,0.20145329080145105
43431722,0.12326113027804114
43431723,0.34162654972038864
43431724,0.13838194769148848
43431725,0.3943012219621571
43431726,0.39909630322516776
43431727,0.7253679091658478
43431728,0.29573596881200515
43422106,0.24175643154297263
43422107,0.15233266173981494
43422108,0.40330354788950407
43422110,0.22269163433453576
43422111,0.22383786449229073
43422112,0.562284471296976
43422113,0.18500383849227597
43422114,0.8093191920840477
43431934,0.6580596806864336
43431935,0.49757404004066685
43431936,0.5701661507098866
43431937,0.40770076313024545
43431938,0.6149041096772817
43431940,0.21130910321028018
43431941,0.36842840118964837
36955790,0.0873587689664751
36955791,0.10961297567514527
36955792,0.12443889811465964
36955793,0.6139540694615288
36955794,0.11141531892299447
36955795,0.32956004405602135
36955796,0.17544431483251408
36955797,0.5951206707850678
36955798,0.30946188434133587
43429464,0.37533229345476155
43429465,0.36412162645497925
43429466,1.7268566797693787
43429467,1.3739024502137487
43429468,1.677472421926547
43429469,0.21624746006952508
43429470,0.2836376270355106
43429471,0.2414226342066531
43429472,0.5107310765316508
43429473,0.6571625383841427
43421196,0.20406524911035168
43421197,0.11810082596018341
43421198,0.9964085886348532
43421199,0.16473038175323348
43421200,1.4539791172672782
43421201,0.542404210030835
43421202,0.30678033330486476
43430502,0.43751768805950325
43430503,0.5387300561766453
43430504,0.22144297643309357
43430505,0.5561608447742059
43430506,0.47352369690016993
43430507,0.25479479880171696
43430508,1.4567409002866498
43430509,0.5644325893433108
43430510,0.25067175635478356
43430511,1.2707912583056358
36976715,0.09243917025493012
36976716,0.07073229720626696
36976717,0.11388432137802267
36976718,0.10468433776610038
36976719,0.13616421269357795
36976720,0.07077804073661373
36976721,0.09808904171865504
36976722,0.1255725149289758
36976723,0.20984266711116858
36976724,0.10749377572658203
36959093,0.055159595168403734
36959094,0.06054389371034823
36959095,0.08300686604731111
36959096,0.6866202154847826
36959097,0.09252540432760736
36959098,0.39763596607378854
36959099,0.04745702866305054
36959100,0.05684310129047525
36959101,0.07630307880240751
36982227,0.3562295958057636
36982228,0.3472227768471001
36982229,0.3463057307721046
36982230,0.3128496868607795
36982231,0.39548187863037865
36982232,0.3832232890379684
36982233,0.3757846320033357
36982234,0.37406128615401724
36982235,0.4102129719071555
36982236,0.3330486789327367
36990706,0.11403085905979628
36990707,1.1364033657026025
36990708,0.2775001147639355
36990709,1.5768772729854224
36990710,0.637972336519694
36990711,0.7127077551149378
36990712,1.1218073778318585
36990713,0.16453992642136686
36990714,0.18868947556078486
36995038,0.6478727373868663
36995039,0.2235399975288425
36995040,0.689875847763023
36995041,0.5943742946282009
36995042,0.4926772170785472
36995043,0.1615171602058425
36995044,0.4026191442241386
36995045,0.4977171296166431
36995046,0.19224021894677312
36971188,0.1316015084744311
36971189,0.1851032214238611
36971190,0.14429481033178881
36971191,0.27948342651990876
36971192,0.14420149255966005
36971193,0.11318912852050246
36971194,0.12025402890547099
36971195,0.15953489621424585
36971196,0.5047610165386608
36971197,0.145429752897994
36986952,0.6954783034454967
36986953,0.1435765961924795
36986956,0.19678597581383356
36986957,0.6750941609306099
36986958,0.6915563882128635
36986959,0.10221006119974901
36986961,0.703205813655926
36974916,0.08927919598837208
36974917,0.043167019529634226
36974921,0.07214523562164481
36974922,0.050815381510538375
37009787,0.8666168969597747
37009789,0.1207438043788817
37009790,0.042209040567686706
37009792,0.07203757197861337
37009793,0.0634975362590985
37009794,0.07436926365468133
37009795,0.07940792260672945
37021181,0.08518783131412175
37021183,0.23624030591437417
37021184,0.05976810883733537
37021185,0.3127327074452776
37021186,0.18658457577391374
36963996,0.20604233073705477
36963997,0.03186581226477048
36963998,0.25311363266829434
36964000,0.15657518596304143
36964001,0.15276713362316602
36964002,0.1562551552732424
36964003,0.12423110752521359
37006999,0.11031776432473094
37007000,0.07511803941692508
37007002,0.11215547761816673
37007003,0.19891488616601957
37007005,0.08471091544580649
37007006,0.10846817216970689
37007008,0.22826125879001077
36995887,0.21172130320773785
36995888,0.13558603045552184
36995889,0.1378403703560164
36995890,0.20081116815778574
36995891,0.13462615007415396
36995892,0.09635003757983085
36995893,0.17791447512861205
36995895,0.1388696269763049
36995896,0.1884455365766092
36995592,0.1281603868270159
36995593,0.18065165228959784
36995594,0.16827945453924803
36995595,0.1361611306616263
36995596,0.1246210396626011
36995597,0.15257513445527016
36995598,0.09729879067106348
36995599,0.17649394547331307
36995600,0.29216551117725625
36964024,0.3198959375177008
36964025,0.08532765528297766
36964026,0.1633178296408338
36964027,0.1466743303978923
36964028,0.13771328724790982
36964029,0.1719871621015988
36964030,0.11007351171197434
36964032,0.12643782916712523
36964033,0.38249118688628203
36973061,0.07928539034691107
36973062,0.07820241437839127
36973063,0.08518293828665943
36973064,0.07431223225979983
36973065,0.08103775217710843
36973066,0.07562169943551098
36973067,0.08159625072208478
36973068,0.23367446803252104
36973069,0.07760892649894079
36972683,0.07708700150135374
36972684,0.0755821507574141
36972685,0.08445854867426912
36972686,0.07911860180975541
36972687,0.07147579893952791
36972688,0.07664886780676608
36972689,0.07365582672247177
36972690,0.07407076495196092
36972691,0.07464311568383335
36972692,0.07450828908710053
37008847,0.7507982731883358
37008848,0.9959327957934185
37008849,3.015156552547994
37008850,0.5960833542823563
37008851,1.0364489285806515
37008852,0.6516281708239793
37008853,1.6952955336833662
37008854,0.48864049939982307
37008855,1.4356173646912544
36986351,0.17051889157824476
36986352,0.1388454328097982
36986353,0.3307782361498736
36986354,0.1669329028040587
36986355,0.16574279592006844
36986356,0.6860868904356866
36986357,0.2348742611170621
36986358,0.1563901061902186
37011216,0.10816334045806936
37011217,0.9905955871940282
37011218,0.1218484658532197
37011219,0.10627463767172378
37011220,0.32994969523381157
37011221,0.19682652896486647
37011222,0.1527125038760674
37013798,0.31746073737335506
37013799,0.35876915090224754
37013800,0.42039070170615805
37013801,0.3840437407649501
37013802,0.32710835316885417
36973141,0.12893548351166814
36973142,0.15320564087137784
36973143,0.06381185676066622
36973144,0.09223822945477855
36973146,0.10876204967060246
36973147,0.09448301068243906
37009796,0.14629788114585635
37009797,0.15302111791653858
37009798,0.20066029352075446
37009799,0.16950185656587274
37009800,0.11302884842914983
37009802,0.11360547275735802
37009803,0.10774312805637498
37009804,0.16110347767426847
37009805,0.16317023723698432
36983373,0.5167720170347678
36983374,0.19293882483763616
36983375,0.14431645455982003
36983376,0.19496117247589936
36983377,0.24866894642994516
36983378,0.2319483336443379
36983379,0.26222479777226715
36983380,0.1812852536172676
36983381,0.22863154682267361
36983382,0.2763654222393712
36998743,0.12161816970823291
36998744,0.32525979218596546
36998746,0.13677770844495912
36998747,0.1376741089245945
36998748,0.35289482876293504
36959191,0.11990461387454782
36959192,0.07909622314213204
36959193,0.06363271850112863
36959194,0.0750708441973424
36959195,0.09147812535289292
36959196,0.12544055528069936
36959197,0.07633337026917435
36959198,0.06509316325537634
36959199,0.0698264792103154
36959200,0.07006795613462642
36980637,0.06692183804026189
36980638,0.06608892875370914
36980640,0.828530829635142
36980642,0.05850307910216874
36980643,0.058675394923741186
36980644,0.2494468794520496
36980645,0.8233972187160452
36980646,0.47553002582060167
37018639,0.10981805209597892
37018640,0.13805245601538335
37018641,0.35583393638533267
37018642,0.13639344961110758
37018643,0.08242600712140277
37018644,0.13537336966204214
37018645,0.08674415053112848
37018646,0.38553987069806145
37018647,0.2599996417490016
37018648,0.5488668058243698
36974579,0.10855969725651309
36974580,0.10132375206268787
36974581,0.1037942869134169
36974582,0.1246560250429861
36974583,0.0999120772788358
36974584,0.11071043835228085
36974585,0.09705820423705404
43425020,0.19674650469308538
43425022,0.31527985512322243
43425023,0.1886375820082846
43425024,0.32029063610765446
43425026,0.2084750295035443
43425027,1.050435625110856
43425028,0.16725416774098434
43430839,0.4167245445256439
43430841,0.35997801657315337
43430842,0.13517170052014382
43430845,0.3154515990200551
43430846,0.18411055321849767
36989209,0.06925660309941523
36989210,0.13719818093838085
36989211,0.1813813686794107
36989212,0.11681718647743201
36989213,0.5167712644724576
36989215,0.15534456290696536
36989216,0.08144510743982485
36988878,0.09029082724261675
36988879,0.2541474604688441
36988880,0.16680740415894707
36988881,0.17110910506547092
36988882,0.2698085829455233
36988883,0.11310011275108557
36988884,0.18137677846511355
36988885,0.29703205659487597
36988886,0.17720191694301798
36988887,0.08907791980303106
36976499,0.13022880572935563
36976500,0.1050151317803006
36976502,0.10767951503909803
36976505,0.09030168253570195
36976506,0.12636440774059166
36976507,0.12135093169625001
36976508,0.1181654089056228
36984400,0.6954063703906237
36984401,0.48481507701547244
36984402,0.9056709338786959
36984403,0.3421232877411872
36984404,1.0967997557130393
36984405,0.7979375277441786
36984407,0.4058933030690824
36984408,0.17810641256396278
36984409,0.9024749116607823
36986555,0.24900059390054102
36986556,0.7262421997786723
36986557,0.28620352321328896
36986558,0.1381854246011674
36986559,1.0815027994286364
36986560,0.8589441306767818
36986561,0.597871538938154
36986562,0.9932159596991259
36986563,0.28232740589985084
36986564,0.11956187416623494
36993132,0.06665946517313638
36993133,0.08033925293588065
36993134,0.7961956391492799
36993135,0.3714390958966898
36993136,0.07856417952188263
36993137,0.10753041469707778
36993138,0.21156945938118055
36993139,0.6080390299350107
36972910,0.7497316816655534
36972911,0.08443380470798305
36972912,0.9531916644338646
36972913,0.09100150263538008
36972914,0.5717384447672739
36972915,0.7452475249185136
36972916,0.5402818302254746
36972917,1.0519719791494138
36972918,0.8430316239771009
36972919,1.1998997813377261
36987608,0.2556430965988863
36987609,0.29232554878927564
36987610,0.10362522749787939
36987611,0.13475163258303463
36987612,0.11001985637698529
36987613,0.168523677754206
36987614,0.23365951001763935
36987615,0.09486108527451345
36987616,0.12311041691795623
36984060,0.7814213977975913
36984061,0.20729927920957472
36984062,0.3403740704360702
36984063,0.8332059728834048
36984064,0.48534969450282694
36984065,0.10701607159767411
36984066,0.3017007453682079
36984067,0.780321551686139
36995702,0.5005674247898246
36995703,0.35376814707987775
36995704,0.38671382795498677
36995705,0.3300299002824105
36995706,0.30425916246783064
36995707,0.21942068800917824
36995708,0.4582407203653122
36965291,0.046061009454642365
36965292,0.4825623443437198
36965295,0.13751621965330954
36965296,0.09259669902542852
36965297,0.4798777017647871
36965299,0.12535050124974284
36967737,0.042731633591500076
36967738,0.051626134112613936
36967739,0.033610351721226964
36967740,0.03877753334527133
36967741,0.07651468662325486
36967742,0.06893139461663891
36967743,0.07683320109568484
36967744,0.036804962474307694
37015167,0.1797390882659385
37015168,0.17268839949220294
37015169,0.15764615186499467
37015170,0.17210046907607435
37015171,0.16032236457436383
37015172,0.15010037910432428
36974256,0.14794205733261998
36974257,0.07122166975850962
36974258,0.1160340965002307
36974259,0.2037738235496284
36974260,0.11056670317657284
36974261,0.0944414114138414
36974262,0.07191193759277455
36974263,0.12725598758603787
36974264,0.13986466044000687
36974265,0.14908441511615106
37013229,0.21915676376536977
37013232,0.18520929282038784
37013235,0.15655865051466517
37013236,0.1825171462796444
37016195,0.1606701460456853
37016196,0.13909191723021042
37016197,0.18185993173921683
37016198,0.18220254470137895
37016199,0.16656995267285746
37016200,0.2001245400685419
37016201,0.1610698642537035
36976422,0.12872962615031613
36976423,0.5750589892994541
36976424,0.14733249123360942
36976425,0.24112472545977948
36976426,0.1251671541415649
36976427,0.1352121812284113
36976428,0.11534570052664728
36976429,0.11744948349667925
36986273,0.607343162976785
36986274,0.1648443475477854
36986275,0.21285485594813874
36986276,0.20357044362675136
36986277,0.11807939411347418
36986278,0.10473561744899834
36986279,0.18091829540533427
36986281,0.24736948734203237
36986282,0.1874757580174671
36990879,0.136751946944136
36990880,1.1176613083918043
36990881,0.4444508252306446
36990882,0.5020471518475911
36990883,0.1701783600384127
36990884,0.302706793471505
36990885,0.23051040445663423
36990886,0.12974857931973596
36990887,0.2375643503561096
36990888,0.4170697735098324
36979330,0.13974625108014832
36979331,0.3437104357899487
36979332,0.3707082535643434
36979333,0.337355309355195
36979334,0.20361487806062234
36979335,0.18859004225090076
36979336,0.3392667084208774
36979337,0.1855452559701968
36979338,0.15547364085545018
36996247,0.293245310824395
36996248,0.22170150002259903
36996249,0.1391214129288688
36996250,0.21876841032095587
36996251,0.22840669192172391
36996252,0.1068171717074187
36996253,0.15584388696371404
36996254,0.11793536469978716
36996255,0.22415541692781976
36996256,0.08369026752168413
36981601,0.16608428221615462
36981602,0.1539323100173528
36981603,0.11484623864228953
36981604,0.16735042253675173
36981605,0.11889636573207449
36981606,0.20485039449259268
36981607,0.13414557485986256
36981608,0.19426981972359245
43430687,0.4677669209196429
43430688,0.12293735538602171
43430689,0.06218890044033589
43430690,0.24680594557363747
43430691,0.1387998262858025
43430692,0.39801005674677875
43430693,0.287303145861786
43430694,0.9890938243857336
43430695,0.39221696340328843
43425473,0.311108105229724
43425474,2.8525935533074858
43425475,0.268114243376981
43425476,0.5179866933216596
43425477,0.2881797093299142
43425478,0.44032270203715107
43425479,0.1589333113741632
43425480,0.8781473230713284
43425481,0.42814065756980835
37019750,0.10748155826016469
37019751,0.20281440836048054
37019752,0.07217836588715838
37019753,0.13720333299126256
37019754,0.12425812438398653
37019755,0.4949833874399621
37019756,0.14849890400704308
37019757,0.7089893309292432
37007584,0.9204664612822865
37007585,0.22785726204365742
37007586,0.4500383247212764
37007587,0.45157738736683445
37007589,1.3974928774885385
37007590,1.3227465007115202
37007591,0.360374497411974
37007592,1.74723980065938
37007593,0.3554571687740995
36966310,0.2148737186900039
36966312,0.4482670163726761
36966313,0.4333792285162481
36966314,0.19726256711584156
36966315,0.28071319592933447
36966316,0.34373990730143644
36966317,0.4999369369133518
36966319,0.3993078815142012
43423194,0.18184244777902217
43423195,1.15200597755617
43423196,0.1839237432828915
43423197,0.3417001727464323
43423198,0.1663262946372296
43423199,0.39405042328814976
43423200,0.1614449084644576
43423201,0.7376505288895586
43423202,0.1610856036590736
43423203,0.33552254503722
36985040,0.1443754841238825
36985041,0.11889554947623449
36985042,0.6259313346751889
36985043,0.18757302060601846
36985044,0.19094274027097452
36985045,0.19804878689771302
36985046,0.12505665679168848
36985047,0.5140418465080866
36985048,0.22182887009802008
36964157,0.07789319516162088
36964158,0.09733861015158292
36964159,0.11643729671336527
36964160,0.06708240276718447
36964161,0.10926324503601648
36964162,0.15303994148761144
36964163,0.1584988787617154
36964164,0.12499458129449659
36964165,0.09916034562206782
43419762,0.5718668709787436
43419763,0.46523429817209255
43419764,0.3506995639623931
43419765,0.7957534003832254
43419766,0.49084335160408893
43419767,0.5648155406019266
43419768,0.46615293562184756
43419769,0.9532617522259808
43419770,0.583738993319197
43424198,0.23456765821369568
43424199,0.39258558123911413
43424200,0.2100545874739547
43424201,0.17974048191506953
43424202,0.7816527766467289
43424203,0.9701052420761779
43424204,0.3417411023343379
43424205,0.35720412380022937
43424206,0.1260390887208281
43424207,0.12213991412163361
43428295,0.5472156203436497
43428296,0.2447652069497397
43428297,0.11576626759432952
43428298,0.15976082770317862
43428299,0.11253467966174473
43428300,0.11566582226617113
43428301,0.15797654690516688
36960090,0.7060941561576797
36960091,0.1726410142711355
36960092,0.20844207664265146
36960093,0.16849977418304699
36960094,0.11657382591803013
36960096,0.13376180964468629
36960098,0.1820605880430015
36960099,0.2760035994251295
36993113,0.08803236069871567
36993114,0.19506932741987484
36993115,0.08056482388687805
36993116,0.18850751808908078
36993117,0.43052698114440513
36993118,0.07381451174071017
36993119,0.16798221767820065
36993120,0.32449314908181986
36993121,0.7463539347303748
36979289,0.1796161575357016
36979294,0.2899245928768165
36979295,0.24851798968259803
36979296,0.18541957399011685
43424845,0.08131456111317685
43424846,0.09462473679162471
43424847,0.1338047889843855
43424848,0.06680142539369982
43424849,0.08480878014866264
43424851,0.11205824954012417
43424852,0.07591333050220936
43424853,0.08353820705448167
43424854,0.09710107061295367
36962633,0.07259731528501914
36962634,0.06032069144621154
36962635,0.049580993294269265
36962636,0.0616941615775845
36962637,0.05919964373935158
36962638,0.05265315259605883
36962639,0.054066253396666764
36961118,0.045400958051418194
36961119,0.06402676669319206
36961120,0.05895767093270244
36961121,0.0704049367557778
36961122,0.10104118957122532
36961123,0.074825588311143
36961124,0.10573382716943315
36963112,0.10462171022816003
36963113,0.42080471329210045
36963114,0.14421315952338773
36963115,0.15004282256617194
36963116,0.14647350521155997
36963117,0.12590299765011626
36963118,0.21173939100187664
36963119,0.12298693459417129
36963120,0.12733926692977585
37009339,0.2107458415579863
37009340,0.4091736204588974
37009341,0.9056673267106741
37009342,0.20538818580477372
37009343,0.2369888056793999
37009344,0.35865838625210683
37009345,0.19994290560515202
37009346,0.38030742874999074
37009347,0.38164556193055876
37009348,0.2125580491236068
36997639,0.07471242001670142
36975702,0.3235638714908071
36975704,1.204904188497795
36975706,0.3981253873195092
36975708,1.0687537048794298
36975709,0.9724776342073198
36975710,0.347682124597563
36975711,0.3216550546183191
36966217,0.12907854158670595
36966218,0.11995011909550711
36966219,0.11118273039007538
36966220,0.1053609302148604
36966221,0.10561197500980708
36966222,0.1035728782476898
36966223,0.06381992114546124
36966224,0.06645512175991461
36966225,0.06309111125589459
36966226,0.121157704837594
37014456,0.22614400550382802
37014457,0.7231705175862377
37014458,0.9239628642471901
37014459,0.238603544322323
37014460,0.26933201575474214
37014461,0.18300556959796507
36971217,0.10523715011187623
36971218,0.16899181345983152
36971219,0.07743098158687113
36971220,0.10294428983056575
36971221,0.09412015319342641
36971222,0.18014147402303582
36971223,0.1696179484376898
36971224,0.12920612188348846
36961623,0.09836353139850493
36961624,0.08641333501886554
36961625,0.12051058708740518
36961626,0.12645893575680167
36961627,0.12818762092472347
36961628,0.07391647961054462
36961629,0.09792857435154852
36961630,0.09787951395330792
36961631,0.24795567198791965
36961632,0.10644216198043324
36997710,0.16688713453856832
36997712,0.3671018386606091
36997713,0.21709731494760792
36997716,0.11817243109222082
36997717,0.09888117445376948
36997718,0.1457663621632516
36965061,0.3488655862786085
36965062,0.6702685236183304
36965063,0.13579766750073663
36965064,0.4851938483113048
36965065,1.3194562322680072
36965066,0.40216225752658435
36965067,0.6145882523060688
36965068,1.0670198817644947
36971779,0.14846055496387128
36971780,0.3979156040521357
36971781,0.16174206598515023
36971782,0.5349540515297884
36971783,0.3919097055470928
36971785,0.4204874258417935
36971786,1.5215652429031825
36971788,1.4874183194226593
36980956,0.8350480941295972
36980957,0.06995490267544067
36980958,0.03488664432049358
36980959,0.8937059655412385
36980960,0.10629453931870314
36980961,0.03905145300871399
36980962,0.8815766665205904
36980963,0.37152547116222534
36980964,0.1253664400790308
36991214,0.10634663963348111
36991215,0.05969880161418608
36991219,0.09784785772663886
36967965,0.20465160101839633
36967966,0.20659353061462457
36967967,0.18286573098593595
36967969,0.20898709903253979
36967970,0.19624829055109796
36979609,0.12160087311760216
36979610,0.1109300096750946
36979611,0.09870864996832876
36979612,0.10236563807902797
36979613,0.07090997572889662
36979614,0.10358453543853577
36979615,0.14390016298314545
36979616,0.07111845626268301
36979617,0.08770004334564353
36993885,0.2718703536860082
36993886,0.7747924676231042
36993887,0.20542810854914872
36993888,0.35761192233167716
36993889,1.3616083588695231
36993890,0.2295058105607063
36993891,0.16906644893015624
36993892,1.0032742515959892
36993893,0.12134534556532361
36993894,1.839638003699078
43426908,0.1847688964748463
43426909,0.1404405577339778
43426910,0.12884069113789642
43426911,0.4254376993860565
43426912,0.10968697140638876
43426913,0.36319296664055556
43426914,0.13213422415348172
43426915,0.19318049249158964
43426916,0.1861744262591586
43426917,0.26288294760966363
36974083,0.09438908531821937
36974084,0.09961584358727293
36974085,0.08334123243713723
36974086,0.06903836285283106
36974087,0.11474908922484808
36974088,0.10707193833375951
36974089,0.08649390047499898
36974090,0.07973978455256991
36979831,1.4361333116082642
36979832,0.043822455910528836
36979833,0.12883815569164261
36979834,0.045949244815365595
36979835,0.09519974221504977
36979836,0.2634390711546823
36979837,0.18414577840853097
36979838,0.08986811294645813
36986972,0.06210913896960981
36986973,0.5780979728324268
36986974,0.09079336628474277
36986975,0.06742349226395863
36986976,0.20981097357825867
36986977,0.13188549679495729
36986978,0.19001505200121308
36986979,0.19854187023006722
36986980,0.1268192823865791
36986981,0.06661839633636753
36975457,0.23532626409805868
36975458,0.19726469951283293
36975459,0.89303107842833
36975460,0.30131336892221044
36975461,0.1581772602898976
36975462,0.42930601189133716
36975463,0.6041353879340852
36975464,0.3028009617391887
36975465,0.8181925706980373
36975466,0.32009041095880153
36978119,0.41472064570669237
36978120,0.19694517797542388
36978121,0.29310903770882035
36978122,0.49056588717665434
36978123,0.2405804286313318
36978124,0.28255531483742424
36978125,0.28545557298111685
36978126,0.46529935767275993
36978128,0.2110133526693941
36991041,0.2755659124473737
36991042,0.3344117491260236
36991043,0.5082049752681974
36991044,0.3307776794591344
36991045,0.2854221458411555
36991046,0.23589160633312983
36991047,0.292558359697576
36991048,0.15708052832352903
36991049,0.4107306396144289
36991050,0.1760626261657018
43421035,0.13051463005236502
43421036,0.10180495314883033
43421037,0.16123337776833055
43421038,0.11119459606973012
43421039,0.20171162482209362
43421040,0.12565833721430864
43421042,0.21048657136669105
43421043,0.1118588353164607
36956460,0.09738221905473382
36956461,0.09440033530607629
36956463,0.08644488410673636
36956464,0.09718118258672176
36956465,0.09821103615441155
36956466,0.09442244396787129
36956467,0.20769541780671494
36956468,0.231031386792655
36978947,0.20558928121200504
36978948,0.15741147193238184
36978949,0.15683692704171737
36978951,0.19278580291537833
36978952,0.6276343550261164
36978954,0.23737637354041458
36978955,0.633172913713142
36978956,0.20970683471336876
37018507,0.2475571482217202
37018508,0.2493429506011355
37018509,0.24065250886115003
37018512,0.31708850378465914
37018513,0.23003363520429337
37011550,0.18268529435547745
37011551,0.1469391067644977
37011552,0.14621813447225068
37011553,0.08376596403387357
37011554,0.9247178906356615
37011555,0.22031492528238064
37011556,0.3250735557918319
37011557,0.1696848360053532
37011558,0.1617138503837274
37011559,0.12940683992628463
37010189,0.19294248112566426
37010190,0.18039313230481047
37010191,0.529018440158034
37010192,0.2978667177658732
37010194,0.6802783037954456
37010195,0.8885880252197383
37010196,0.7386055608208458
37010197,0.4932489168204401
37010198,0.7372505824127971
36972201,0.20470112927047632
36972205,0.18623725740945044
36972206,0.3613528525665703
36972207,0.26658594014985126
36972208,0.3739953389367554
36972209,0.41014198509630934
36971280,0.2823536154153852
36971281,0.29939049703659365
36971282,0.34897362132379733
36971283,0.2564875793795112
36971284,0.3137384745034728
36971285,0.9038848999229205
36971286,0.2538341725102276
36971287,0.18016527154482034
36971288,0.12256490637226299
43432901,0.27091533708450233
43432902,0.09437002777108136
43432903,0.561988750939443
43432904,0.27915934143639004
43432905,0.32819866725461144
43432906,0.26188742777686014
43432907,0.06970413249711348
43432908,0.3614959969001803
43432909,0.12413548177646835
43432910,0.27488366329329517
36959782,0.16700284547235125
36959783,0.9059418138475998
36959784,0.06604580418550493
36959785,0.1730046401894416
36959786,0.14813761590922683
36959787,0.7643925220852474
36959788,0.13378624218615037
36959789,0.27916770935959123
36959790,0.3566041875225361
36959791,0.27656863250436314
36963048,0.13355615411602725
36963049,0.5204896902424637
36963050,0.18872093498658193
36963051,0.6336499080046032
36963052,0.16761342018483824
36963053,0.3801422826865609
36963054,0.6180172351066234
36963055,0.2770821332408938
36963056,0.24103730119239788
36960080,0.7689407662800966
36960081,0.5095207676790883
36960082,0.6843257672377479
36960083,0.20076588439904738
36960084,0.1726082119758199
36960085,0.30724071418444115
36960086,0.21194493805961404
36960087,0.4062185664135249
36960088,0.3110474795313487
36960089,0.6865612987464836
36962742,1.1034096439376113
36962743,0.6824963349880699
36962744,0.6989782654504356
36962745,0.2812989525433481
36962746,0.17144022525943764
36962747,0.3002350833891444
36962748,0.2997751036413561
36962749,0.13651840817578229
36962750,0.6319487937124028
36962751,0.7432831412423594
43421986,0.1286040934255914
43421987,0.16028431602407728
43421988,0.5136846237325845
43421989,0.23769372030665792
43421990,0.15355428226060464
43421991,0.09135037965225443
43421992,0.17305908950799057
43421993,0.28884604247579604
43421994,1.217225119819175
43421995,0.5069762037685809
36959937,1.1650107573391906
36959938,0.847859234506152
36959939,0.36157194784371555
36959940,0.38487099861004287
36959941,0.45341820264503263
36959942,1.2611116089083514
36959943,0.5790733742659225
36959944,0.3279780453386817
36959945,0.27645243010369885
36959946,0.43646518650930216
36970622,0.18120022659080165
36970623,0.1373737197244239
36970624,0.2815969273616568
36970625,0.7690023136840621
36970626,0.3021523148338037
36970628,0.10834605520466206
36970630,0.156263602790013
43427310,1.002211399605749
43427311,0.682334800436117
43427312,0.5672305838238219
43427313,0.42874206410669
43427314,0.6182248246411987
43427315,0.7353903129955295
43427316,0.201135464574631
43427317,0.3623801491825594
43427318,0.4461157804817454
43419285,0.3671587495875383
43419286,0.37303022982834605
43419287,0.7617311777133455
43419288,0.29453068692567475
43419289,0.7015882449890534
43419290,2.927280179912441
43419291,0.5427555839201588
43419292,0.27603743632069755
37016116,0.08663323827260931
37016117,0.16069281051298773
37016118,0.1159392790434338
37016119,0.33410626506397373
37016120,0.08521856618813103
37016122,0.1068850989727527
37016123,0.13193278861006855
37017748,0.37012034122267173
37017749,0.22597388871337856
37017750,0.3321709214206404
37017751,0.3165086664350887
37017752,0.24551430433533258
37017753,0.20840629400648186
37017754,0.17681765987168863
37017755,0.4052108599574368
36976011,0.14690088309588814
36976012,0.06631795888872268
36976013,0.03800342608376813
36976014,0.5696484716411355
36976015,0.07805136900365364
36976016,0.04195314671433185
36976017,0.4274312350881582
36976018,0.5612583909126667
36976019,0.476324125670658
36976020,0.050311959322447176
36960487,0.23349790977814316
36960488,0.20900185018133124
36960489,0.2120113862309722
36960490,0.21651854579093524
36960491,0.20212231991832544
36960492,0.11185076059651482
36960493,0.17676882766714994
36960495,0.24684840455846915
36960496,0.14546787688049745
36994096,0.08145781167775534
36994097,0.10674972156133497
36994098,0.1117576540615701
36994099,0.24427021955693698
36994100,0.15581096686167464
36994101,0.047641028747225526
36994102,0.1013733985557204
36994103,0.07120618476161159
36994104,0.06727007944224628
36966709,0.05783969713242145
36966710,0.3457653645796581
36966711,0.06028734062537216
36966712,0.376020217335408
36966713,0.0752262119827103
36966714,0.410674034468256
36966715,0.08562718009995095
36966716,0.07625155321721898
36964852,0.304113801536875
36964853,0.057236392657328994
36964854,0.08422552643097518
36964855,0.3381269520425464
36964856,0.3429170968124393
36964857,0.06889331755388907
36964858,0.11029506986911042
36969556,0.25763755886367146
36969558,0.5996913089664198
36969559,0.11527827907440602
36969560,0.06422108274575235
36969561,0.1266870495966074
36969562,0.06927465326060096
36969563,0.0595205107821095
36969564,0.25123168429324927
36969565,0.08740054770028961
43423698,0.5229602878173203
43423699,0.48992239866134835
43423700,0.45597852162288915
43423702,0.45884713405553446
43423703,0.2352786746973558
43423704,0.5138214777227084
43423705,0.5586848077589859
36992285,0.3514513033249376
36992286,0.3516977373035829
36992288,0.1327822300940634
36992289,0.06695813943315769
36992290,0.23785329453003162
36992291,0.4281637821176005
36992293,0.31923777821317195
36992294,0.3168323451098792
36955542,0.09390416854478861
36955543,0.08902883612963046
36955544,0.09109318664249898
36955545,0.18184597327693225
36955546,0.09818230151852197
36955547,0.08738128613114958
36955548,0.09395063350506394
36998922,0.19637223035668339
36998924,0.19760470355838722
36998925,0.16444537774864668
36998926,0.24098566552597378
36998927,0.14996510607467875
36998928,0.23681353193117066
36998929,0.18290482986442672
36997643,0.3612566243671499
36997644,0.07631286513768604
36997645,0.4443439543047789
36997646,0.3492433460418645
36997648,0.14720596550909654
36997649,0.09036702409770311
36997651,0.6250009621898882
36990620,0.1639273425702874
36990621,0.16864042312317537
36990622,0.30911268630228955
36990623,0.3541955171670108
36990624,0.26301590569532346
36990628,0.17568026416302043
43423167,1.0089185443910664
43423168,0.7619692629527465
43423169,0.938506380184452
43423171,1.0922668921833525
43423172,1.3937751032004675
43423173,0.969467741738224
43423174,0.4252448233653908
37008350,0.4973756533160353
37008352,0.21055730351869364
37008354,0.5273782320686525
37008355,0.17728408794229752
37008356,1.0406316581029271
37008357,0.28710518569965326
37008359,0.17850231050859544
36988206,0.5139932411771094
36988207,0.5818842575935037
36988208,0.14171423011540188
36988209,0.8302901081846437
36988210,0.5239822137296248
36988211,0.23163737333283146
36988212,0.220478800809481
36988213,0.1535212726178489
36988214,0.12784488261486496
36988215,0.28973958989913784
43420878,0.5887185986091573
43420880,0.21336440658639677
43420881,0.2761402858882
43420882,0.10733203129593881
43420883,0.28295507336547066
43420884,0.1323838259870075
43420885,0.2189670753396271
43420886,0.21121120967616513
43420887,0.3450769834999568
43419100,0.16620357079723883
43419101,0.1372628943429371
43419102,0.2048066550480648
43419103,0.22317953925945713
43419104,0.1463150208782687
43419105,0.18998316262043127
43419106,0.12181299769607148
43419107,0.12036192757068705
36998948,0.1341367182697069
36998950,0.19723336693618213
36998951,0.23415754927529112
36958088,0.07771110991222886
36958089,0.07550651396220755
36958090,0.10899757167976791
36958091,0.391770493278076
36958092,0.09661025477230074
36958093,0.08486436332606304
36958094,0.0949017311010594
36958095,0.08810205488484188
37014127,0.06454215939083588
36974303,0.176956130735151
36974304,0.33601343779258575
36974305,0.31895412994096406
36974306,0.12549202920796498
36974307,0.16119381333276267
36974308,0.4329253787509324
36974309,0.11215472737432798
36974310,0.15392740407397612
36974312,0.13110140141434767
37010471,0.05145759600759764
37010478,0.051269536416933034
36958981,0.10173644079866018
36958982,0.07631093660654754
36958983,0.08410311421963078
36958984,0.09196092592871151
36958985,0.16248736251358653
36958986,0.057223141501752436
36958987,0.2478501232620193
36958988,0.1621145291307761
36958989,0.23877060648352744
37006500,0.5901389970365104
37006501,0.5874664756670136
37006503,0.2712138718516649
37006504,0.11875373198904779
37006505,0.279077843110266
37006506,1.2435931640171016
37006507,0.15554654002113338
37006508,0.5315204959167306
36980343,0.29983698520938545
36980344,0.2592542630428618
36980345,0.40086263212024936
36980346,0.39343502430604804
36980347,0.4540996868045144
36980348,0.8905142067796081
36980349,0.6950030919958603
36980350,1.2504506224847813
36980351,0.30961245097740614
36980352,1.4201472116505072
43425590,0.6636144922391413
43425591,2.2596468146834563
43425592,0.5361999044449804
43425593,1.1183456727799932
43425594,0.09509071117446373
43425595,2.94045592924353
43425596,0.8320634261824181
43425597,0.6027365881507144
43425598,0.41118910694983457
43425599,0.22635509997933803
36958894,0.28400655679382014
36958895,1.1960892197013446
36958896,0.11163735621724807
36958897,0.17504290163158187
36958898,0.16850260291822716
36958899,0.23870518679233083
36958900,0.14091941689011533
36958901,0.1968062386545533
36958902,0.09870811365357832
36958837,0.3400305579836498
36958838,0.15564429067307978
36958839,0.2943873462086277
36958840,0.6216768860107332
36958841,0.22132597886756625
36958842,0.18271236203717955
36958843,0.15895665171365458
36958844,0.5008513729046691
36958845,0.16054853474727604
36958846,0.1826657195245637
36989001,0.17590126241698573
36989002,0.19646982816405714
36989003,0.17513068977113644
36989004,0.36558499175659553
36989005,0.2323637005617151
36989006,0.13655766018692392
36989007,0.47836995803777216
36989008,0.38254853384647475
43431330,0.9691128285913152
43431331,0.6782215179922458
43431332,0.5921160002233944
43431333,1.2195163360315058
43431334,0.746215869429698
43431335,0.7797103371192624
43431336,0.9721017857378887
43431337,0.6166437122208444
43431338,0.681881968394459
43419413,0.29342629479787197
43419414,0.5167243705240127
43419415,0.5861688601756339
43419416,0.16640417536245733
43419417,0.3268130000125774
43419418,0.1816737028453973
43419419,0.13664774575183078
43419420,0.10662713722580555
43419421,0.08310600105554243
43419422,0.9652702188972099
43423408,0.4774499994328988
43423409,0.18402391149624328
43423410,0.1625477493198834
43423411,0.10912896551407553
43423412,0.19517007145046023
43423413,0.26664398606805034
43423414,0.20498462942673448
43423415,0.19708899429226204
43423416,0.21317749820722498
43432708,0.1794972837788605
43432709,0.15117100163756433
43432710,0.17937968377228825
43432711,0.760031788918906
43432712,2.283364653024396
43432713,0.10386379471518331
43432714,0.2113433837636027
36961363,0.14942941462787912
36961364,0.07266331279128267
36961365,0.09536418234324036
36961366,0.03839912625914276
36961367,0.07610595512093561
36961368,0.12652086671322602
36961369,0.09555645974567267
36961370,0.09000930102152542
36961371,0.07956738454975076
37008059,0.13073507609953322
37008060,0.11016454089469177
37008061,1.5798747144682725
37008062,0.21900974040282237
37008063,0.14796607821448615
37008064,0.2711574404901975
37008065,0.49641846038234866
37008066,0.1300339139944699
37008067,0.2752447564460911
36998561,0.43382303614276485
36998562,0.10621214569385388
36998563,0.11031052262916945
36998564,0.19736948912499871
36998565,0.31216734026710397
36998566,0.11070214891170677
36998567,0.6437290741701437
36998568,0.17269916904313312
36998569,0.1741416729737292
36956019,0.11163695902987647
36956020,0.11932945190864296
36956021,0.25804327457029497
36956022,0.10459853910667251
36956023,0.11192517589975282
36956024,0.07846043266260881
36956025,0.23261419349519158
36956026,0.11308161282280249
36956027,0.06549198395026652
37019088,0.09319849009646648
37019089,0.0911396447733446
37019090,0.07793505694287582
37019091,0.15300907113760065
37019092,0.08128966721412088
37019093,0.07968643951125719
37019094,0.12446575651202325
37019095,0.13047754456861624
37019096,0.1559954819196823
36992137,1.1755317525801796
36992138,0.08046609597381467
36992139,0.0680218050543823
36992140,0.13183658806673693
36992141,0.05773156068139119
36992142,0.17518636012067723
36992143,0.13989049951295335
36992145,0.09769201820959068
36995302,0.3637492586012704
36995303,0.1768266180434207
36995304,0.30226629235191516
36995305,0.3440055676843721
36995306,1.2163884702124217
36995307,0.21174994992558585
36995308,0.37259024500034743
36995309,0.32387930696441053
36971891,0.15834038645004592
36971898,0.2661992991744584
36971899,0.1006300461435769
36963577,0.1746820940816553
36963578,0.8143496714517438
36963579,0.3113641211500893
36963580,0.1843492164606042
36963581,0.28305822599200803
36963582,0.19111303185380582
36963583,0.4312984383550179
36963584,0.722687487387592
36963585,0.19166894658537478
36968677,0.15224764829716364
36968678,0.35702771959072477
36968679,0.10147492313752698
36968681,0.27095993837036564
36968682,0.06834195183113839
36968683,0.5381919445988309
36968684,0.9193820531109655
36968685,0.11344618804878534
36976598,0.1297228123645094
36976599,0.07093983533992443
36976600,0.13208681295623595
36976601,0.08112062151509167
36976602,0.3524459253152879
36976604,0.10402255058784754
36976606,0.14418696837273318
36977845,0.30970839054610855
36977846,0.18170650082809878
36977847,0.2732331237604661
36977849,0.12697503615566832
36977850,0.10488154289441302
36977851,0.1258568466534773
36977852,0.26686976254241396
36978133,0.1633902136313665
36978134,0.04366434358911021
36978135,0.07975712842062047
36978136,0.17808959341031524
36978137,0.17328367578802759
36978138,0.14777907447562535
36978139,0.15798107213368703
36978140,0.18070615660837172
36978141,0.18520218565693988
36978142,0.11548527857230095
37024314,0.312648185586412
37024315,0.23062140006698997
37024318,0.35235980961408464
37024322,0.23090706361563226
37024323,1.2580178727208737
37010556,0.5516519380025204
37010557,0.07902889268549067
37010558,0.2941300494384227
37010559,0.2389114255036984
37010560,0.13452324660795698
37010562,0.10365222492732332
37010563,0.27833963047686455
37010564,0.10686274252458873
37010565,0.1650001162044709
43432430,0.11816945647765274
43432431,0.11366938449705982
43432432,0.5502065838258691
43432433,0.13893921245297336
43432434,0.17087484585305662
43432435,0.2778865368782808
43432436,0.6522373767370718
36980480,0.13871869768641404
36980481,0.07621983376886092
36980482,0.22486576798020966
36980483,0.7115965360270804
36980485,0.21860365324996037
36980486,0.1965432416664933
36980487,0.6520652248597264
36980488,0.07906618494798175
36980489,0.2122101355777521
36962335,0.18536877063696008
36962336,0.27257115909612684
36962337,0.43567923791933955
36962338,0.16568575566177995
36962339,0.33544802786526934
36962340,0.20520355770549287
36962341,0.16761443741562043
36962342,0.39321210720222327
43421002,0.20435635767993204
43421003,0.7282241530211958
43421004,0.2183162761807508
43421005,0.48532502026645247
43421006,0.1951119795335132
43421007,0.7751325396707891
43421008,0.37259382907107264
36965980,0.1162818546636554
36965981,0.06560598557220869
36965982,0.0953887204068621
36965983,0.18531691712142098
36965984,0.08982907670736673
36965986,0.07728266958679354
36965987,0.11040322691513156
43424894,0.4217933918178322
43424895,0.6433189803871943
43424896,0.6346052560665343
43424897,0.45579685183239704
43424899,0.40258555976310406
43424900,0.33233637860068693
43424901,0.34209699448558706
36980826,0.09782973721102854
36980827,0.09040192767397812
36980828,0.09963309901610362
36980829,0.10998959396717102
36980830,0.09739360308649685
36980831,0.3088093832463534
36980832,0.09656716644627132
36980833,0.09264969062083142
37007354,0.7325584077517678
37007355,0.5634899659520134
37007356,1.5098043629422035
37007357,0.09622426156086465
37007358,0.1226361702001839
37007359,0.18024171213743698
37007360,0.16759784398130462
37007361,1.2187854132365825
37007362,0.12004895222386165
37007491,0.6787082022687722
37007492,0.2981331784530612
37007493,1.2839875656967947
37007494,0.09377202839637604
37007495,0.7771455205215121
37007496,0.09243406860874116
37007498,0.13548513256710665
37007499,0.13032465337368226
37007500,0.1246528304511171
36985308,0.22334207284181012
36985309,0.39740247903669457
36985310,0.23124681317407067
36985311,0.3182517756639654
36985312,0.20031392028969014
36985313,0.24928504824903214
36985314,0.22116230133079368
36985315,0.2178755641954198
36995337,0.26967184244696335
36995338,0.15206540367394697
36995339,0.12036996390479475
36995341,0.1409223445150625
36995342,0.25569914959613427
36995343,0.148902643977979
36995344,0.3155095027202389
36995345,0.25141690895581
36975212,0.15629117148511232
36975213,0.2645826415235975
36975214,0.30986790849993456
36975215,0.2617543351812126
36975216,0.2813839845970227
36975217,0.6029844836025349
36975218,0.6411108603801356
36975219,0.17429774999468423
36975220,0.2884298287808595
43422069,0.16367948094643908
43422070,0.740705985210591
43422071,0.3344974145183591
43422072,0.14125951177049106
43422073,0.29356096729391234
43422074,0.16643442739363218
43422075,0.6559223919218831
43422076,0.6374492309146337
43422077,0.29842548634165356
43422078,0.1699242434033609
43427112,0.14263009856379907
43427113,0.20130197183188928
43427114,0.09187633545623904
43427115,0.0881834416431199
43427116,0.17489370934987206
43427117,0.1150575510980119
43427119,0.19705322975210687
43427120,0.21478397717738745
43427121,0.19005256586097838
43424478,0.2601073209616589
43424479,0.16792112248545474
43424480,0.44137019206826283
43424481,0.12350064655606288
43424482,0.25382575918330197
43424483,0.2904491134272998
43424485,0.33704465608434653
43424486,0.046271095252769665
43424487,0.8384725856262177
36973751,0.06519514600266507
36984614,0.12183473266355667
36984616,0.0853007162560252
36984619,0.09061440315662192
36984620,0.06703514080099117
37019511,0.22081244687252585
37019513,0.194889003108828
37019514,0.1591974225237898
37019515,0.19826584363601507
37019516,0.16910478593027303
37019517,0.2073121797557504
37019518,0.47825771540920586
37019519,0.20965880954969732
43421957,1.3282941778817758
43421958,0.42782223953516874
43421959,0.16484201196606496
43421960,0.2022856284712243
43421961,0.1390679728636399
43421962,0.5602881894080399
43421963,1.8718456104895334
43421964,0.19195987489685992
43421965,0.07880588853314496
43421966,0.17353579029320246
36996716,0.14270942477600032
36996717,0.11935292864686482
36996719,0.1492425577816753
36996720,0.5587701496992085
36996721,0.16011281252558646
36996722,0.1934031487723405
36996723,0.4135437665293438
36996724,0.4121754472820275
36957187,0.1897122950645225
36957188,0.7066075638388671
36957189,0.28551761056831937
36957190,2.4067066088650413
36957191,0.5379986764553576
36957192,0.8121246921300163
36957193,0.24846399604458907
36957194,0.578051320184703
43432091,0.10745950810384504
43432092,0.7476104029272276
43432093,0.14820192132600854
43432094,0.2598266318802245
43432095,0.49547559288581866
43432096,0.11453383047425668
43432097,1.452267414892957
43432098,0.16133027484027265
43423945,1.0367611852856033
43423946,1.822903862619109
43423947,1.761041341539451
43423948,0.4261468060975447
43423949,0.1396776307296721
43423950,0.16878517188670739
43423951,0.3772261896003732
43423952,0.1255398088290447
43423953,0.17076908865484652
43423954,0.09233301829577746
43421663,0.2100155221350213
43421664,0.18706236374135643
43421665,0.3094264741997908
43421666,0.29041028671491875
43421667,0.25349022037754
43421668,0.14341374219110853
43421669,0.3000080804257343
43421670,0.1803816727053837
43421671,0.31222006157053894
43421672,0.1203914589301689
43423499,0.5321175761835851
43423500,0.5161953235510773
43423501,0.6864065541585207
43423502,0.1253157444868828
43423503,1.1127360665462553
43423504,0.5554263866865528
43423505,0.9614954630846156
43423506,0.18915322892792236
36963351,0.08673442271302456
36963353,0.04862309825118226
36963354,0.21022953907218647
36963355,0.16447571625247448
36963356,0.2141255831372198
36963357,0.305306174762509
36963358,0.3220732413480068
36963359,0.056496672558157025
36963360,0.0807350369991565
43430455,0.17858319208335396
43430460,0.7223792410062776
43430464,0.21983263023970245
36981822,0.08716454079361784
36981823,0.18262725316790687
36981824,0.09486529824140588
36981825,0.143313277288307
36981826,0.08825978766751341
36981827,0.0762756460471796
36960828,0.10358766269109922
36960829,0.06877239333782394
36960830,0.0946723163587924
36960831,0.112246936033141
36960832,0.14631856047849753
36960833,0.07356450346418507
36960834,0.06487736119133519
36960835,0.1464582042467647
36960836,0.2487851931871344
36960837,0.16422101275458914
36982943,0.09245855155840346
36982944,0.2311990079100369
36982945,0.26202220202451265
36982946,0.2035326049959917
36982947,0.3066097637691745
36982948,0.09729568728323792
36982949,1.2241322477592278
36982950,0.07502211555716967
36982951,0.07670606205268089
36982952,1.0590090700583896
36960428,0.07935429399269435
36960429,0.35136617515950025
36960430,0.3626384959985622
36960431,0.1321937991438399
36960432,0.29175774714447095
36960433,0.15537686523146643
36960434,0.08100530364271384
36960436,0.1528744527524413
36960437,0.16296496033709867
36967588,0.15300608513686464
36967589,0.9823326316837052
36967590,0.1339156593257036
36967591,0.13203887421505694
36967592,0.10519064622798464
36967593,0.09260861232638054
36967594,0.16868731315109475
36967595,0.11548833097928984
36967596,0.40043233645133625
36956654,0.06465497694962634
36956656,0.07835246218510943
36956657,0.08271112795477556
36956658,0.10201353810685203
36956659,0.05936976740046803
36956660,0.15850938091069822
36956661,0.1453685965867468
37010700,0.04488297627349725
37010701,0.29208710676946126
37010702,0.39548513559365306
37010704,0.33367577565691137
37010705,0.04834912749342866
37010706,0.06036038330578878
37010707,0.17476950755469361
37010708,0.04559151711595627
37010709,0.34807927214195866
36958323,0.2318602382889251
36958324,0.2093491108662414
36958325,0.23093545376198948
36958326,0.2827236494916563
36958327,0.08818646531453503
36958329,0.13767728574014243
36958330,0.24723859694816683
36962923,0.12080435882680206
36962924,0.10272640778201027
36962925,0.1688482595504308
36962926,0.09386037707771139
36962927,0.0937271490919942
36962928,0.11883273923400062
36962929,0.12535615078520448
36962930,0.18486982070475683
36962931,0.22314944020397104
36988520,0.03792898403372535
36988521,0.03443570837900406
36988522,0.18988966546227873
36988523,0.05249187054920488
36988524,0.04033877488934192
36988525,0.19341453629909466
36988526,0.1857821131375455
36988527,0.06214229660919396
36993687,0.2599658474254208
36993688,0.10575920051448759
36993689,0.14376038461641175
36993690,0.16841238866363775
36993691,0.3813525593034465
36993692,0.22965277919841723
36993693,0.08853217914984318
36993694,0.09300792355079372
36993695,0.13436631095271165
36993696,0.07098088346873281
36965895,0.14814441288032926
36965896,0.3754823707314021
36965897,0.11915389458593122
36965898,0.17136403449514653
36965899,0.26050768690153403
36965900,0.0991003726052585
36965901,0.2541812453453376
36965902,0.11486619643108774
36965903,0.12994724745179137
36970202,0.2191531392141251
36970203,0.403449631935201
36970204,0.08657002243172587
36970205,0.16004866596155295
36970206,0.14886417614826128
36970207,0.1495619838858763
36970208,0.1501952785084373
36970209,0.13379641277554727
36970210,0.11750835769671832
36970211,0.15076242415025662
36966548,1.5624279569090145
36966549,0.13443865686896905
36966550,0.9382802259705035
36966551,0.21868246933849889
36966552,0.9017150959274258
36966553,0.448520120967328
36966554,0.2084930121360375
36966555,0.17853908377385327
36966556,0.18708149428839194
36966557,0.40163753305661487
36964557,0.3113797093651395
36964558,0.17159403101995593
36964559,0.17847444056851364
36964560,0.47963560805285677
36964561,0.11721231244166694
36964562,0.5477402483840024
36964563,0.519877873613722
36964564,0.0938743968000804
36994222,0.15188443224914921
36994223,0.15597877306955824
36994224,0.261797109834633
36994225,0.14232568679673246
36994226,0.13358736874827107
36994228,0.22274548270267217
36994229,0.11827106004813664
36994230,0.12456937543301548
36994231,0.12190974075300791
36964723,0.05343569555085371
36964724,0.059508023418626946
36964726,0.1369297223499145
36964727,0.11149101629237526
36964729,0.055279379068544326
36964730,0.11184487132774655
36964731,0.07272435426892003
36964732,0.07723430656359348
43430060,0.14488489016143047
43430061,0.28834760493915257
43430062,0.16633195790939503
43430063,0.2741175739579269
43430064,0.2529669187195674
43430065,0.13469454581832685
43430066,0.09308820971109173
43430067,0.11419050542119319
36990493,0.09947409508956712
36990495,0.24488161231325037
36990496,0.9459636273427824
36990497,0.1387450750384927
36990500,0.32075641720610304
36990502,0.2922550420085679
36975871,1.0268383235255465
36975872,1.6629751064346696
36975874,1.6437435294103526
36975876,0.12141175611783989
36975878,0.4950823495463067
36975879,0.4328896781034206
36975880,0.1726600330142696
36969767,0.10024278851462182
36969768,0.11588675955857683
36969769,0.20119585928426575
36969770,0.09041766311196155
36969771,0.10985617387230437
36969772,0.22026845014372398
36969773,0.17655805879621628
36969774,0.10257563766099916
36969775,0.19211731460554424
43423112,0.12484928221389407
43423113,0.12255138903980596
43423114,0.13249109217987148
43423115,0.33812173899772474
43423116,0.44086366267029115
43423117,0.12136579074506523
43423118,0.1791255358756567
43423119,0.27880239406176366
43423120,0.18723939899985118
43427261,0.16162505290819507
43427262,0.2910738452922119
43427263,0.32949373800409604
43427264,1.489747025857746
43427265,0.07980172689102241
43427266,0.1306550764756154
43427267,0.384044183317913
43427268,0.10615516427214661
43427269,0.1045030286851232
36962025,0.17048260137638446
36962026,0.1040586053561605
36962027,0.20528646070314202
36962028,0.2453598855325711
36962029,0.09802586365602678
36962030,0.1277839950000158
36962031,0.4149579241869523
36962032,0.0955903526684511
36962033,0.1227405827793748
36962034,0.08607015916677653
36968826,0.04847943935796232
36968827,0.20473005886673495
36968828,0.15472979252795957
36968829,0.08656228911934206
36968830,0.0740888298566229
36968831,0.06104159856431504
36968832,0.08888740415851183
36968833,0.05320828016909685
36968568,0.06190572878784425
36968570,0.10655686460351164
36968571,0.24194989955935325
36968572,0.08470925449501425
36968573,0.08037376697695646
36968574,0.22145497945267764
36968575,0.07127607365549772
36968576,0.20925505182830506
36968577,0.0617315270554734
36979270,0.11737271658668665
36979271,0.2823692761187622
36979272,0.44400356671065333
36979273,0.2844459788138168
36979275,0.06899919646322004
36979276,0.2868218856619533
36979278,0.1413135097478273
36979279,0.07019397513439345
36966653,0.12833849873918027
36966654,0.14852488112153373
36966655,0.1102497182764321
36966656,0.12628528815257764
36966657,0.1278361604168416
36966658,0.14376438929392746
36966659,0.1979896248422582
36966660,0.5783502544017461
43429215,1.109583922479895
43429216,0.1509827694770469
43429217,0.12089584235631855
43429218,0.11792065960278454
43429219,0.16336811669788842
43429220,1.5422305283313469
43429221,0.20294584945005975
43429222,0.12764841693406562
43429223,0.13928202495273434
43429224,0.13097523178453582
36996049,0.07669064836987033
36996050,0.10317786113466161
36996051,0.07894810443018385
36996053,0.6136851566003317
36996054,0.07055354442370612
36996055,0.11089127762825483
36957139,0.13637123131020393
36957140,0.3113932509888799
36957141,0.22373311614149838
36957142,0.14901033621419515
36957143,0.13495352663031845
36957144,0.1262492783750191
36957145,0.37201857026567936
36957146,0.20488682148095003
36957147,0.18784410339614305
36957148,0.952922437802831
43426772,0.11708491533229018
43426773,0.1519362245628521
43426774,0.07785680700945073
43426775,0.5650930273164159
43426776,0.320433629705831
43426777,0.23330754924734146
43426778,0.4705672634883727
43426779,0.06428283888489675
43426780,0.12105423308557055
36956002,0.06023966038337896
36956003,0.07032196146871889
36956004,0.10154709602519822
36956005,0.0290527819186893
36956006,0.05676602244622108
36956007,0.1052959768121801
36956008,0.12117105515787963
36956009,0.05889076613420251
36999124,0.3323828877070429
36999125,0.07811862077129589
36999127,0.2759281767676744
36999129,0.08221050592548163
36999131,0.341987938749691
36980303,0.1159141652160327
36980304,0.13019489391385478
36980305,0.13456603738252332
36980306,0.1058719473844205
36980307,0.15735546214517626
36980308,0.118201038200499
36980309,0.23147133292913974
36980311,0.17460166163642285
36980312,0.22025192882806663
36964533,0.4408283983917579
36964534,0.40851298339855735
36964535,0.1323073145551865
36964536,0.5963538564150468
36964537,0.3688424845417722
36964538,0.3164084055233899
36964539,0.3091766495502738
36964540,0.3580394042217144
36964541,1.1062621624302018
36964542,0.37449037243366756
36999217,0.87642384479425
36999218,0.3065402060611306
36999219,0.0765647641415395
36999220,0.12461478751136879
36999221,0.15261349988695252
37008876,0.1665142060514562
37008877,0.2555319319862074
37008878,0.08085844894833129
37008880,0.11759855149081135
37008882,0.04406169993661651
37008883,0.06450415533231521
37008884,0.10197988861916753
37008885,0.08136629398015109
36964054,0.10484342126068083
36964055,0.050624910748876095
36964056,0.1641540488792594
36964057,1.2631694721018178
36964058,0.2367389591701469
36964059,0.13826257339962786
36964060,0.08416115754395535
36964061,0.46215020671867213
36964062,0.05352808364265871
36965373,0.11958797146795373
36965374,0.16327908439058467
36965375,0.13224625553094727
36965376,0.21510002949276977
36965377,0.10252782026353639
36965378,0.5987635562560618
36965379,0.3201702955542934
36965380,0.1472435441559342
36994494,0.11096551872722019
36994495,0.23308396727167074
36994496,0.1951942480166298
36994497,0.1751253914420998
36994498,0.1312819979193139
36994499,1.4904761955501884
36994501,0.28394193271416107
36994502,1.0353948567381965
36982292,0.14629643411427112
36982293,0.15784102511314166
36982294,0.18323991679876386
36982295,0.1753616420058339
36982296,0.4679254975356574
36982297,0.7086591474297206
36982300,1.6601487471840093
36965586,0.3180533045454636
36965587,0.28206823253100366
36965588,0.5259514103327275
36965589,0.2742578244222842
36965590,0.5065239640883409
36965591,0.41802152718712815
36965593,0.28721958470467596
37018995,0.07542483600642298
37018997,0.20613052725427888
37018998,0.13055816054767702
37019000,0.0871666543819474
37019001,0.10456572058119046
37019002,0.12914399652696495
37019004,0.09804895262819815
36998276,0.3347387937480093
36998277,0.2730638144207021
36998280,0.24458245500321046
36998281,0.2539573828056399
36998282,0.1980263698086435
36998284,0.25244020874750056
37019879,0.22080478216190844
37019880,0.5667501324049448
37019881,0.23108568873071722
37019882,0.300287713563077
37019883,1.0044512719512195
37019884,0.42664236770258956
37019886,0.31412286126700834
36961989,0.22816402420834545
36961990,0.27741811808859
36961991,0.17355066827707552
36961992,0.13855158760551206
36961993,0.09740697810977206
36961995,0.7666714430088538
36961996,0.18175913172075894
36961997,0.1340964506363335
37009283,0.13303729053803542
37009284,0.11927354609671545
37009285,0.1867550551965114
37009286,0.298662077808382
37009287,0.2074896639528513
37009288,0.1074595349226608
37009289,0.10018170686267892
37009290,0.09899388409006646
37009291,0.18904244142355126
36966558,0.13219684150700772
36966559,0.2675166324935743
36966560,0.15807375800201165
36966561,0.09758425385184384
36966562,0.2900623469804085
36966563,0.17881618297920326
36966564,0.10932459237492372
36966565,0.15961734492715665
36966566,0.15732679418781603
36966567,0.12730864069953696
36993246,0.08331138252148418
36993247,0.18719054000408056
36993248,0.2477617288033518
36993249,0.18434620410449173
36993250,0.32198450520198996
36993251,0.22592442205725885
36993252,0.1789574118781247
36993253,0.21639691606847464
36993254,0.14031798582751714
36993255,0.1437173851545591
36991638,0.6741597737445497
36991639,0.18132290862246211
36991640,0.3053202670545964
36991641,0.624486335116169
36991642,0.34976047670937127
36991643,0.2457581995385634
36991644,0.19607713320913217
36991645,0.951941631977845
36991646,0.7101193584183715
36964989,0.7483939312166985
36964990,2.3056142769976993
36964991,0.7144255904595218
36964992,0.2925693883832476
36964993,0.3928617937714954
36964994,0.47679649538509133
36964995,0.18630630086612435
36964996,0.4490246151282313
36964997,0.18159539317801865
36955845,0.19893931903803
36955846,0.8124855561668207
36955847,0.11161503787219404
36955848,0.1763595576149122
36955849,0.17977555249698543
36955850,0.22577979241438023
36955851,0.10691486030306548
36955852,0.3216481327699553
36964356,1.3422101345364754
36964357,1.4296061167598304
36964358,0.8369679792923026
36964359,0.23298746149398014
36964360,0.5607144883619888
36964361,0.27829374651657157
36964362,0.9096998032027064
36964363,0.12277656663577469
36964364,0.7975342239696969
36997281,0.2451603581100496
36997282,0.42619998961525574
36997283,0.3045154839691697
36997284,0.47886522050849734
36997285,0.22012535471593123
36997286,0.29958888290141555
36997287,0.4367369562545118
36997288,0.20302873582327902
36997290,0.29021236419677493
36967746,0.695740725323809
36967749,0.2196667483370982
36967750,0.17662732637976655
36967751,0.44539299257558795
36967752,0.38710292108375893
36967753,0.42806557604269985
36967754,0.11223384818516256
36977536,0.10050187212849006
36977537,0.10113202021645946
36977538,0.09280740558608083
36977539,0.7254638287894046
36977540,0.7172432927475069
36977541,0.10605265444443814
36977542,0.15325168472978287
36977543,0.9189238829792631
36974928,0.05630720452340153
36974932,0.06301644591011749
37023488,0.32871242468693607
37023489,0.3429286871451197
37023490,0.0726154657730166
37023492,0.11669699836657266
37023493,0.3479679426169874
36977179,0.2654062176204336
36977180,0.05551810209630149
36977183,0.36470152222004093
36977184,0.08691231918971626
36977186,0.09888839136573871
36977187,0.16899647160863343
36977188,0.14224931669434598
36997205,0.3960343349479941
36997206,0.26330536498710466
36997207,0.7370206983280374
36997208,0.2799053430530231
36997209,0.3528095002129121
36997210,0.2567248360220369
36997211,0.24203797084483916
36997212,0.6709595039532213
36997213,0.5150897976387088
36997214,0.5738392147684649
36986422,0.16775309244967426
36986423,0.22764361627775787
36986424,0.25402481577452
36986426,0.287670696601853
36986427,0.13342186585824012
36986428,0.2273112573632576
36986429,0.0957934535904055
36986430,0.23864644866827234
43428562,0.7240499062517661
43428563,0.2969680902446587
43428564,0.16764853157706955
43428565,0.27199251686620557
43428566,0.532551747823773
43428567,0.8255493583292776
43428568,0.30513932320627163
43428569,0.5426975778307862
43428570,0.8626042733522674
43428571,0.4638709877667246
43431087,0.3976678343523651
43431088,0.15520546444418323
43431089,1.867062058901838
43431090,0.08854848430030281
43431091,0.45800134637116685
43431092,0.1573712262858895
37020689,0.6029640709844145
37020690,2.0028508644726797
37020691,0.11809148586650182
37020692,0.19367209648951936
37020693,0.16624183023308586
37020694,0.12777938575173947
37020695,0.12125425236021559
36992537,0.0717323581225275
36992538,0.09764753758364231
36992541,0.05353209468396146
36992542,0.06243938105651303
36992544,0.06907741949574842
37023295,0.7405742615673917
37023296,0.3538936831927821
37023297,0.10437755026061182
37023298,0.15977010627952104
37023299,0.16702847849739996
37023302,0.14336956069463294
37023303,0.5222252294556731
37023304,0.16223258783942382
36985590,0.252025112945267
36985591,0.4203774279605047
36985592,0.3624710684247493
36985593,0.6532003931854107
36985594,0.4407209232425394
36985595,0.36962348739079526
36985596,0.12210904213202002
36985597,0.28750729112111006
36985598,0.38878208155171656
36985599,0.08464214164764182
36964566,0.20703126205599234
36964567,0.18984607954956095
36964568,0.18685308674238338
36964569,0.2316184558796571
36964570,0.19673884963220825
36964571,0.12494514670405614
36964572,0.26692239125121453
36964573,0.19672946258271934
36956958,0.19995753349429882
36956959,0.28586667339504385
36956960,0.12544675350550977
36956961,0.16103368052271702
36956962,0.1201957010352574
36956963,0.1614722552074405
36956964,0.06354337462806875
36956965,0.3440504442067259
36956966,0.27192172013574395
36956967,0.12013246435663866
36980015,0.13111159098639585
36980016,0.07909955961801796
36980017,0.06612698102584105
36980018,0.27862979975512714
36980019,0.05879907741063383
36980021,0.31356262344474195
36980022,0.13080611766207137
36980023,0.16894793953755147
43419277,0.12521391550185718
43419278,0.13558368433131615
43419279,0.3558615370012505
43419280,0.8935723939635795
43419281,0.3594780256685
43419282,2.1444859605345883
43419283,0.5244817424363991
43419284,0.47727005293819086
36984116,0.1695073426903696
36984117,0.09471225303384145
36984118,0.10364515084697735
36984121,0.5395706332823187
36984125,0.11690920216496878
36982331,0.292424337065656
36982332,0.2748311911458045
36982333,0.2545971976916758
36982335,0.10534278158906059
36982337,0.38017064832894276
36982339,0.18744455556716022
36959274,0.09164443884112958
36959275,0.06646842091619971
36959276,0.07058441682076134
36959277,0.09403016593954684
36959278,0.060430255026962476
36959280,0.28950546229322477
36959281,0.29576781308843597
36959282,0.05167421116165195
36959283,0.22034583360597526
36984916,0.24080284674791358
36984917,0.7700379074856587
36984918,0.17115465451127448
36984919,0.2597542877715779
36984920,0.37756173064827725
36984921,0.16722433431955103
36984922,0.21682869112855338
36984924,0.23982042478876292
36984925,0.32471334890862974
43430978,0.14815438711220918
43430979,0.0933191720009683
43430980,0.951300001918148
43430981,0.048853130745512605
43430982,0.18935008613383056
43430983,0.8723373973084187
43430984,0.4071638004175085
36978653,0.5127143952406692
36978654,0.2966260494684434
36978655,0.16747459463055905
36978656,0.214414317183137
36978657,0.07849983331280018
36978658,0.5135221415357873
36978659,0.32617678610909406
36978661,0.20966434168718207
36962148,0.47812404367571154
36962149,0.913586329215625
36962150,0.37195709887384504
36962151,0.15902756238627175
36962152,0.16134306699288456
36962153,0.15647152046759627
36962154,0.3298529745170277
36962155,0.1992447412373876
36976872,0.3078351376438703
36976873,0.29676199919918755
36976874,0.9698430361769129
36976875,0.16992377067135975
36976876,0.19438799655964545
36976877,0.48974272327028173
36976878,0.12526093522558968
36976879,0.16550184833610107
36976880,0.3193426639563487
36976881,0.5027736401729294
36986072,0.2682763514143406
36986073,0.1784622950768418
36986074,0.6498173387936391
36986075,1.0134281219073111
36986076,1.114654117895886
36986077,0.2443078430822679
36986078,0.1782038389217472
36986079,0.16538519935033996
36976479,0.029433232914964944
36976480,0.20575414551936683
36976481,0.3124403107781004
36976482,0.10044542698936866
36976483,0.030651504710413873
36976484,0.29473845389672765
36976485,0.033234418801041846
36976486,0.1144139319773788
36976487,0.42362168452093635
37022448,0.48458350286511676
37022449,0.33721422171555043
37022450,0.8938360774495928
37022451,0.9087965898247816
37022452,0.3188949256567353
37022453,0.9293157623730922
37023951,0.5448862069488379
37023952,0.15331024353183972
37023953,0.1884997892329279
37023954,0.09375592115464004
37023955,0.14748691733346467
37023956,0.1626367492100442
36984316,0.05536994181782375
36984317,0.5681618893424208
36984318,0.42301805043498975
36984319,0.44447106238143147
36984320,0.24298304600388565
36984322,0.0602855204555002
36999000,0.8523366864848932
36999001,0.1913471146924942
36999002,0.28302513552159164
36999003,0.1966467424581011
36999004,0.11503257930835281
36999005,0.2259264820186512
36999006,0.17201561155685643
36979493,0.16209874546715944
36979494,0.1842270157827517
36979495,0.1604719943339627
36979496,0.8493599890949939
36979497,0.17544989056953128
36979498,0.2379589611528763
36979499,0.2550379782226548
36979500,0.2760231616783519
36979501,0.2999270505484795
36979502,0.18764144010188882
36967625,0.0905685111775092
36967626,0.058623947328732225
36967627,0.20100045259081545
36967628,0.06629090890716126
36967629,0.0783858261699233
36967630,0.06312208952540888
36967631,0.057856050175257724
36967632,0.11611256886210444
36970038,0.07504178418073165
36970039,0.07584944486421841
36970040,0.048040606131969074
36970041,0.08559968800705302
36970044,0.10509459214956506
36991606,0.3474729558720777
36991607,0.11821121782480049
36991608,1.953010781996692
36991609,0.26419502256388677
36991610,0.25258012461938734
36991611,0.2981897446416324
36991612,0.26651804162942716
36991613,0.263599144892223
36992386,0.07864257308351712
36992387,0.06048904426941987
36992388,0.085404755542568
36992389,0.07170478143776565
36992390,0.06458999408444596
36992391,0.27556799243737545
36992392,0.07303927948787624
36992394,0.07652549735260084
36992395,0.06522110978122242
36977142,0.04854413281640874
36977143,0.06688727954959728
36977144,0.2733444306809258
36977145,0.2148989452396266
36977146,0.3019163238052268
36977147,0.0389121109070903
36977148,0.3725603008479333
36977149,0.05446522264026342
36977151,0.040253358577146695
36993932,0.31782577340115814
36993933,0.5445061994992669
36993934,0.37787399824822204
36993935,0.6616389938119305
36993936,0.23545191016113573
36993937,0.5354820008300034
36993938,0.9021784907909818
36993939,0.6242242541370395
36993940,0.14851235238369603
36993941,1.4558765373867992
36968686,0.1523440040359454
36968687,0.2261985177680504
36968688,0.14872741592397282
36968689,0.1456753839240135
36968690,0.13509468359057486
36968691,0.14338995331442506
36968692,0.4224328367637237
36968693,0.305619649125462
36968694,0.12563168459670215
36968949,0.2131559068812535
36968951,0.07589595171290463
36968954,0.13866866801851346
43429643,0.2211904267618711
43429644,0.3162702682738742
43429645,0.23859350445752892
43429646,0.21764370723566415
43429647,0.15621638430680707
43429648,0.1549248960944944
43429649,0.22058440345623062
43429650,0.0931030361732668
43429651,0.40651004379537947
43429652,0.18751535443576015
36995721,0.39186642503419317
36995722,0.2233928633832293
36995723,0.13325541527148377
36995724,0.15193373206567262
36995725,0.6182575826001585
36995726,0.7338673781669272
36995727,0.1319848484731101
36995728,0.13659892566377368
36995729,0.12855757089146894
36995730,0.5979084240956669
36987587,1.1876449609401423
36987588,0.20208244157697167
36987589,0.43485997960451755
36987590,0.13364390455703434
36987591,0.34409416723357755
36987592,0.3814198107566331
36987593,0.20227663516232422
36987594,0.38447242866945835
36987595,0.19993747539474002
36995759,0.08720473994898066
36995760,0.26053538997196357
36995761,0.10518269674177459
36995762,0.39483114585005996
36995763,0.424649924956013
36995764,0.44905224352169343
36995765,0.2850173719624636
36995766,0.15276663981299382
36989056,0.12237421398487093
36989057,0.09554948237361689
36989058,0.34191349914160823
36989059,0.10336862706368548
36989060,0.5938269359165876
36989061,0.3917267809865169
36989062,0.08981064984140899
36989063,0.4357217436082536
36989064,1.1486315864050245
36957015,0.5854522608673484
36957016,0.2557022729043313
36957017,0.11024589178610658
36957018,0.33625524435395854
36957019,0.2737616177754453
36957020,0.2842868646616556
36957021,0.1624665326182273
36957022,0.12765710633898417
36957023,0.26852620176475617
36957024,0.19617170098414508
36956703,0.09373772313242179
36956704,0.1355794706312283
36956705,0.17038296945862638
36956706,0.1784432403443949
36956707,0.33918230398007587
36956709,0.3848510244618541
36956710,0.31984066745247053
36956711,0.1297051219926101
36998962,0.41094621456528646
36998964,0.32781531356118926
36998965,0.2488554057297034
36998966,0.20553118088248756
36998968,0.09406496649796754
36998969,0.4708095353570543
36998970,0.470707166683444
36998971,0.5456911821757524
36984003,0.3929887453305497
36984004,0.40432287440973136
36984005,0.2532689149114182
36984006,0.2167139829535183
36984007,0.2764813916159197
36984008,0.2643719279573802
36984009,0.3826149869237897
36975906,0.07734983377963581
36975907,0.4858187436632424
36975908,0.14011173383953454
36975909,0.4231877106571818
36975910,0.06135267392282819
36975911,0.06574039585759701
36975912,0.4442069675049423
36975913,0.20172763044578246
36975914,0.21465482050066845
36982694,0.11380710673527185
36982695,0.17049174981313897
36982696,0.13098675598666984
36982697,0.10964759166145802
36982698,0.20409512623508747
36982699,0.2527136357224424
36982700,0.11938992202954177
36982701,0.13773629685043365
36965562,0.10249846225413606
36965563,0.5032524722911113
36965564,0.8407652471459371
36965565,0.2449071656372931
36965566,0.2685434716369471
36965567,0.2616534646353657
36965568,0.1157301914993454
36965569,0.13288136978892712
36965570,0.5141473870243403
36962852,0.16516961373697933
36962853,0.6708661672486949
36962854,0.18630962866739617
36962855,0.12025077503173282
36962856,0.07996171065299401
36962857,0.15481217969537633
36962858,0.21240211017759159
36962859,0.10744330285435555
36962860,0.2755768918575396
36976327,0.19218153368551988
36976328,0.42531111832141366
36976329,0.1653275333391838
36976330,0.12255156998771638
36976331,0.17310334582236414
36976332,0.17891501074993174
36976333,0.8817563564011935
36976334,0.13701262049471216
36976335,0.18746449947832525
36962913,0.5166394056094809
36962914,0.3181091479390933
36962915,0.25990746286316524
36962916,0.33052493337774896
36962917,0.2951834883139333
36962918,0.3241525276384185
36962919,0.33582870777965523
36962920,0.22690404269134754
36962921,0.2551265975978553
36962922,0.4707576578343361
37023798,0.06815052472007291
37023800,0.09973196169292434
36976346,0.5300767590938394
36976348,0.7410366034214368
36976349,0.3870277691706109
36976351,0.6345993783811578
36976353,0.4134797233138059
36976354,0.5234155637466528
37023701,0.12040701809218053
37023702,1.3235454846306978
37023703,0.05206425107836632
37023704,0.07112007349055119
36978087,0.19374497203019492
36978088,0.17354586594444887
36978089,0.17541066127781527
36978090,0.19411250138228528
37015550,0.33055315628405957
37015552,0.089283135716968
37015553,0.31782425017857796
37015554,0.27940290146207974
37015556,1.415103761916453
37015557,0.2391341723872057
37015679,0.22648142557562298
37015680,0.05091604950993917
43429855,0.09669362178442856
43429857,0.10217586758686287
43429858,0.0960435867516922
43429859,0.089471850043484
43429860,0.12189396178542918
37018841,0.125830625591828
36979942,0.21015421263782214
36979943,0.12561226687476998
36979944,0.15138217338989265
36979945,0.4196589655086733
36979946,0.1584947842592209
36979947,0.45242149938945175
36979948,0.20154179679850553
36979949,0.20365075567984678
36979950,0.17612283660435615
37021600,1.2388484248881504
37021605,1.0169103412553349
37021607,0.07044005471303665
37017307,0.045044445715612176
37017308,0.04510353538975533
37017311,0.044151785088768256
37017313,0.04476100664815325
36966770,0.10051035213726349
36966771,0.09832843782787297
36966772,0.06075960014216209
36966773,0.07124868278182275
36963811,0.22886639841089798
36963812,0.11507240206907547
36963815,0.11470577823296228
36963816,0.1333637431027566
36963817,0.5346812199938827
36963818,0.5576861115474872
36963819,0.7633010364813905
36963820,0.7929323845822486
36976809,0.11199518071021866
36976810,0.10891513385549487
36976811,0.15539041169137865
43428616,1.4356577483182722
43428621,0.3165257433298676
43428622,0.2975438672259231
43428623,0.2218319769163372
36982636,0.10009114954033645
36982637,0.09711907400014705
36982638,0.09799811795389672
36982639,0.07155373214399349
36982640,0.10124068187998173
36982641,0.10140227715242357
36982642,0.07787136682620435
36982643,0.07962995157025528
36982644,0.07100496919225703
43428312,0.27843223800807365
43428313,0.15281319584809602
43428314,0.3232296645688417
43428315,0.14193489976920667
43428316,0.18376125199887888
43428317,0.12947480288446994
43428319,0.1895840330370298
36989905,0.15206060016356232
36989906,0.14524928886254476
36989907,0.1219260405504062
36989908,0.149228847299202
37019180,0.05857391130307942
37019181,0.05227628071550328
37019182,0.05674114393634209
36979551,0.1696602651950656
36979554,0.20005669308464044
36979556,0.20612399842496149
36979558,0.16732782846070943
36981032,0.10188288769953427
36981034,0.10063625768979745
36981035,0.10401410181705645
36981038,0.10270190505774704
36994654,0.14899723693586817
36994655,0.14710598741066108
36994659,0.13629184888589088
36994660,0.28602781324373133
37023705,0.0722263738614065
37023706,0.06995839366091874
37018893,0.18257782941579187
37018895,0.22608253147282623
37018897,0.1806828768403939
37018898,0.20938134117279947
36969475,0.10515863680860578
36969476,0.09904152606033775
36969478,0.09340871579532255
36969480,0.09818243842893001
36995395,0.29400285043618596
36995396,0.22471561161103112
36995397,0.2669956357540835
36995398,0.7109462563269161
36995400,0.3389729703991559
36995401,0.19565701398704063
36995402,1.224272336831597
36995403,0.3247638699547126
36995404,0.29562099642584466
36978910,0.26695641656707525
36978911,0.545769993030499
36978912,0.49520435917815075
36978913,0.2773762538020105
36978914,0.33060976044720686
36978915,0.5282425539370863
36978916,0.09630430791267441
36978917,0.5170292554096871
36966112,0.25888842381080607
36966113,0.08132097337860719
36966114,0.15720633855740956
36966115,0.13719902074522275
36966116,0.1900135405910467
36966117,0.21273674900805048
36966118,0.10555889505835578
36966119,0.10975508868220424
36966631,0.04162297801871736
36966632,0.03887307998250623
36966633,0.03987142683959017
36966634,0.042667213673060554
36972693,0.05141736579769053
36972694,0.20288999809437805
36972695,0.051521736030191494
36972697,0.05045905701106484
36972698,0.047733101413647
36972699,0.20482394793988845
36972702,0.13679792359261728
37024378,0.10268998364079641
37024379,0.10561794767987474
37008693,0.19960051330573136
37008694,0.05952733922200091
37008695,0.09787362134852871
37008696,0.20664755781886518
36969336,0.2836447250574226
36969337,0.2642822057884215
36969338,0.3302620417601192
36969339,0.2616863643869918
36969340,0.30196428461431163
36969341,0.29853259604862226
36969342,0.29172934231790154
36969343,0.29261710162675025
37019747,0.14132284509775317
37019749,0.15131657043348065
36956721,0.4773357646450095
36956722,0.35129575156293086
36956723,0.6722644320099579
36956724,0.5478310601572941
36956726,0.3973542792493287
36956727,0.45887775940801273
36956729,0.4871735149735016
36956730,0.3406836721423827
36973057,0.10984770682753664
36973058,0.05095619432353282
36973059,0.0902823277219109
36973060,0.04424107436235734
36957826,0.6948703976738223
36957827,0.5630377998993117
36957828,0.9888005251950879
36957829,1.1769630846583135
36957830,0.39640951243881006
36957831,0.17342042367637625
36957832,0.5777575570374358
36957833,0.3497283774718542
36957834,0.44308059472699124
36957835,0.5705112252765038
36967258,0.18553574844356668
36967259,0.14614209362355962
36967260,0.18014817974237501
36967261,0.19677601882001752
36967262,0.6015367211768441
36967263,1.0410708649079212
36967264,0.25158365766399426
36967265,0.9351788584399496
36967266,0.5225898189709212
36967267,0.6936238148118546
43419320,0.2558714606756221
43419321,0.18850954508680975
43419322,0.1312428852216233
43419323,0.17252636567904148
43419324,0.18076224575868768
43419325,0.13252419105406246
43419329,0.5232265333346481
43420728,0.3736281494538808
43420729,0.2513532505614332
43420730,0.053215762518493324
43420731,0.05692927802397845
43420732,0.24104565274078602
43420734,0.05332227971985636
43420735,0.06192745735589944
43420736,0.4081983298564794
43424149,0.24750371084678452
43424150,0.308470444959211
43424151,0.3050651734918498
43424152,0.3749287585374593
43424153,0.7014575050840908
43424154,0.45290382275306507
43424155,0.2082431217371605
43424156,0.2911556166471672
43424157,0.27343850142857307
43421152,0.2691666257824167
43421153,0.11164492682824308
43421154,0.4299363864733604
43421155,0.17036298769837302
43421156,0.33606882182634656
43421157,0.1434986750566567
43421158,0.29538954552356345
43421159,0.3263835904836273
36995310,0.11658202908628441
36995311,0.17026640422291908
36995312,0.16870376409529247
36995313,0.11594835240414576
36979421,0.15004710930835524
36979422,0.15451950711288323
36979423,0.1652102309642396
36979424,0.1581620214524593
36969599,0.3052642623822196
36969600,1.4772198213756855
36969601,0.3101495774503684
36969602,0.3230836234125661
36969603,0.11617206032294533
36969604,0.45178353811715766
36969605,0.6869108450486163
36969607,0.19545136222383191
36969608,0.17127749286374697
36984793,0.4760193507271505
36984795,0.3467194109643924
36984796,0.4559872169792299
36984797,0.45667606494806057
36984798,0.30934150350844264
36984799,0.2973758584922549
36984800,0.3227323379800552
43422485,0.3413017405053489
43422487,0.5153312517572891
43422488,0.14816552619147458
43422489,0.27436447108040996
43422490,0.36474083680120606
43422491,0.2745398586309345
43422492,0.6025476235226666
43422493,0.15442373632495754
37017857,0.05058449254019421
37017864,0.045918650924420615
36971709,0.4080836570939983
36971710,0.17892393492176886
36971711,0.16507167446380408
36971712,0.08924696236145122
36971714,0.288424897543114
36971716,0.08401712019733172
36971106,0.12698602767588885
36971107,0.29974054607600786
36971108,0.2693112089896636
36971109,0.25035763590619675
36971110,0.10033776169036907
36971111,0.2543601978843953
36971112,0.28386164007759557
36970441,0.18766978846840693
36970442,0.13894505000233637
36970443,0.26996305460640124
36970444,0.14563568598888524
36970445,0.23482975164451933
36970446,0.16087667974152228
36970447,0.2296069032893144
36970449,0.15464361586856645
36970450,0.2722444270144239
36983915,0.2854680550617696
36983916,0.34033360316150846
36983917,0.6572811321192975
36983918,0.6700466571837262
36983920,0.5790441933477484
36983921,0.3588515113792155
36983923,0.4182737773420564
36996423,0.04883866538873186
36996426,0.08241552421615692
36996428,0.04788189508500278
36984224,0.09882588874285862
36984225,0.23334253281004777
36984226,0.17133082113888343
36984227,0.8018752063815932
36984228,0.586456052653644
36984229,0.16114672375967465
36984230,0.23098829623495823
36984231,0.7785331544231647
36998273,0.20271939193247066
36998274,0.19534371692445238
36998275,0.19047800303126874
36975930,0.24117995037685336
36975931,0.12032590561632286
36975932,0.11252341618540017
36975933,0.07192897414720874
36975934,0.11950421668870992
36975935,0.10217164994537245
36975936,0.08121822793293258
36975937,0.11178144446544698
36975763,0.06461563467315763
36975764,0.06409341512192683
36975765,0.0581506193657341
36975767,0.057669933022490856
36975768,0.05478850099796049
36975769,0.12593328563350434
36975770,0.06596282317019117
36975771,0.06630394128475117
36975772,0.061834549514456966
37022509,0.32346975571245845
37022510,0.05935117927897794
37022511,0.07348132938799477
37024421,0.09465817869777127
37024423,0.14494623799490167
36970363,0.03442649492403927
36970364,0.03328067955905615
36970365,0.034380341347260326
36970366,0.03337875324308901
36970367,0.03387360875185182
36970368,0.03386297181770076
36970370,0.03336026717700748
36970371,0.03333046561260674
36989233,0.10507297615900177
36989234,0.10389828461106296
36989235,0.106802500856504
36989237,0.10012080758649883
36989238,0.11547664416736697
36989239,0.09708689635074923
36989241,0.10360671148913522
37023495,0.15646542531562788
37023496,0.18588453710957817
37023497,0.1756970156508795
37015681,0.15630565403229082
37015683,0.2693627512635314
37015684,0.14905253249377376
37015685,0.2212453170772482
37015686,0.48901148702702635
37015687,0.1420245506212963
36992341,0.22823636792644508
36992342,0.22338612889048415
36992343,0.352397053831573
36992344,0.08863202995395397
36992345,0.0920869566275351
36992346,0.24244860891543896
36992347,0.09131116658053502
36992348,0.10485186832369833
36992349,0.25168880092406515
36978550,0.129005021085178
36978556,0.12498711989284156
36972554,0.1171335970379443
36972556,0.34217266820073766
36972557,0.23404769820573246
36972558,0.04285091953615053
36973436,0.05092761696270098
36973437,0.36816135101945063
36973438,0.094446013283037
36973440,0.04429456032199918
36973443,0.05507629642606063
36986166,0.1607670990540014
36986167,0.14847993809170337
36986168,0.24127413483461077
36986169,0.13395643702911017
36986170,0.1449400969853592
36986171,0.13358384508092133
36986172,0.9646235940229052
36975229,0.16473884197835648
36975231,0.19903143958469463
36975232,0.17792014951620294
36975234,0.15682526252028012
36989763,0.17646310042832672
36989764,0.24031501130691527
36989765,0.16229972274270457
36989766,0.18723497037739678
36989767,1.7095457182692744
36989768,0.16556479329925808
36989769,0.1744753168626485
36989770,0.245143027423832
36989771,0.48199047659004607
36989772,0.19554844670377525
36989841,0.1833621126067085
36989842,0.20157438501933284
36989843,0.6960740302694068
36989844,0.3165268450290465
36989845,0.12903997370517267
36989846,0.1689738948407203
36989847,0.08566044202848638
36989848,0.220121378652156
36989849,0.1089368963073492
36989850,0.18068667819964607
36998023,0.14909799763995446
36998024,0.2372777886193478
36998025,0.21860849654290063
36998026,0.14711540791967917
36998027,0.21935734749148358
36998028,0.1920284939390412
36998029,0.4827982106839669
36998030,0.2928259690369853
36972055,0.23259399339886688
36972057,0.36295840742046703
36972058,0.17695790174131115
36972059,0.2519800985237451
36972060,0.10810620234956153
36972061,0.2548521006961983
36972062,0.43093949888198907
36972063,0.13466804632525953
36980677,0.14332871546090575
36980679,0.15344627232559135
36980681,0.17454478103939816
36980682,0.19914426402779706
36980684,0.23703739245650526
36980685,0.2107434798929098
43421556,0.7330294596985195
43421557,0.24125882246297106
43421558,0.6741023650708232
43421559,0.9091801245121265
43421560,0.7648554058512285
43421562,0.2937345521160447
43421563,0.722524230300007
43421564,0.6474455332149197
43421565,1.6002737989799516
43424668,1.2278063732235138
43424669,0.4670351210492218
43424670,0.7940235586188976
43424671,0.9065102978122523
43424672,0.87129204585922
43424673,0.8894119609874709
43424674,0.819377458669561
43424675,0.6117346035389237
43424676,1.0225838945238237
36979425,0.13264103413373982
36979427,0.09449232659666737
36979428,0.12582929667066445
36979429,0.17063623924924043
36979430,0.11368061224368813
36979431,0.10064333746332274
36979432,0.12794492146280867
36995808,0.3574754827702475
36995809,0.17725781851631556
36995810,0.5728878605290957
36995811,0.11731514495599767
36995812,0.16370524065419506
36995814,0.3625958621433813
36995815,0.36926318710232786
36995816,0.1284815700429812
36995817,0.206536532820007
43419555,0.6042001719875467
43419556,0.45221560356515667
43419557,0.4728590458126408
43419558,0.368741624508798
43419559,0.44604348561448065
43419560,0.910695669531284
43419561,0.406914873253683
43419562,0.3626804831797385
43419563,0.5245289096669392
43419564,0.5557978229151055
36973754,1.1160460031281472
36973755,1.0179149540249288
36973756,0.7251525599306972
36973757,0.5733282541608596
36973758,1.4166657445814814
36973759,1.1209100570562118
36973760,0.6524615322636015
36973761,1.141260264451447
36973762,0.7445532316705035
43421751,0.22958946181750095
43421752,0.24930687562115544
43421753,0.19979832593180552
43421754,0.1827418732030968
43421755,0.24355861079624117
43421756,0.19448421508938385
43421757,0.20211879652306874
43421758,0.20409538483605347
43431368,0.2194986795250842
43431369,0.22754227766292137
43431370,0.22910379725912772
43431371,0.1919557773933253
43431372,0.249201801990662
43431373,0.19468502221781464
43431374,0.15167823355839394
43431375,0.21565490379771518
36969981,0.2603782425742117
36969987,0.31537840778908954
36969989,0.21054921020348832
43432123,0.1832724197098352
43432124,0.7403621053630869
43432125,0.19386684981718602
43432126,0.4493374004324719
43432128,0.39059520176526846
43432129,0.3225882602664069
43432130,0.2394898415519212
43432131,0.23427090814669194
43423653,0.20316205619080765
43423654,0.16520549062582338
43423656,0.3307734874173028
43423658,0.2702678907453704
43423659,0.21159870958465482
43423661,0.560208004787998
43420353,0.24320794551970903
43420354,0.1475568176574303
43420355,0.14608250560553523
43420356,0.31465644314393004
43420358,0.28123083708716223
43420359,0.3811602818141894
43420360,0.2525439759323964
43420361,0.3864911840987991
37012147,0.07869171835927456
37012148,0.08330861361333927
37012149,0.08850287995042093
37012150,0.08253332060040972
36974673,0.07444384702141814
36974674,0.08415977295256713
36974676,0.08381559696930405
37010015,0.09009144977449376
37010016,0.1842597664657972
37010017,0.18275052217994636
37010019,0.6810799339289604
37010020,0.3554926494796581
37010021,0.10320068562535839
37010022,0.48535350915726155
37010023,0.0639534499083678
37023687,0.04175416569069012
37023688,0.10686807710519985
37023689,0.026463023074314095
37024498,0.14217074679462627
37024499,0.25389923946366366
37023890,0.06696761385892519
37020038,0.08098634099462469
37020039,0.07406792321239122
37020041,0.08244196976782106
37020042,0.07658636992531194
37020043,0.07051138217579465
37020045,0.0802002687817566
37020046,0.08738664035223112
36990321,1.3314864624025424
36990323,1.1195271085106622
36990324,0.14107931280797203
36990325,0.20075775062400586
36990326,0.4291863903511437
36990327,0.11100234482037374
36990328,0.13202751598380652
36990330,0.33621794956488865
37023103,0.0825855178100919
37023104,0.07256232602447474
37023105,0.059715016722436995
37023106,0.05932165175628872
37008984,0.12516527174646172
37008985,0.11655922135821033
37008987,0.08753163281715033
37008988,0.11984967037480525
37008989,0.16698879438299008
37008990,0.08388683691463553
37008991,0.3443161841263367
37008992,0.0871407201112706
36972465,0.06442999735210785
36972466,0.15123154383724483
36972467,0.05216756640067426
36972468,0.0441603033327412
36972469,0.05254692500528589
36972470,0.15281471133286978
36972471,0.07797026404740648
36972472,0.07039010221061069
36972473,0.07917842970078084
36998482,0.17182749706711878
36998484,0.18208001758373554
36974355,0.10329298913338782
36974356,0.18464867464881984
36974357,0.08773949155535907
36974358,0.09780129168913392
36993838,0.06885562467530744
36993839,0.15027705818296253
36993840,0.11490424638116428
36993841,0.15724407583259314
36993842,0.06704915169110465
36993843,0.10351711343045336
36964044,1.2487175546070028
36964045,0.39266344514405055
36964046,0.33155031339964763
36964047,0.15265063258888104
36964048,0.1685796439499689
36964049,0.2211298769753073
36964050,0.2348844229924129
36964051,0.34083497775512445
36964052,0.26335114791056535
36964053,0.264059491308747
36986468,0.14989511378498085
36986469,0.15573504859071058
36986470,0.10707437466724973
36986471,0.07123922916285734
36986472,0.06965337027947129
36986473,0.10645423276221111
36986475,0.13057964911821512
36986476,0.10304409890406317
36986121,0.237028814200977
36986122,0.21587482763917348
36986123,0.19119522022115473
36986124,0.22985007677535707
36986125,0.25936428118164323
36986126,0.30144489354206305
36986127,0.15894050959658867
36986128,0.22773731774953937
36986129,0.2242264966462533
37023644,0.16380755461079036
37023645,0.030756624411726115
37022537,0.1315608840908952
37022538,1.3088371942773964
37022539,0.07290666213926436
37022540,0.16767590994819642
37022541,0.11595821324002828
37022542,0.8209622501605155
37022546,0.15827623678535377
36984338,0.08008612962382805
36984339,0.056112543491068465
36984340,0.06869904308329182
36984342,0.07333369612897095
36984343,0.07452921618739115
36984344,0.05957741300158722
36984345,0.10807292385221516
36984346,0.0720005645811548
36993614,0.3515703790728405
36993615,0.0809083206047564
36993616,0.34862850113536464
36993617,0.10153830970011389
36993618,0.0780559678237183
36993620,0.05531009241036176
36993622,0.09389675211250617
36993623,0.062338931879510805
36957780,0.6122818531549298
36957781,0.5201837583020126
36957782,0.6264133544435135
36957783,0.532343095208571
36957784,0.5617587216582316
36957785,0.7361830413512344
36957786,0.5217411035380636
36957787,0.5730990408555757
36957788,0.5239549739559978
36982579,0.11173305888813569
36982580,0.11049528102356307
36982581,0.25620583449013323
36982582,0.204781481959748
36982583,0.19461341100913868
36982584,0.3929162029179339
36982585,0.43824444872299184
36982586,0.1929214281462088
36982587,0.3192400842649719
36982588,0.12835262730993086
36975686,0.15755404817575386
36975687,0.17323094257360896
36975688,0.15719538805032296
36975689,0.1777819856727785
36975690,0.17599631958488313
36975691,0.19142243425916292
36975692,0.1651245452058973
36975693,0.17872439363495407
43426626,0.2469303950650119
43426628,0.2655070986388723
43426629,0.16120236450828673
43426630,0.4292289710206009
43426631,0.38313359112045436
43426632,0.5758861584878853
43426633,0.8720397370333764
43426634,0.48328236975845956
43427290,2.4412445744938993
43427291,0.87274829375701
43427292,0.8663349015099491
43427293,0.4515456941716566
43427294,0.4542124624375465
43427295,1.0178764279629124
43427296,0.9309035225748296
43427297,0.8356992312695191
43427298,0.6524084303018363
43427299,1.0046767913568115
36992437,0.04593847357045952
36992438,0.044997606384356334
36992439,0.049267827830179016
36992441,0.047942560076781195
36983402,0.11180188351143447
36983403,0.19566184162026046
36983404,0.2705727976496624
36983405,0.10078301541620602
36983406,0.1924922030232101
36983407,0.09333340363833806
36983408,0.12260404138277917
36983409,0.10604385384727456
43418976,0.19044911477153867
43418977,0.34816863961748445
43418978,0.3377971707607572
43418979,0.30347949307478417
43418980,0.4882435258935801
43418981,0.36900451455532074
43418982,0.2542155141435371
43418983,0.22553277703080313
43418984,0.26808709005217685
36963274,0.13631714825612315
36963275,0.10200720143300054
36963276,0.09429322421396323
36963278,0.11330933278011147
43421316,0.16229812248280837
43421319,0.18639023754747078
43421320,0.17588816555448405
43421321,0.16189256527317789
36960631,0.23839971276144065
36960632,0.1653545096163626
36960633,0.24410556905671366
36960634,0.2611815386089688
36960635,0.31282798996821054
36960636,0.3113960846180562
36960637,0.22297817120686403
36960638,0.3027869603064243
36960639,0.402985351733296
36995906,0.1774832112711568
36995907,0.25137982338103204
36995909,0.1003152223822365
36995910,0.17725452256010185
36995911,0.11981349145763301
36995912,0.22197338959554427
36995914,0.293083514442032
36995915,0.20737443731780644
36973038,0.19306504404806532
36973039,0.08563159867873904
36973040,0.12499847698854075
36973041,0.09056016315362725
36973042,0.08592951716871668
36973043,0.21395910444909053
36973044,0.03850134695292436
36978584,0.11373771121761672
36978585,0.0913272161549591
36978586,0.1670543276858089
36978587,0.1272546421394154
36978588,0.08835423308591567
36978589,0.10655401333506756
36978590,0.14525059136757096
36978591,0.11465734348796759
43423823,0.14230426806803304
43423824,0.0766038189427438
43423825,0.21184595895078276
43423826,0.29256964864168244
43423827,0.33544049230257955
43423829,0.09579991138487148
43423830,0.13571774890909288
43423831,0.07682167071661837
36988649,0.21028098586161661
36988650,0.1844552614600845
36988651,0.2071927874664376
36988653,0.22471235037194237
36988654,0.19255463855906355
36988655,0.18951339112563667
36988657,0.2256183193812782
36956246,0.35073189786089637
36956247,0.18137799740175994
36956248,0.25553534601549355
36956249,0.3143877824001096
36956250,0.2496035362199814
36956251,0.21874764395495055
43428553,0.11894444412516801
43428554,0.19640561164602088
43428557,0.6456837667149982
43428560,0.18825745508144232
43432632,0.16804490289901725
43432634,0.14146512429794925
43432637,0.17012373195273506
43432638,0.17198583908744067
43432639,0.15473227057331815
43432640,0.0892976083533334
43432641,0.15510172132906552
36980849,0.08960587235734391
36980850,0.05844001487872379
36980852,0.0871682045238999
36980853,0.0870024654633342
36964201,0.2733272647512747
36964202,0.10867437308050437
36964203,0.8776534945928741
36964204,0.12168327562474286
36964205,0.7149542814580383
36964206,0.7966777570244484
36964207,0.2670144707989408
36964208,0.12283180689430634
36964209,0.12852041008619586
36971693,0.13924626735575954
36971694,0.4091130829997548
36971695,0.1999587522986148
36971696,1.0588031908570197
36971697,0.22185428508046875
36971698,0.26950755143600025
36971699,0.48811829820185154
36971700,0.37684526244988925
36967920,0.1360457879804637
36967921,0.27251745191757876
36967922,0.7243801398420835
36967923,0.13159113441751297
36967924,0.27720045581646513
36967925,0.2000215536370106
36967926,0.19666303617466432
36967927,0.07352049229986667
36967928,0.13206820660095384
43433197,0.20941008698918306
43433198,0.1902520040722346
43427347,0.23391067708555813
43427348,0.6084411780929552
43427349,0.26450796586934944
43427351,0.37941039152669326
43427353,0.31556242843026006
43427354,0.2271272476874137
43426617,0.4944482022907156
43426622,0.3303306727349111
43426624,0.3340267254357883
43426625,0.34832932884428397
43419603,0.22644085090367566
43419604,0.1796347615372413
43419605,0.17706935653565467
43419606,0.21138632048853517
36989818,0.2202852014634712
36989819,0.15881732193887002
36989820,0.1640225073055796
36989821,0.28104788620752286
36989822,0.26678661312785285
36989823,0.21366930152323166
36989824,0.21334751180549025
37020306,0.051482482291935264
37020307,0.056062619450353686
37020308,0.056536766756830836
37020309,0.04674254908415443
37022629,0.29131090683860833
37022630,0.29405760860407487
37022631,0.2734681370984269
37022633,0.25780406150211044
36955301,0.03853091425862403
36955302,0.06098376969842885
36955304,0.18128834755283652
36955305,0.34441865760379237
36955306,0.22120964166077434
36955308,0.22323829491488498
36955309,0.03814676593531937
36955310,0.1566993497008392
37019770,0.09095639522856136
37019771,0.06916571365679854
37019772,0.10862841314971948
37019775,0.3365967639995008
37019777,0.09977533715547045
36962101,1.4437530364259368
36962102,0.4767945539660741
36962103,0.7158896758540291
36962104,0.9203975004056614
36962107,0.5610316925672315
36962108,0.7925511777750907
36962109,0.5869850147377581
36962110,0.49662935096109
37008196,0.17676013531126986
37008198,0.17925894813227308
37008200,0.16389379775449062
37008201,0.1598480010298948
43431242,0.3879907785553876
43431243,0.19108232450207308
43431244,0.15357254330351786
43431246,0.3703190532893406
43431247,0.1541844708527184
43431248,0.3606596117949454
43431249,0.2073340350743013
43431250,0.5649925607821505
36975773,0.07918491124980656
36975774,0.08820056027474601
36975775,0.07741834391159702
36975776,0.13736773018607756
36975777,0.2587104671341199
36975778,0.1613107045089082
37018026,0.31780566498240786
37018027,2.1801891109129117
37018028,0.4332756771555466
37018029,0.07611503582255144
37018030,2.214678409771528
37018031,1.3329849515343621
37018032,0.05563122701402846
37018033,1.4327787077863092
37018034,0.06281508774417928
36994028,0.5655226647734106
36994029,0.327569180091821
36994030,0.42504465815386533
36994031,0.2963374157923554
36994032,0.37334919238084213
36994034,0.3579703496411534
37014980,0.263258690328935
37014981,0.09590892311277978
37014982,0.17225693542570725
36972665,0.7581625909015212
36972666,0.5293232432232546
36972667,0.20215218758368517
36972669,0.3142554685089484
36972670,0.22641111367253877
36972671,0.21137746867588214
36972672,0.2211616698123052
36972673,0.15638503144707716
36988387,0.14405809869749278
36988388,0.12140218716395046
36988389,0.1339182429426211
36988390,0.1237512964797554
36988391,0.16055633344444298
36988392,0.11443338410573291
36988394,0.13986535092039698
36988395,0.17111324115993873
43429707,0.22647403964065216
43429708,0.5066235725128024
43429709,0.1120943151877136
43429710,0.7817539717759313
43429711,0.7155111721525926
43429712,0.7906152954140759
43429713,0.8171148401374974
43429714,0.23263653803719378
36992844,0.07487097956614322
36992845,0.09432372553555039
36992846,0.07261386202575874
36992847,0.09838102040977406
36992848,0.0869905173037347
36992849,0.09256550685862668
36992850,0.07962684714941251
36992851,0.5454409967192563
36992852,0.14142787608458318
36974445,0.18617129533355006
36974446,0.3784601202367433
36974448,0.2051241067457984
36978807,0.25887693677917883
36978808,0.25351310026596463
36978809,0.7309567582090655
36978810,0.9255123230898576
36978811,0.7779921873426585
36978812,1.2068221160030972
36978813,0.42068158455975224
36978814,1.5937903209053341
36978815,0.3287613863901118
36978816,0.7871219819341121
36991291,0.2625067159072242
36991292,0.240749703911358
36991294,0.12919592408867325
36991295,0.18284110974904025
36991296,0.3376882134230003
43426317,0.9858665535115816
43426318,0.2066429910784981
43426319,0.14546512520201368
43426320,0.5303788601704699
43426321,0.3967230932538674
43426322,0.19711064218690072
43426323,0.6159591850312561
43426324,0.16071705250624607
43426325,0.4300350334572363
43429427,0.5067094547164491
43429428,0.43850024645076907
43429429,2.3687961821375487
43429431,1.5189220647356905
43429432,0.3998070786088753
43429433,0.29788978910931535
43429434,0.6565178083025246
43429435,0.659581756518257
43429436,0.27300350069405854
43423590,0.32636874546353245
43423591,0.3107451254523401
43423592,0.354546633614615
43423593,0.18381191797584343
43423594,0.3389402722490287
43423595,0.7820582735172473
43423596,0.9995629937325479
43423597,0.22096734070548568
43428606,0.6849909214720221
43428607,0.7337220511674788
43428608,0.2794485659674393
43428609,0.22438502534715649
43428610,2.3826656186883026
43428611,1.8999485794741353
43428612,0.3265950082687178
43428613,0.2973926017610354
43428614,0.3317943567216625
43428615,0.6622624044321674
43427382,0.4495147977633663
43427384,1.4042256173396894
43427385,0.8138246792804075
43427386,0.9034912570496739
43427387,1.072097506817379
43427389,0.36684280063938784
43419452,1.0911802918572087
43419453,0.851211957807469
43419454,0.16283809601605656
43419455,0.3757020324066973
43419456,0.2845705968078811
43419457,0.6053002038946835
43419458,0.3309696558339333
43419459,0.9364611478091113
43419460,0.23882822103823742
43426278,0.8776571637212953
43426279,0.7705726802572125
43426280,0.09141748044318297
43426281,0.8346550410790254
43426282,0.2411829660175467
43426283,0.20251920005349858
43426284,0.45730976639047943
43426286,0.8020787509784495
36998333,0.1247463972058749
36998334,0.1909545788559313
36998335,0.15014283929608593
36998336,0.45407867643274397
36998338,0.43865423097590206
36998339,0.1746768367151367
36998340,0.4827398491339193
36998341,0.18314470003198496
36998342,0.19355792500899544
36998620,0.37422761265924404
36998621,1.5868718731003806
36998622,1.1411603939162156
36998623,0.8043386167162683
36998624,0.28178639511929554
36998625,0.5352010339927736
36998626,1.581181832182406
36998627,0.5151587495189796
36998628,0.3279853042378732
43429699,0.7005578884328264
43429700,0.38263406256405014
43429701,0.6451342398948756
43429702,0.8226280340671871
43429703,0.6665800998310958
43429704,0.6776824438975769
43429705,0.6131083901222092
43429706,0.6289454293507045
36989586,0.772431964858965
36989587,0.7058300247119249
36989588,0.11957300791914029
36989590,0.49095948428108566
36989591,0.6672797491800271
36989594,0.17839742712246506
36966052,0.30638915716903276
36966053,0.1421669218255423
36966054,0.19047387592746137
36966055,0.39176466519952946
36966056,0.32350701896749917
36966057,0.18650768594313802
36966058,0.2977520997319515
36966059,0.19494762403847377
36966060,0.48403851390935143
36966061,0.3060785476557587
36969937,0.21792630992097198
36969938,0.09129650815429347
36969939,0.16001165605224263
36969940,0.12436051690325504
36969941,0.1549296867160181
36969942,0.1924753034769933
37018399,0.15076530187084924
37018401,0.10595756943643903
37018404,0.3079862860625448
37018405,0.8482432803653992
36995944,0.20590711769546677
36995945,0.09756347140259615
36995946,0.11670858380166281
36995947,0.11146828094993959
36995949,0.13463117785571146
36995950,0.08605784321880666
36995951,0.048918105995491235
36994539,0.4093820386931375
36994540,0.3085092407114693
36994542,0.4617532714722516
36994543,0.4587297481244235
36994544,0.38687666872731774
36994545,0.6241312087195922
36994546,0.42395336641137793
36994547,0.14892401985113926
37008394,1.5300280082003257
36962694,0.33827939020761355
36962695,0.23675866588674993
36962696,0.1686047220885461
36962697,0.3940069323057538
36962698,0.09173195542610155
36962699,0.1894713873244862
36962700,0.21406215417370664
36962701,0.7951482500689199
36970902,0.09695295814142042
36970903,0.08904307072301422
36970904,0.1514874377852007
36970905,0.1363399532048281
36970906,0.07860552582150157
36970907,0.06728435860121183
36970908,0.10080509891531801
36970909,0.08942506169195417
36970910,0.09258704885155555
43421078,1.28459243867049
43421079,0.5002798137130899
43421080,0.2959759767628989
43421082,0.4694518367043883
43421083,1.2026955043423289
43421085,1.508316922924366
43421086,1.5864015370075386
43421087,0.36606500403515646
43432200,0.30991394403427486
43432201,0.2297599114096532
43432202,0.20295321790095758
43432203,0.26199229941713803
43432204,0.4404317310122902
43432205,0.36867799458951395
43432206,0.19094933102596487
43432207,1.1024560194035333
43432208,0.2065390146057388
43420470,0.3202079938733685
43420471,0.5253263437375143
43420472,0.3150615916860546
43420473,0.4678104564149177
43420474,0.2701452376663038
43420475,1.3420584425229032
43420476,0.7691413955151396
43420477,1.0118065146015387
43420478,0.16234150668400277
43431167,0.7317318853073735
43431168,0.13986334845875462
43431169,0.8406317951468099
43431170,0.5911077965596088
43431172,0.6626009893487456
43431173,2.317467382117934
43431174,0.7996379232518376
43431175,0.6681606822069472
43431176,0.24694011479740213
36992783,0.19183960378568007
36992784,0.2576662589840162
36992785,0.3615149677137239
36992786,0.3471809604026342
36992787,0.336483067221477
36992788,1.6682541462235565
36992789,0.28240287736500785
36992790,0.444715175550979
36992791,0.24398689107965846
36992792,0.18222993709533375
43430311,0.27463292240934145
43430312,0.29377219144855227
43430314,0.8683498650784164
43430316,0.47498958273035885
36991675,0.22292181910245656
36991678,0.1476740790458187
36991680,0.08375624306762582
36991681,0.08584211054090411
36982257,0.262210388692681
36982258,0.06462173652616479
36982259,0.26619633336813686
36982260,0.06816378949374327
36982261,0.17915059700542899
36982262,0.06548101372837177
36997530,0.09038927138798057
36997531,0.16994230542987135
36997532,0.09620247083995717
36997534,0.09339309479978619
36997535,0.11484776002476511
36997536,0.2116156450136871
36997537,0.1994551502729187
36983460,0.8506429993536045
36983463,0.22341104763114586
36983464,0.15632347758536425
36983465,0.2573054982413959
36983466,0.19416180386202933
36983299,0.8308327395067354
36983300,0.6472762792506875
36983301,1.3202490440405215
36983302,0.2142523161879824
36983303,0.600003114655808
36983304,0.27743389655751505
36983305,0.5936521762210734
36983306,0.22068771194969966
36983307,0.56885329751241
36983952,0.4495874455291133
36983953,0.42429664451861143
36983954,0.33696849451418426
36983955,0.3347071977270029
36983956,0.12463111398630028
36983957,0.21794412521146223
36983958,0.2302457014044104
36983959,0.3228506736120737
43420406,0.3601986896141296
43420407,0.3032587519105622
43420408,0.6576476676301152
43420409,0.8145784087037723
43420410,0.9237847078505026
43420411,0.256700093143579
43420412,0.15706950030440311
43420413,0.22674689407889587
36966774,0.07411974242525786
36966775,0.0557098407574605
36966776,0.4665474088154831
36966778,0.058380747053005555
36966780,0.0743293498137795
37011858,0.17948814234221963
37011859,0.14544459336427476
37011860,0.22641342023800723
37011861,0.47524651700122533
37011862,0.23039595898294177
37011863,0.20781130462723713
37011864,0.07524543169158907
37011865,0.07678395181580713
37011866,0.09631131040813334
36962045,0.14142702562347165
36962046,0.1429321940133345
36962047,0.7181686960273486
36962048,0.5921764466131996
36962049,0.17786928584694425
36962050,0.16354836102179376
36962051,0.5861001117905832
36962052,0.19430695025819505
36962053,0.5627650202462101
43423907,0.5840629830551067
43423909,0.36409603558579456
43423910,0.43270540779204897
43423911,0.1629147383443756
43423912,0.11631042388714269
43423913,0.15982130144967804
43423914,0.7539615204577373
43423915,0.15454223925552257
43423916,0.4170370775115379
43432564,0.2508108471856122
43432565,0.15883503497490245
43432566,0.22227964647967188
43432567,0.24896092635017902
37019332,0.10026431779985924
37021304,0.09987366533659874
37021305,0.10780510843819381
37021306,0.12204158724931374
37021307,0.12487224319885103
37021308,0.1267877404449591
37021309,0.18176374374426185
37021310,0.08384003970600522
37021312,0.16777051054827413
37020435,0.3625843922039312
37020436,0.7832559019952755
37020438,0.24467323305369912
37020439,0.23647072059651306
37020440,0.15771209624388943
37020441,0.11741135737692263
37020442,0.104782147307068
37018858,0.40652601843697894
37018859,0.05289111356727194
37018861,0.08027242769363493
37018862,0.3891625681936686
37018863,0.13023220491157
37018864,0.4100664232937732
37018866,0.07025094458665965
36983074,0.1951323423434126
36983075,0.051341539670012586
36983076,0.07333723889925943
36983077,0.10594137640808476
36983079,0.05639085323623384
36983080,0.19574353185255072
36983081,0.16009236520909717
36974832,0.5615418320285468
36974833,0.5380084583571616
36974834,0.459368576212653
36974835,0.4940663336673608
36974836,0.657164501201286
36974837,0.48527476621851157
36974839,0.5672859826967471
36974841,0.585260467215053
37020209,0.27864622610367895
37020212,0.3536191062618687
37020213,0.4660571351001133
37020214,0.48068342450485557
36991366,0.14916342466471447
36991367,0.15335548665383034
36991368,0.14618781651832144
36991369,0.16469570826234267
36991370,0.15398101025860034
36991371,0.13289005161901013
36991372,0.0965753976792444
36991373,0.0871494591249831
36985491,0.22160657917473167
36985492,0.07946967317683158
36985493,0.07983035589533981
36985494,0.11200121067512629
36985495,0.6106133276992717
36985496,0.19481652616883563
36985497,0.6014788565885884
36985498,0.10008081453085138
36985499,0.2289763648814556
36958559,0.5804991570815512
36958560,0.054186038319463184
36958561,0.06296306649596382
36958563,0.6354979292076387
36958564,0.06073247110371494
36958567,0.058483262701909136
36966679,0.1445500855349507
36966680,0.08761148302445264
36966681,1.246638445013987
36966682,1.2740491843396788
36966683,0.08518406917993927
36966684,0.6896597247750096
36966685,0.44808878259816104
36966686,0.3342833070775241
36966687,0.5271517596587473
36966688,1.2664751129940488
36979404,0.06991031227314774
36979406,0.09179819377036813
36979407,0.08879801294021407
36979408,0.11002051135994899
36979409,0.06706471014083301
36979410,0.08384614851252178
43430847,0.2391936086264202
43430848,0.22771132093318494
43430849,0.24904142220189845
43430850,0.16624206869794364
43430851,0.6033703719613863
43430852,0.254019042049159
43430853,0.21957149251228564
43430854,0.14490157956245903
43430855,0.25873654240600913
43432332,0.1892623121636001
43432333,0.16035606650023543
43424805,0.41417641758532975
43424806,0.4589139043384002
43424807,0.6316482177456604
43424808,0.11499314989256913
43424809,0.526489167569095
43424811,0.5807587440024188
43424812,0.4277427776642793
43424813,0.468455578488915
43424814,0.4360567327287927
36972565,0.2981323187300516
36972566,0.11250372452080223
36972568,0.10202854700735839
36972570,0.07776178846245284
36972571,0.06021978403727746
36972573,0.05841281670215717
36969094,0.14061252782704442
36969095,0.2045394714258804
36969097,0.14347410524847062
36969100,0.11075512196706236
36969101,0.13333324963154736
43430559,0.13800791986083683
43430562,0.11617686462280094
43430563,0.13979028920904263
43430565,0.10484762421197737
43430567,0.13431371673361184
43430568,0.15911909267726482
37017612,0.045726150557721196
37017614,0.03843396588009671
37017615,0.03865770743036386
37017617,0.09169151725110847
37007553,0.1431766585955398
37007555,0.44829564303640224
37007556,0.11475566863533472
37007557,0.1106157878499349
37007559,0.12140957159426194
37007560,0.16297040222655512
37007561,0.1200743010251891
36983509,0.05399554532639982
36983511,0.26271631805108575
36983515,0.08266048138072586
36983516,0.384142351885786
36991864,0.1988976039669708
36991866,0.32639488917058473
36991867,0.17386685921641973
36991868,0.2606566146253161
36991870,1.1224377264659346
36991872,0.08106014205543742
36991873,0.24422707657845077
36998708,0.22345260887117632
36998709,0.05540621596050115
36998710,0.2218516849718707
36998711,0.3229659324411479
36998712,0.2144107021815125
36998714,0.32840402273587516
36998715,0.30240272039457494
36998716,0.18236382541204327
36998717,0.13132593054158123
36998194,0.07506740933042173
36998195,0.6806816188504846
36998196,0.13047542931074665
36998197,0.08089802861955893
36998198,1.198828682428756
36998199,0.113528692144042
36998200,0.13432343236812735
36998201,1.0241038362085373
36970720,0.12078113566959665
36970721,0.14974216535511659
36970722,0.17715056684748393
36970723,0.19367988120767818
36970724,0.24522635480511135
36970725,0.28383341247251637
36970726,0.17262235733267878
36970727,0.17226543877716272
36970728,0.20035791057004057
36976638,0.1993325045963047
36976639,0.4400959837476573
36976640,0.22080744436992344
36976641,0.15513129169396508
36976642,0.19777539901146698
36976643,0.18447520832294725
36976644,0.41958911555142736
36976645,0.2010960417842337
36976646,0.2788324225708461
36976647,0.2922142428871582
36983897,0.30758757110271423
36983898,0.3159646167526257
36983899,0.3016422721801588
36983900,0.42220474007805364
36983901,0.35758490533460585
36983902,0.44416304024628434
36983903,0.41495426101325006
36983904,0.33278539674702423
36983905,0.6695361026322643
36971373,0.614541904340107
36971374,0.5520727112427544
36971375,0.19883066257834306
36971376,0.4298156106739006
36971377,0.2852774882908388
36971378,0.2842353214639293
36971379,0.2002527232774028
36971380,0.9638812634511777
36971381,0.21196748454685355
36971382,1.2503038601603034
36989365,0.14874886170246185
36989366,0.2629950494843437
36989367,0.27857463035794416
36989369,0.11510925519995473
36989370,0.21941187270555285
36989371,0.19786583809263858
36989372,0.12761505678135943
36989373,0.20845885515688548
36989374,0.17040804944160445
36995187,0.19970086892535055
36995189,0.09584094361391537
36995190,0.1427831074338989
36995191,0.08373038499932381
36995192,0.07917481623885425
36995193,0.1528924569017767
36995194,0.10019208897006164
36995195,0.0868568278781779
36989523,0.15152844396366213
36989524,0.3559207466028499
36989525,0.11102764002620374
36989526,0.1478851078753924
36989527,0.1579888597115354
36989528,0.15859547658436768
36989529,0.13151723123198494
36989530,0.566573557382828
36989531,0.1515040357885815
36989532,0.14347864574396557
43428408,0.1215143343188088
43428409,0.1967696623637412
43428410,0.4406856326038053
43428411,0.25638954343325926
43428412,0.12269257168397515
43428413,0.28959889732206406
43428414,0.9610167872980119
43428415,0.20429195824537297
43428416,0.1067535592234482
43428417,0.2798503670645644
43421222,0.11634196694372771
43421223,0.2508593953646947
43421224,0.1068683507972637
43421225,0.13633968663718737
43421226,0.7364039874178591
43421227,0.8826761818455907
43421228,0.19392837367604096
43421229,0.13382724930571777
43421230,0.2644241757311298
36981320,0.10846752747583005
36981321,0.06947334181213616
36981322,0.07491356843131752
36981323,0.06526644659840378
36981324,0.09957636173219665
36981325,0.05447651875433454
36981326,0.06393070581296278
43430706,0.8755077963301557
43430707,0.8510686783550623
43430708,0.8515226710887644
43430709,1.6725101384972245
43430710,0.4381042605658017
43430711,0.789897983816735
43430712,0.7479065750538895
43430713,0.48516506737269044
43423158,0.8704348721701808
43423159,0.9095034510315401
43423160,0.6302480732712222
43423161,0.45749461524771423
43423162,0.736379595510855
43423163,0.732788443530524
43423164,0.42402701013658967
43423165,0.1441763014263199
43423166,0.16655584660834954
43428759,2.218223521981926
43428760,0.9395455152596506
43428761,0.3452490965804126
43428762,0.39128004709284764
43428763,0.4110567211481826
43428764,0.5142149079020535
43428765,0.4217640728052671
43428766,0.27843441757067655
43428767,1.5358585755466934
43428768,0.7597030483039465
43430569,0.2556114886602699
43430570,0.3572435763723725
43430571,1.0455252310539536
43430572,0.6535572033602232
43430573,0.25931135254035814
43430574,0.4039296088809382
43430576,1.3579149018906094
43426116,0.7258374242950566
43426117,2.172197433239958
43426118,0.7371723139857441
43426119,0.6741652902008028
43426120,0.5656074113927427
43426121,1.0429851759745004
43426122,0.11207761449231073
43426123,0.5547628711358833
43426124,0.5360216480116285
43424246,0.6390595678967945
43424247,0.4997058399372407
43424248,0.7333112265583567
43424249,0.6004640368087195
43424250,0.747868386765133
43424251,0.09507796571391885
43424252,0.5913258701881766
43424253,0.5332189144653438
43424254,0.8663516394383866
43420044,0.5767489011872793
43420045,0.36751576116045354
43420046,0.7019538663268778
43420047,0.8650382652322196
43420048,0.12937553002894517
43420049,0.6012207214077034
43420050,0.11593236661586487
43420051,0.915478699168098
43420052,0.3404920892825884
43420053,0.6532190669292758
43430373,0.4689231330623129
43430374,0.34248238563386085
43430375,0.3265672814408884
43430376,0.23472217133039747
43430377,1.52957308438882
43430378,0.8862656003637626
43430379,0.26307594202144774
43430380,0.19925186906433956
43430381,1.2502904911907504
43425370,1.4466230497429504
43425371,1.5310374732988112
43425372,0.9240191706481776
43425373,0.21811825277757743
43425374,1.320378496138766
43425375,0.39415864035105547
43425376,0.3392137479024835
43425377,0.45436199656446385
43425378,0.3361707798701494
36984882,0.06454089444360761
36984883,0.1169293556006322
36984884,0.07144698003100869
36984885,0.11457723464246289
36984887,0.07061249672338939
36984888,0.12462077477498937
36984889,0.06907268669878486
36984890,0.1015740278082981
36996625,0.17182466209173614
36996626,0.5208219376148364
36996629,0.15367841879648403
36996631,0.1803767747155281
36996632,0.11382941973977928
36977869,0.1366090749429877
36977870,0.07371974349231764
36977871,0.1387382427813663
36977872,0.1216526853477124
43422652,0.15548948964756562
43422653,0.5176556327433661
43422654,0.1874375074472228
43422655,0.595679442153912
43422656,0.3573813366173642
43422657,0.19275049358892654
43422658,0.17682599981991381
43422659,0.3225593008277781
43422660,0.19188410348208973
43422661,0.6716135650508869
36981847,0.29095506097836316
36981848,0.052061194351648896
36981850,0.041903188236594426
36981851,0.04873445861333507
36981852,0.07611688268763186
36981853,0.3649856237373569
36981854,0.055927987459992154
36981855,0.04229204019222547
36981856,0.1652270803540469
36989992,0.07119434242297477
36989993,0.07128897281159509
36989994,0.07160662320567983
36989995,0.059072785450633776
36989996,0.19060185378546715
36989998,0.19536047953242622
36989999,0.20370435159042863
36990000,0.5262234769140544
36958260,0.2212331669643732
36958262,0.16505016923364446
36958263,0.24782648520089415
36958264,0.15888297682232194
36958265,0.20007564594238486
36958268,0.11860325188069729
36958269,0.12487670886599944
36997215,0.24976063851824676
36997218,0.18046545850243953
36997219,0.2763878424852931
36997220,0.21330151034454256
36997222,0.07124528994673542
36988371,0.0988528339623517
36988372,0.09793242756530253
36988373,0.2703052742144525
36988374,0.525855973372165
36988375,0.4103762831767767
36988376,0.0701788489141598
36988377,2.247675844487855
36988378,0.4621624393032612
36988379,0.14324696063019746
36996523,0.30044903033877846
36996524,0.4204231998694778
36996525,0.24231202318754128
36996526,0.7187412092930616
36996527,0.2926233952907492
36996528,0.1807439482952383
36996529,0.21925669595295288
36996530,1.9319576407816434
36996531,1.217288194271053
36998759,0.47507002248190694
36998760,0.2420464940531367
36998761,0.334704309156032
36998762,0.22310802672398494
36998763,0.5559874954308633
36998764,0.7543796528083222
36998765,0.2972198334251104
36998766,0.2676743277956382
36998767,0.5213741857317482
37008010,0.13652945842998443
37008011,0.15854255668437445
37008013,0.14865678223052373
37008014,0.24789912491618668
37008015,0.16203443625756503
36966178,0.28583405593741357
36966179,0.10678655362872251
36966180,0.9866522988459481
36966181,0.25561645097035607
36966182,0.2231471855568551
36966183,0.2959296310118315
36966184,0.2524647318953063
36966185,0.3560472254665946
36966186,0.24813132183485737
36966187,0.16007030463137487
36966495,0.16758543130783846
36966496,0.25816061874291746
36966497,0.7471781533794296
36966498,0.304727736970027
36966499,0.9917177819776994
36966500,0.32502761695681087
36966501,0.2986214414656646
36966502,0.23669191296837494
36966503,0.591869588339985
43430177,0.32837291052483003
43430178,0.34653440601986596
43430179,0.1780083570834102
43430180,0.3320995461022703
43430181,0.09076140626020379
43430182,0.36312989081612557
43430183,0.23437548905038824
43430184,0.31272887235814145
43430185,0.7580481490838878
43431848,0.44687015465809815
43431849,0.3065425773623313
43431850,0.17246037289043725
43431851,0.4960965034384632
43431852,0.4764002053211008
43431853,0.31419537638766326
43431854,0.41249586413102624
43431855,0.2408384728560109
43431856,0.4500146207057352
43431857,0.24788030225129767
43422336,0.16752079325048144
43422341,0.4040742463912532
43422342,0.1368015623516193
43422343,0.3986479898369242
43422344,0.11359985805368941
36993168,0.1335014283764485
36993169,0.575151452593899
36993170,0.08902856354876953
36993171,0.5811285201431574
36993172,0.12354732447551398
36993173,0.15976313455498445
36993174,0.0777094295304343
36993175,0.5352201979545075
36993176,0.0971554584463127
36993177,0.09054427343574041
36986201,0.2554550651102698
36986202,0.2754273184589699
36986203,0.13731786994003256
36986204,0.22170325156676368
36986205,0.41156925536932565
36986206,0.14475837977019435
36986207,0.19616910736816792
36986208,0.282928239081238
36986209,0.14448150503393775
43431422,0.17102975447466362
43431423,0.16612675966334947
43431424,0.6194087979462757
43431425,0.6252105554146786
43431426,0.7289122713928861
43431427,0.8160507218436843
43431428,0.4105733224436795
43431429,0.5474979754607576
43431430,0.22912559323524503
36976570,0.08309240557168138
36976571,0.10464706135147521
36976572,0.15928283585102096
36976573,0.09685559376979311
36976574,0.1357831793647538
36976575,0.06520900764126816
36976576,0.16691697290732102
36976577,0.10049881441214777
36976578,0.08111652631267974
36976579,0.2397195125607528
36984328,0.0673328889165913
36984329,0.07111403429944325
36984330,0.06631028241326009
36984331,0.08125512181889734
36984332,0.0801399329858476
36984333,0.07430967491002335
36984334,0.08649027136775916
36984335,0.0639573822130686
36984336,0.08345797571207741
36984337,0.07054259682529132
36986604,0.25566752223401523
36986607,0.277123043411758
36986608,1.2058830666522673
36986609,1.392468804942167
36986611,0.08742896876368068
36986612,0.18623892135848705
36986613,0.14753336078206175
43425225,0.24292637568178443
43425226,0.44597950625140376
43425227,0.486787947786704
43425228,1.5535862552224158
43425229,0.4986721242217592
43425230,0.38626339824869965
43425231,0.6537438340687335
43425232,0.46004084932114486
43425233,0.16358922826671682
43425234,1.2111772188683734
36995556,0.09233568113392931
36995557,0.30407519657048465
36995558,0.21261922923993967
36995559,0.5833035286432208
36995560,0.1023429504724385
36995562,0.14679812495190067
36995563,0.15961817868610723
36995564,0.12425449539016378
43426938,0.07299356642750454
43426939,0.4261302216206003
43426940,0.41777106275838927
43426941,0.5976645202905041
43426942,0.3381117849253385
43426943,0.4786336347660897
43426945,0.2084256317424276
43428302,0.5039524183764261
43428303,1.4185316077841594
43428304,0.4835344036166581
43428305,0.18895749065440542
43428306,0.694571432274744
43428307,0.35957998679830816
43428308,0.2256464907948405
43428309,0.11819959303010165
43428310,0.8272405919505459
43428311,0.2859709480742445
36975600,0.13346277420755615
36975601,0.1088344450798103
36975602,0.17535983548773543
36975603,0.11857163649570789
36975604,0.7682052499798083
36975605,0.1663639739525967
36975606,0.18663770547276945
36997005,0.14464169191428083
36997006,0.10055288584824311
36997007,0.09330228261643596
36997008,0.07388580657991711
36997009,0.23148027142994979
36997010,0.15023127975456602
36997011,0.0893772153514088
36997012,0.2663376486795005
36994857,0.1782370048085859
36994858,0.23285146949568938
36994859,0.27127680523079045
36994860,0.2516288254064798
36994861,0.09388300717567166
36994862,0.14960806332028626
36994863,0.19039150273001723
36994864,0.09674888147907668
36994865,0.3376934409571565
36994866,0.2084207747286759
36980259,1.4951918138131086
36980260,0.6864121717823213
36980261,0.2595537036259334
36980262,0.21796109498441943
36980263,0.3129062583438091
36980264,0.20783706261814996
36980265,0.15045208912935118
36980266,0.12389789219198899
36980267,0.15791176660080825
43428114,0.11736215649392992
43428115,0.09348013848633566
43428116,0.4430431440306983
43428117,0.3695022718329062
43428118,0.49810151775341566
43428119,0.9400903809814913
43428120,0.41883907803714354
43428121,0.532155718847483
36958436,0.19249050004967574
36958437,0.17428382010928206
36958438,0.15411821183785643
36958439,0.11284941870501893
36958440,0.09414960462527731
36958441,0.2568842070300103
36958442,0.3147463291065739
36958443,0.12031550754637277
36958444,0.24060778143820094
36958445,0.43022946631443293
37020839,0.07478491727798052
37020840,0.08031017106688963
37020841,0.03138635719171972
37020842,0.09795740070657588
37020843,0.032900758285346075
37022164,0.2730673484757063
37022167,0.149608338630711
37022168,0.40813129300476614
37022169,0.3215870527315386
37022170,0.5995334643934092
37022171,0.2874925084209538
36992462,0.11411355100822008
36992466,0.167439527001159
36992467,0.10973396640081987
36992468,0.09324860906003427
36992469,0.1956609019460341
36992470,0.1387250770268748
36992471,0.2774312584875265
36974092,0.5047469780616914
36974093,0.599432474060155
36965849,0.31030532991294024
36965850,0.17649121278390312
36965851,0.2104043548784384
36965852,0.2007904990896385
36965853,0.14713637134207042
36965854,0.14135606821064395
36965855,0.22675524657448387
36965856,0.37118237531400916
36965857,0.1516725803257991
36963877,1.122745686120116
36963878,0.09321592727797567
36963879,0.09503911123214323
36963880,0.07305001961692761
36963881,0.10489202748399214
36963882,0.5073209235690266
36963883,0.5869705216568137
36963884,0.05728831892465558
37016053,0.0679747419985344
37016055,0.09224730224709896
37016056,0.46580216148879616
37016058,0.09794483765962399
37016059,0.06790818226569498
43429757,0.5762359833208408
43429758,0.6100349771773711
43429759,0.4405072704703673
43429761,0.5373838349809326
43429763,0.5255938146327956
43429764,0.39199228545453996
43429765,0.6204480388721756
43429766,0.63611253120758
36984963,1.4064074593321092
36984965,0.994109609852933
36984966,1.0430423261257027
36984967,0.24810518442126725
36984968,0.6872962434394638
36984970,0.3700897411006132
36984971,0.09443145028742282
36984972,0.3863902694106413
36992306,0.21944319353209307
36992307,0.17123605599483616
36992308,0.13483770055125638
36992309,0.24247681120289785
36992310,0.27785498111774437
36992311,0.21907947183693643
36992312,0.20496291338522427
36992313,0.5712718039068412
36980075,0.5120325409650662
36980077,0.15118467476703265
36980078,0.307789270184308
36980079,0.36275338887895825
36980080,0.7412911150239695
36980081,0.2378619094811325
36980083,0.1537985294278189
37018256,0.15176751209305095
37018257,1.2799482876146127
37018259,0.1730236217583028
36990648,0.09924564021476907
36990649,0.1862307043645475
36990651,0.11272685298193018
36990652,0.19931755559765454
36990653,0.09535911706536988
36990654,0.10398618493403211
36990655,0.11368363297411978
36990656,0.08506929014206496
36983651,0.15879471153807578
36983652,0.10742545308914907
36983653,0.7565717283752542
36983654,0.15021319590752932
36983655,0.1051248533822369
36983656,0.20587835737349527
36983657,0.19052761964238962
36983658,0.10281716651766132
37014912,0.19172309745743824
37014913,0.13803622914680266
37014914,0.16948108167611278
37014915,0.15450543868303632
37010632,0.12762778063926078
37010633,0.1912934431575917
37010638,0.15119435183911054
37010639,0.16037831086546525
43426526,0.9635372210549242
43426527,1.0788060595356193
43426528,0.5964655372184157
43426529,0.7274097734218136
43426530,1.2102830675202128
43426531,0.6273811203575193
43426532,0.7167871120956227
43426533,0.7639000358994091
43426534,1.2949397760432886
37009459,0.3767636703861122
37009460,0.4270666366328396
37009462,0.35985188233875587
37009463,0.5329797955728582
37009464,0.3477213014882808
37009465,0.3582583323103806
37009466,0.518359591543935
36988477,0.22766299427434034
36988479,0.23664083950499182
36988481,0.3285412020163466
36988482,0.23584513072502916
36988484,0.3333371472132252
36988485,0.32712759654330165
36955499,0.24130196405784884
36955500,0.38546321555377755
36955501,0.2445872314446352
36955502,0.2928424902138764
36955503,0.21554157918960332
36955504,0.2262642648434013
36955505,0.3757994893158149
36957195,0.2501623754327233
36957196,0.5338411282638461
36957197,0.08315097008533275
36957198,0.18074898096264486
36957199,0.19613572911519506
36957201,0.08385452863852168
36957202,0.2206198967627733
36957203,0.2175552651782295
36967335,0.27989834379547607
36967336,0.5743118783933739
36967337,0.1604087593059627
36967338,1.22270521916538
36967340,0.21668061303001218
36967341,0.4710081932114391
36970946,0.24777884278554374
36970947,0.11743332765530369
36970948,0.08110856482804595
36970949,0.1131772992116699
36970950,0.11484946990820945
36970951,0.21765621300529014
36970952,0.11290959642090322
36970953,0.1461661592176933
36970954,0.443761021156368
43432596,1.721266925080315
43432598,1.7016047786836037
43432599,0.35556021276975996
43432600,1.2378121466672172
43432603,1.188031549313368
43432604,0.46355373611617545
43432605,1.3444097081323554
36984778,0.24503249454292048
36984779,0.9099864280222908
36984780,0.4437000444805813
36984783,0.20821281189431567
36984784,0.13997337471156057
36984785,0.2051411319181079
36984786,0.4048142149358188
37024399,0.263296709021642
37024401,0.167469141210894
37018275,0.26638106125314737
37018276,0.147272385899016
37018279,0.13988249883883214
37018280,1.1731183846607292
37018281,0.7089783971627479
37018282,0.2445522814842198
37018283,0.22163861880202268
36965798,0.08249568481723013
36965799,0.08265052321667338
36965800,0.07948049733270358
36965801,0.10551259462828252
36965802,0.0859036938498282
36965803,0.10533077105577866
36965804,0.10180295173922094
36989100,0.13029395184506554
36989101,0.12588811371517292
36989102,0.1113815074192645
36989103,0.28232649867079773
36989104,0.13691538535680134
36989105,0.17017785223950846
36989106,0.15658656251626696
36989107,0.21061957416472168
36985062,0.599722701514743
36985063,0.13566902598026206
36985064,1.1243527837567129
36985065,0.2674332569651017
36985066,0.434372744290898
36985067,1.3585016169243107
36985068,0.5200395331191684
36985069,0.23639202236188692
36985070,0.38024365741360266
36985071,0.23456391893123332
43433161,0.6191663298475566
43433162,0.3050253313376665
43433165,0.7141300719678338
43433166,0.18748921526514964
43433167,0.8231137310537323
36978033,0.3800113343221536
36978034,0.09450150401027295
36978035,0.15967557348855071
36978036,0.1552481049007775
36978037,0.6499093510826341
36978038,0.11569209879711154
36978039,0.13936988985674878
36978040,0.15589587651227205
36978041,0.20966929087642536
36978042,1.7297818877410231
36999240,0.48011139494224536
36999241,0.3335153540800218
36980065,0.10729847230534385
36980066,0.25332462273048556
36980067,0.11605351120123468
36980068,0.10500202262329966
36980069,0.4176550330754549
36980070,0.140697089164301
36980071,0.2239374049716161
36980072,0.30562157361265246
36980073,0.17299333177331816
36980074,0.4422907916593182
36984078,0.18864277005558633
36984079,0.18909053627633413
36984080,0.099398052020755
36984081,0.11493527758784175
36984082,0.09535573999389502
36984083,0.20606607889362213
36984085,0.18572884058197567
36984086,0.14949940510033785
36986768,0.8532264641670334
36986769,0.5653704673498794
36986770,0.2002356893831637
36986771,0.11360152355807938
36986772,0.7173316480626923
36986774,0.6461727370318999
36986776,0.10727339654405527
36986777,0.19565127472014895
36991475,0.10596782877184373
36991476,0.8901063136927534
36991477,0.46253773014750565
36991478,0.10195539319894746
36991479,0.6595468378622764
36991480,0.05283650085828604
36991481,0.3309524723865688
36991482,0.10933835364888402
36991483,0.04547917413748417
43427493,0.19614548477269098
43427494,0.8696048272398756
43427495,0.3375445297849595
43427496,0.5784447248323008
43427497,0.6769418657912518
43427498,0.507363381260599
43427499,0.12885128304410282
36972922,0.11550382616421241
36972923,0.12442048741172929
36972924,0.2364943402280687
36972925,0.15211218520620912
36972926,0.12893525553312013
36972927,0.10265600039572513
36972928,0.20864263540813796
36972929,0.10090769909415219
36972930,0.09313112678588145
36972931,0.12094239318452528
36968594,0.4003261958615343
36968595,0.3969854420071335
36968596,0.17128631475248446
36968598,0.3028187719467319
36968599,0.39489585278854283
36968600,0.35911391633919654
36968601,0.3946154360389753
36968603,0.2980756012677316
36993814,0.1447958879541634
36993815,0.08050789405127191
36993816,0.06400787129566317
36993817,0.11838658121592044
36993818,0.14412266543522034
36993819,0.4038170881391437
36993820,0.5395422287740325
36985785,0.06989540408331502
36985786,0.07336431921771738
36985787,0.07379497599528377
36985789,0.06810889167725727
36985790,0.08915265096669922
36985793,0.07546083523680348
37008092,0.23973283080445437
37008093,0.1667462834044564
37008094,0.12425534496280921
37008095,0.1767647760668957
37009620,0.21117132197296576
37009621,0.11977231318533074
37009623,0.18141863168110742
37009624,0.18694909283518416
37009625,0.15083234311934252
36988187,0.9581517825783561
36988190,0.2115459440912861
36988191,0.39615434830632823
36988193,0.2629771452808663
36988194,0.14944861454429398
36988195,0.43161235216411903
36975881,0.0854045739780695
36975882,0.28926680315148123
36975883,1.1733601991411111
36975884,0.7234360749837448
36975885,0.8625553568776053
36975886,0.1959084234125866
36975887,0.08319219114962328
36975888,0.948608152486218
36975889,0.16605807295181446
36996995,0.19644617189840827
36996996,0.09409664293110798
36996997,0.21048072514715163
36996998,0.12974910799261882
36996999,0.07898902578037229
36997000,0.0754428911600826
36997001,0.22967022441883067
36997002,0.5320168222709148
36997003,0.16804048032300847
36997004,0.47819892960634974
36980614,0.36368137437114345
36980615,0.47105364225591734
36980616,0.3029970190930965
36980618,0.26419567757827533
36980619,0.17170087238662846
36980620,0.10268910423274094
36980621,0.11708954638792367
36980622,0.11170849302220077
43428904,0.19737206756947748
43428905,0.15053792454778706
43428906,0.1083976921628478
43428907,0.11758840793226014
43428908,0.14256439982989028
43428909,0.06981128645523309
43428911,0.18340486721212923
43421373,0.6208893204733024
43421374,0.10993531746856841
43421375,0.633244223901447
43421376,0.4204966748795423
43421377,0.3797900477649056
43421378,0.4533272466734845
43421379,0.3116321056961823
43421380,0.21423229623631762
43432951,0.35984602968660145
43432952,0.12154354060611285
43432953,0.11713893872702842
43432954,0.1803438314510166
43432955,0.12980314811830362
43432956,0.4494032594430657
43432957,0.30775821980083395
43432958,0.3136464578517785
43432959,0.47443427546545175
43430204,0.4215068997314867
43430205,0.23526878922724295
43430206,0.2933419475790122
43430207,0.26865684503226206
43430208,0.7361852139718364
43430209,0.2806018332849749
43430210,0.18307699580364273
43430211,0.1095618534655487
43430212,0.3991722926391634
43430949,0.23134773742364206
43430950,0.44678283410435654
43430951,0.1233052126006252
43430952,0.5865410993210246
43430953,0.4065300939163032
43430954,0.23215250041128685
43430955,0.22261517214521212
43430956,0.5569428999175119
43430957,0.41633974087177905
43430958,0.23147170124419422
43423644,0.2747066132035193
43423645,0.6294199007660664
43423646,0.34413573327064756
43423647,0.1164189744836363
43423648,0.39448030868544665
43423649,0.4940873838433315
43423650,0.7137580970948055
43423651,0.1530325550602433
43423652,0.7746941457028628
36975694,0.172271060372543
36975695,0.11085632521457894
36975696,0.2645818755378816
36975697,0.12468483011163496
36975698,0.30876578675888733
36975699,0.1352823987365377
36975700,0.6975708985361637
36975701,0.09611887674629983
36988813,1.7162057804588624
36988814,0.288478975823056
36988815,0.5264210158428302
36988816,0.41491058994831104
36988817,0.36757335974958255
36988818,0.07910207187934946
36988819,0.09713416622998602
36988820,0.1855163906111928
36988821,0.14093030522759176
36993510,0.10485094925196878
36993511,0.0477332882156898
36993512,0.06372232345695225
36993513,0.09223012987451118
36993514,0.09599350550695329
36993515,0.0975007041910541
36993516,0.09101909177738791
36993517,0.07587906112459096
43429547,0.321477049649492
43429548,0.6296750716538211
43429549,0.08115399448394658
43429550,0.3606598179547237
43429551,0.1564404303890797
43429552,0.25776564494161014
43429553,0.38571526945942985
43429554,0.12888108887320016
43429555,0.21042713671903718
43427608,0.09821322874898027
43427609,0.08644461921404205
43427613,0.09629098194053098
43427615,0.09155717698899991
36981458,0.28604859678827393
36981459,0.41541969710748655
36981460,0.19541953157748815
36981461,0.12128045283530875
36981462,0.24673932965575732
36981463,0.22922203502899838
36981464,0.2202432701309672
36981465,0.3118448086096413
36981466,0.2825011619183572
36981467,0.11308861061776379
36969305,0.1097965209623935
36969306,0.07333674444987215
36969307,0.06447865887998525
36969308,0.22241996298207756
36969309,0.21501144576249384
36969310,0.21318214773804603
36969311,0.06481170411144388
36969312,0.12957407129890178
37019015,0.06036338723601234
37019016,0.058117081109056695
37019017,0.0461583497534051
37019019,0.04797385731062864
37019020,1.2434508847630894
37019022,0.04842480423581892
37019023,0.05904625798113382
36958714,0.2839902495323057
36958715,0.22528440587267384
36958716,0.1336536141383348
36958717,0.1578710736719936
36958718,0.18967861154296475
36958719,0.1956780810046222
36958720,0.29162783268679693
36958721,0.12010783793743715
36958722,0.18376225026160165
36995767,0.13007285943493863
36995768,0.22373386616589733
36995769,0.2765462466111914
36995770,0.24648027245335033
36995771,0.24618880766078613
36995773,0.12007812136703298
36995774,0.10129364388562814
36995775,0.23129455790618603
36978994,0.06805657842555574
36978995,0.10241855925697181
36978996,0.06486231065457318
36978997,0.14858819240281335
36978998,0.06709111815089557
36978999,0.0665881283492774
36979000,0.10102041463564608
36973868,0.09428414305875273
36973869,0.10808507866542862
36973870,0.08466987347315716
36973871,0.10539602446347826
36973873,0.19513654885427834
36973874,0.03647054674267905
36973875,0.09676026736999507
37014114,0.09338800638309655
37014115,0.050483939796549436
37014116,0.42624003998194104
36976412,0.086711836185357
36976413,0.1375119069018388
36976415,0.07635979780722887
36976416,0.08736801774032549
36976417,0.08335959444419115
36976418,0.3944998840057281
36976419,0.24384934423560156
36976421,0.4435145960778453
37016226,0.19972429251084015
37016227,0.15841859742831704
37016229,0.18597081418705871
37016231,0.17778413295180767
36988741,0.52118016590279
36988742,0.04940683767086447
36988744,0.04731575393990358
36988745,0.051520020923851176
36988746,0.04527703543037556
36988747,0.053411625670575835
36988748,0.07671239614867288
36962762,0.12226266162152442
36962765,0.12373282241028775
36972299,0.12247387625066476
36972300,0.11647994595412026
36972301,0.11988826879508147
36972302,0.11280697078385883
36972303,0.15198439926001248
36972304,0.16566706728651645
36972305,0.11193141697627351
36972306,0.17574734920306576
37009028,0.17218779379872265
37009029,0.23061479181534159
37009030,0.09683813845425114
37009031,0.09683532465858011
37009032,0.09477176010382425
37009033,0.20442227953780423
37009035,0.18691157041391215
37009036,0.3971035727019728
37009037,0.4438622123676779
43423092,0.1486849209940399
43423093,0.23949251101112737
43423094,0.10767305677580352
43423095,0.14208464742183174
43423096,0.3280062178221179
43423097,0.24692703251652623
43423098,0.5536208334744245
43423099,0.2487707257187327
43423100,0.16399907997231855
43423101,0.17041867171765065
36997850,0.22827111329509708
36997851,0.16014059959907107
36997852,0.3255554823704543
36997853,0.35192755539482257
36997854,0.9612328490586105
36997855,0.2682898390193947
36997856,0.152869944921761
36997858,0.1447066598360679
36997859,0.2681779855098162
36992889,0.12232426790922789
36992890,0.1260678485830451
36992891,0.12870971070447065
36992892,0.1636679708193764
36992893,0.20297525140939068
36992895,0.08563588092630053
36992896,0.23392358758406892
36992897,0.13845429113298036
36992898,0.09699886035314696
37016142,0.11250200663669174
37016143,0.14470811373621367
37016144,0.19330815676421964
37016145,0.15154023916538734
37016146,0.12927097990875028
37016147,0.22785881920451975
36979112,1.2888811495648016
36979113,0.30587042878179593
36979114,0.4073418599282375
36979115,1.040785090296342
36979116,0.24124217222189695
36979117,0.9521440257609266
36979118,0.9192041426892327
36979119,1.0144062730020018
36979120,0.19872391662369054
36979121,1.0872068873902236
36997615,0.32031484094281315
36997616,0.10819421261131003
36997617,0.30315799587716463
36997618,0.33690255145906384
36987446,0.16347829698788982
36987447,0.08613599569823802
36987448,0.06933726032821023
36987449,0.0644896856317242
36987450,0.17725068764928756
36987453,0.18378725433460794
43430529,0.17654127083359555
43430530,0.11964446138599008
43430531,0.10895913887571129
43430532,0.26480707230840933
43430533,0.8884317081963368
43430534,0.25581175671275436
43430535,0.16002932231538328
43430536,0.15661170358549684
43430537,0.3952012714198839
43430538,0.10820730782841487
43426098,0.3135651965722695
43426099,0.1436794923851276
43426101,0.4188950353270974
43426102,0.21725321384116342
43426103,0.21703144060036822
43426104,0.5092303478452076
43426105,0.11915477390030663
36987653,0.11728149667670786
36987654,0.47798151986316006
36987655,0.7847259078039447
36987656,0.12394962175836574
36987657,0.2054391792400763
36987658,0.17497146575736952
36987659,0.17480163060597664
36957737,0.2984766641259987
36957738,0.4562598636514613
36957739,0.5509413602441303
36957740,0.2611766139949669
36957741,0.4297746400809568
36957742,0.3348094621908447
36957744,0.5027055714383802
36989651,0.09064629923449015
36989652,0.21226603769286964
36989653,0.09524299329699416
36989654,0.09654544410496244
36989655,0.12442206610431743
36989656,0.06639507551905081
36989657,0.10404910307698571
36989658,0.06400944065788555
36989659,0.17073046537273068
37007532,0.6154201491635731
37007533,0.5352056836246009
37007534,0.21776112980693102
37007536,0.2633552146033577
37007537,1.0778972462934335
37007538,0.3625588429075364
37007540,1.225045664148785
37007541,0.3913150578287231
43433186,0.1541879157750637
43433188,0.24939764908004772
43433189,0.19644050355538856
43433190,0.1261224095047338
43424158,0.538538644979585
43424159,1.8046884573617865
43424160,1.92781911937649
43424161,0.5640259771307844
43424162,1.8464536440049402
43424163,1.321435894192237
43424164,1.777909769865741
43424165,1.4774553779690907
43424166,1.2985071481320896
43424167,1.3855734879175123
37007579,0.5195201313131439
37007580,0.5165522518762484
37007581,1.0021730963566178
37007582,0.4988945603922869
37007583,0.5103746357900518
37008017,0.6286886354278874
37008018,1.0105044016191056
37008019,0.6274665006818823
37008020,0.9979015034735517
37008021,0.6309967519616885
37008022,0.5682290574610271
37008023,0.6694528052174545
37008024,0.5521558435969983
37008025,0.808083555909031
37017675,0.21872456706826152
37017678,0.2956712584440166
37017679,0.2233949813239861
37017680,0.20268502374694267
37013608,0.5333392519661814
37013609,0.5097432338483487
37013610,0.5637839344620825
37013611,0.8345939413578456
37013612,0.468133883456259
37013613,0.459423580561111
37013615,1.0104232698222748
37013616,0.6192165037922901
37013617,0.47498154863351666
36990331,0.20494710379015038
36990332,0.16288504752407879
36990333,0.24347786248180495
36990334,0.9157639916621123
36990335,0.27112908505935196
36990336,0.33586336578519904
36998031,0.05964554591291685
36998032,0.14356737645263987
36998033,1.0275671479363988
36998034,0.07831147819048166
36998035,0.1917200861634482
36998036,0.36637826390166184
36998037,0.49710788303471076
36998038,0.12740952758810895
36998039,0.09655925219864687
36986800,0.18969268081768353
36986801,0.26047019302341784
36986802,0.1839978304488532
36986803,0.20448430286590544
36986804,0.1831845405685748
36986806,0.17591297802728467
36986807,0.19030577637351823
36986808,0.27834792260602864
36997082,0.16536170484937424
36997083,0.11026900656518462
36997084,0.6989617000869282
36997085,0.3884778882435842
36997086,0.5536917677948688
36997087,0.34282725976954576
36997088,0.09967697814492914
36997090,0.15378475029801364
36997091,0.5849024789290461
36993474,0.16797366623066262
36993475,0.22522841469052254
36993476,0.4862840732275993
36993477,0.16792092019393254
36993478,0.1070699134674996
36993479,0.5086148164222488
36993481,0.21447403983801394
37012458,0.2867511701237732
37012459,0.11820876575574145
37012460,0.16649767118977368
37012461,0.13984538092025736
37012462,0.14389494068299272
37012463,0.23267346752915613
37012465,0.17995294166533957
37012466,0.1240310186736053
37012467,0.2248638166852542
36967380,0.21597105377555612
36967381,0.43977169569791064
36967382,0.34135397657245437
36967383,0.1568559753004112
36967384,0.533098369276896
36967385,0.18580049275625463
36967386,0.7862795574714282
37015753,0.16366407800492105
37015754,0.18109681102527567
37015755,0.1580362751253796
37015756,0.16295532280853034
37013282,0.1490735510811214
37013283,0.3849745968681672
37013284,0.15551380594430492
37013285,0.15964608609408806
37013286,0.19398497180116805
37013287,0.2008905706643183
37013288,0.16490347654339574
37013289,0.16393791809214275
37013290,0.1560924146172736
37013778,0.19998165029108458
37013779,0.18139328753794082
37013780,0.14553399676647644
37013781,0.1752079691496219
37013782,0.1634810147136886
37013783,0.1567039569815953
37013784,0.14853974213098228
37013785,0.18649140339082773
37013786,0.17520209415298915
37013787,0.14888226823472875
36984390,0.2694679765068159
36984391,0.34231639073436165
36984392,0.5582608917797146
36984393,0.2579715246817322
36984394,0.1716292346223034
36984395,0.29611521989157913
36984396,0.36277564466504925
36984397,1.1315777135096576
36984398,0.3391622901470539
36984399,0.14097549264724127
36998502,0.19347339639939973
36998503,0.06297737217101061
36998504,0.8147782845299533
36998505,0.15074977582084043
36998506,0.1412923316978672
36998507,0.1283450749755074
36998508,0.0789800588298124
36998509,0.08319049659373094
36998510,0.056468438204542545
36994170,0.269884976785516
36994171,1.1869780959401013
36994172,0.23032382091676146
36994173,0.37697973734309526
36994174,0.2000588884270534
36994175,0.1123651358646126
36994176,0.09892454035867682
36994177,0.08870872968059294
37011082,0.09821737088698791
37011083,0.36064910584527443
37011084,0.8667132830891087
37011085,0.4722613599688483
37011087,0.1485965037529271
37011088,0.19249933859542928
37011089,0.09685945602356502
37011090,0.12668075140380886
36967127,0.8421274898180205
36967128,0.8186482664549218
36967129,0.6312530820931579
36967130,0.7223263300130737
36967131,0.29585331581755747
36967132,1.0504242695686312
36967133,0.3890376793082601
36967135,0.41711029936634325
36967136,1.3730273257929853
36991392,0.14618718060325883
36991393,0.1353063437743511
36991394,0.8949213085618637
36991395,0.23261123545183102
36991396,0.32192811662239873
36991397,0.1929086283636659
36991398,0.11404209056403625
36991399,0.09129913023637226
36978496,0.12551702127339162
36978497,0.08132630068119737
36978498,1.7114698549262792
36978499,0.15978356907309804
36978500,0.09007449144488688
36978501,0.08584955369955967
36978502,0.10096440806904561
36978503,0.15261466399390636
36978504,0.28136008943596663
36986886,0.3623194174857697
36986887,0.2388664829134135
36986888,0.20780759151477424
36986889,0.15428822307156537
36986890,0.13972481409485077
36986891,0.94449079626895
36986892,0.2892070415991249
36986893,0.2782707829525171
36986894,0.20878400824177992
43428141,0.20645748100680958
43428144,0.5563891606344972
43428145,0.7920010217248011
43428146,0.2685619938761495
43428147,0.4145260581300753
43428148,0.6266811278807287
43428149,0.24341221987510825
43428150,1.0494979859473634
36988111,0.18187076064227564
36988112,0.08843919165707208
36988113,1.1509448852284225
36988114,0.15778644201977915
36988115,0.15754866631563114
36988116,0.15732480297280776
36988117,0.21627906728603843
36988118,0.2031472893243811
36988119,0.08797577146012615
36988120,0.18470791810993514
36999242,0.1312707337705408
36999243,0.1285989356997591
36999245,0.13283096407752212
36999248,0.13037711936376184
43429988,0.24245513702892915
43429989,0.23209506031351848
43429990,0.6591966103225059
43429991,0.43246312443992047
43429992,0.12375975905623343
43429993,1.1733463307769256
43429994,0.42786881429927587
43429995,0.47070198215635417
43429996,0.5961526025002373
43429997,0.24968178468511923
43429106,0.7269116516409587
43429107,0.2263120787582182
43429108,0.4544881866820908
43429109,0.20590687319802722
43429110,0.3785124789283076
43429112,0.6146962667531415
43429113,0.14307406453959529
43429114,2.084105707680382
43429115,0.5345582313979482
36976800,0.4086413236709697
36976803,0.34015316890975056
36976804,0.10407592131405174
36976805,0.12998856416919405
36976806,0.17366703950806628
36976807,0.3654123852908865
36976808,0.09158384146428102
36968356,0.3271628284002761
36968357,0.1847995877037933
36968358,0.4875668363827981
36968359,0.29656558457037874
36968360,0.28025127772625397
36968361,0.14924694694862925
36968362,0.42620864054816265
36968363,0.19422668381303004
36968364,0.27570566645663536
36968365,0.159653476680676
43428334,0.4041722825872599
43428335,0.3882529098452878
43428336,0.29763833386810534
43428337,0.15445026699379527
43428338,0.37133705142426604
43428339,0.36623554538606246
43428340,0.5538566784382193
43428341,0.06840014897734369
43428342,0.393903777424782
36960108,0.11585222006803349
36960109,0.07884073144940228
36960110,0.08032845531478595
36960111,0.07943773406904504
36960112,0.07433733969103153
36960113,0.08172192859951065
36960114,0.09887859002711115
36960115,0.07401266475546606
36960116,0.08319564026726188
36960117,0.15164878282116964
43431196,0.16465959370770183
43431197,0.25457311547675304
43431198,0.8048138334871421
43431199,0.17965682743320777
43431200,0.5825987598639427
43431201,0.28709087506712705
43431202,0.1643856132983683
43431203,0.15500509788320405
43431205,0.14702387345180026
43432058,0.6011701434488672
43432059,0.32867016732163734
43432060,0.9075990035870045
43432061,0.44065292467193345
43432062,0.1160812808227876
43432063,0.10792466183443725
43432064,0.21006572273281549
43432065,0.7186521224913222
43424525,0.12591690721811552
43424526,0.2747410304693286
43424527,0.3024300166562911
43424528,0.14146386685497322
43424529,0.12214526253755364
43424531,0.11895470881325346
43430800,0.4857581827701492
43430801,0.18618196926616565
43430803,0.2574183101289521
43430804,0.5054404418106354
43430805,0.15752616279764178
43430806,0.13368888744679644
43430807,0.2874108629965245
43430808,0.2846182014903855
43430809,0.12421520397962477
43431431,0.45985394996155304
43431432,0.14056370096424023
43431433,0.392050843863592
43431434,0.45127450568244065
43431435,0.14275695952990422
43431436,0.5034394066712975
43431438,0.2045664701381913
43431439,0.21206370285442724
43431440,0.4294291870275282
36986449,0.31956800010422637
36986450,0.33096271364983343
36986451,1.527550374311442
36986452,0.3867200181174422
36986453,0.3461387622063757
36986454,1.8674442153378508
36986455,0.3639610066824441
36986456,0.4353028065748985
36986457,0.16494524537811947
36986458,0.43753637116904337
43425399,1.3674373091843786
43425400,0.303219349944309
43425401,0.8658132587764004
43425402,0.45695945103225805
43425403,0.7272079017019568
43425404,0.3318492992945601
43425405,0.3631304895674232
43425406,0.7164035469771832
43425407,0.6973089484367527
37012063,0.12371425906573717
37012064,0.1309894905761405
37012065,0.12595671405690848
37012066,0.1406119208785349
37012067,0.140951569435928
37012068,0.13567430653364373
37008278,0.16600028305289616
37008279,0.20284553947494294
37008280,0.15787911181570452
37008281,0.15795377942428734
37013102,0.3725668202577245
37013103,0.06761035166808597
37013104,0.06747526205561867
37013105,0.3322233868371177
37013106,0.2335006277629177
37013107,0.07296941712101612
37013108,0.08129265064496372
37013109,0.22070378731578658
37013110,0.16655785424131075
36993844,0.08799631705183943
36993845,0.3723442140080717
36993846,0.17421927966982853
36993847,0.1318113243637581
36993848,0.19091140616075983
36993849,0.151800714622877
36993850,0.5922804400096803
36993851,0.40022640434292805
36989384,0.15861641583559102
36989385,0.1469765048268508
36989386,0.3438365719628751
36989387,0.09742648225892997
36989388,0.1668187797364771
36989389,0.1468968390292141
36989390,0.11039674684081817
36989392,0.5544686353450748
36958827,0.09507899394297871
36958828,0.06300026851567114
36958829,0.07439035252141943
36958830,0.1361186848628302
36958831,0.060023081890763
36958832,0.22983056139408437
36958833,0.07851858797162153
36958834,0.12029559145120812
36958835,0.22731664707238505
36958836,0.14634607836664518
37017766,0.14677440359307078
37017768,0.07696116792870891
37017769,0.07271403873084167
37017770,0.15865504379220172
37017771,0.14134626363341787
37017772,0.1696220527864065
36998009,0.07701066225709503
36998010,0.04579421721738138
36998011,0.11956654270867088
36998012,0.3256176089185681
36961058,0.1020012525706146
36961059,0.06105338237982704
36961060,0.09561676497693045
36961061,0.07321755845348961
36961062,0.042170154702641
36961063,0.6491658865888121
36961064,0.06254949176196042
36961065,0.0693533260919441
36974687,0.08093155714080755
36974688,0.11854387722857868
36974689,0.18132903362489974
36974690,0.05433903483001249
36974691,0.05810347362250849
36974692,0.05892376622053078
36974693,0.05865890279652115
36974694,0.32563084449681656
36974695,0.06437554237437486
36958698,0.189764896600091
36958700,0.1627017033545076
36958702,0.3711150688612229
36958704,0.3990954953549428
43427762,0.5451872246758994
43427763,0.5361501472881793
43427764,0.5482344815692725
43427765,0.318283396190651
43427766,0.673288785005967
43427768,0.591034243004619
43427769,0.380696203661522
43427770,0.34646793296480405
43421510,0.44293290728093787
43421511,0.6828219754696344
43421512,0.3059112731461668
43421514,0.5756582914152925
43421515,0.09489256667700212
43421517,0.6874771176403681
43421518,0.6659859200827316
43430327,0.4805845135417682
43430328,0.5968439530751865
43430329,0.08980646168460106
43430330,0.3850992621402934
43430331,0.7128056376453662
43430332,0.6488649226007193
43430333,0.415107974639906
43430334,0.4956541057581784
43430335,0.6048975510707341
36981635,0.42005593439272415
36981636,0.1374399681863966
36981637,0.08902973396893907
36981638,0.35974164112554086
36981639,0.07858400062247056
36981640,0.32538002859617166
36981641,0.10590605656428993
36981642,0.09889071705149419
36981643,0.10247594920378267
36981644,0.19354721496712052
36991579,0.10549644830796684
36991580,0.15171663248635334
36991581,0.11308939781997986
36991582,0.06484786319301267
36991583,0.06421084142333722
36991584,0.2467148459074292
36991586,0.5639298627145827
36991587,0.22828000418773092
36984380,0.09907148522982118
36984381,0.09324216036759903
36984382,0.10164991102283209
36984383,0.3097238568051688
36984384,0.29682259795962496
36984385,0.17608142849091107
36984386,0.09339914890145262
36998013,0.11882675575681159
36998014,0.15784872826958152
36998015,0.19693745309513547
36998016,0.15859046624799583
36998017,0.14088315790535638
36998018,0.08587861081822375
36998019,0.13748834295547288
36998021,0.12179612280748493
36998022,0.12234379245523776
37012762,0.9211461480469976
37012764,0.36763586026703676
37012766,0.49863513212420696
36981137,0.162080200024589
36981138,0.08574951440728946
36981139,0.0816372616961386
36981140,0.2655353931353423
36981141,0.0823720209785818
36981142,0.19470549151046798
36992099,0.13701006275810157
36992101,0.03728379648785375
36992102,0.04538538002205542
36992108,0.05401671023686051
37010789,0.15474250589182817
37010790,0.174081558755487
37010791,0.15239110569406353
37010792,0.15896826723624113
37010793,0.15105929723559328
37010795,0.1759849851497934
37010796,0.16881931485902507
37010797,0.1889290616395691
37010798,0.1847504797317952
43424541,0.15177792258494432
43424542,0.2700150959994083
43424544,0.10903626355619846
43424545,0.5861335569820308
43424546,0.44391631081486094
43424547,0.09199407234326869
43424548,0.4913873917219868
36968478,0.4634761161162273
36968479,0.09229831180441893
36968480,0.165788537339435
36968481,0.13988439089248464
36968482,0.150412267671413
36968483,0.23256774147340722
36968484,0.13301466231826994
43433018,0.2899989329602079
43433019,0.16996652729048298
43433020,0.4306894923216158
43433021,0.7162556754269324
43433022,0.12581513449982076
43433023,0.1525555172455584
43433024,0.15555750960128578
43422012,0.11863515479038284
43422013,0.08734116842989222
43422014,0.14352789851969622
43422015,0.14635955984271995
43422016,0.2271259900788768
43422017,0.1122954842526624
43422018,0.11637070904979968
43422019,0.1445109603016664
43422020,0.13249700846039436
36955762,0.27617672410917876
36955763,0.20392671941295049
36955764,0.19486218033351835
36955765,0.14736339967687104
36955766,0.20554583212591557
36955767,0.22183161188688122
36955768,0.152479463781336
36955769,0.20432436345867414
36955770,0.3541191947445835
43422079,0.28532565963164047
43422080,0.2807932331555498
43422082,0.19539350548024184
43422083,0.17937131737527037
43422084,0.20723841127743511
43422085,0.18131737843476742
43422086,0.21084282635664617
36996982,0.2646371651361721
36996983,0.4006303875073552
36996984,0.06838306873653349
36996985,0.13204726035619838
36996986,0.2411659538909059
36996987,0.13511812964368564
36996988,0.17122060722824273
36996989,0.15158185080476547
36996990,0.23739231726844232
36979206,0.4068098558781909
36979207,0.47792134938293207
36979208,0.4475091779913607
36979209,0.7625587783402332
36979210,0.31373530658847
36979211,0.6306316443507874
36979212,0.3540478346236675
36979213,1.1371333319681172
36979214,0.4616309042109194
36957259,0.17851119622026057
36957260,0.14132997326871147
36957261,0.12126915078950413
36957262,0.12280714678630489
36957264,0.1408097573720837
36957266,0.10563676806765496
36957268,0.08699592431035494
43426545,0.14183901053914383
43426546,0.13599742227832037
43426547,0.1365922245134619
43426548,0.1397997473528587
43426552,0.10164660612792778
43427848,0.4626787846025253
43427849,0.3143910653278996
43427850,0.47477686120776585
43427851,0.1486979461229122
43427852,0.6728602573285822
43427853,0.11499247120463194
43427854,0.9389919518765221
43427855,0.3047897455835001
43427856,0.42714000500604477
36984279,0.27445066389550965
36984280,0.3134076532062318
36984281,0.17153380668854237
36984282,0.13407036522608315
36984283,0.5681934977923891
36984284,0.3789209105994004
36984285,0.1527727290730585
36984286,0.6209998761764108
36984287,0.5649458959695586
36984288,0.43538630303684606
36975048,0.1323313022241802
36975049,0.14410414749695147
36975050,0.10314353908519208
36975051,0.1383102455434163
36975052,0.14547143527453138
36975053,0.12380076246802327
36975054,0.12832360006237647
36975055,0.3595671736898925
36975056,1.2274071595759666
36975057,0.16256564160740103
36996332,0.3693753237593087
36996333,0.39319317585920716
36996334,0.2681973385396325
36996335,0.32041677255120243
36996336,0.41526939231577153
36996337,1.2892489944671601
36996338,0.21391510131872143
36996339,0.33867835086450854
36996340,0.2145349264671868
36996341,0.31503486068035474
36996138,0.277330519430176
36996139,0.1564295134652999
36996140,0.15416916964113253
36996141,0.22519909284641648
36996142,0.1748793436600292
36996143,0.15386828352765305
36996144,0.08497423224891107
36996145,1.2686682671685634
36965187,0.19958664991293862
36965188,0.12245926769630887
36965190,0.23727479198892118
36965193,0.16375159499313444
36965195,0.19373447707531105
36965196,0.094322263915394
36966840,0.09639465343115435
36966841,0.09977662536893853
36966842,0.05783280297630369
36966843,0.0907015414964249
36966844,0.20366644582240237
36966845,0.08560235410339298
36966846,0.05840823349984508
36966847,0.04455234730850374
37008407,0.09308646186402005
37008413,0.16561253833995224
37008414,0.09418756178889827
37008415,0.15025625421418146
37014760,0.11029311629398106
37014761,0.1390272417904117
37014762,0.17192381633545128
37014763,0.19834048850481018
37006910,0.23815059018768653
37006911,0.2242160402865865
37006912,0.15888593644811308
37006913,0.17472064598317277
37006914,0.1919861169141763
37006915,0.29258833542343904
37006916,0.15538984854459886
37006919,0.105317459462973
43424255,0.0687296587379658
43424256,0.1699707236261565
43424257,0.275540660763146
43424258,0.06986034702733439
43424259,0.1883558549239149
43424260,0.22036798880562272
43424262,0.07037255900505694
43424263,0.06601383822933786
43424264,0.06173412456365324
36990263,0.5148634963135512
36990264,0.4495509920826287
36990265,0.5387276037031511
36990266,0.13536783944109587
36990267,0.2398591041408857
36990268,0.4327185499235973
36990269,0.3001849906904007
36990270,0.41112222347390653
36990271,0.22492061218389098
37017259,0.5127319874006084
37017260,0.19625645792860627
37017263,0.44934468700911095
37017264,0.16396378680301088
37017265,0.40151629175623155
37017266,0.09558349402590927
36988983,0.14386705635581257
36988984,0.15312380513527712
36988985,0.16903141503592195
36988986,0.16127258699865607
36988987,0.15808768361022857
36988988,0.16947275224158592
36988989,0.19297958509967786
36988990,0.15932160250485553
36988991,0.15825809531155877
36999196,0.12928964540143498
36999197,0.13320487304667544
36999198,0.3484144048604989
36999200,0.07762695974948348
36999201,0.12179024208057233
36999202,0.285590139529516
36999203,0.08686865929391487
43425161,0.1951141212673037
43425162,0.1750292066458805
43425163,0.06901819981842136
43425164,0.0711658798538622
43425165,0.2526305220686257
43425166,0.2985508379787414
43425167,0.1151546601608786
43425168,0.2479047654218144
43425169,0.05844218552474956
36968696,0.07329768485700675
36968697,0.2527258392406533
36968698,0.1482909661690054
36968699,0.07189327159017643
36968700,1.0300073802926248
36968701,1.2665738374922704
36968702,0.9555088746004984
36997700,0.5944368695547066
36997701,0.2375381912559826
36997702,0.2467061343927356
36997704,0.23402047854500915
36997706,0.26402253711169343
36997707,0.18069583201406975
36997708,0.24107054507370454
36997709,0.6053939028549229
36986440,0.19842522287066894
36986441,0.517468424672882
36986442,0.12593330536133937
36986443,0.5146652968471088
36986444,0.16131069751656663
36986445,0.18460933056061057
36986446,0.20933381857698963
36986447,0.33408090048410627
36986448,0.6689519606413041
43426597,0.17532488529627466
43426598,0.28452062431196407
43426599,0.2856934811159961
43426600,0.1851349695184675
43426601,0.28498980153772085
43426602,0.4086071040808974
43426603,0.3427528001738658
43426604,0.21733322273964717
43426605,0.3112402204152475
43426606,0.4503061342396831
43423442,0.15136866773543797
43423443,0.15380771999370293
43423444,0.17825208410204638
43423445,0.2958870115343996
43423446,0.1332823653423512
43423447,0.7347022502798322
43423448,0.22958606572699375
43423449,0.4853317202735259
43423450,0.17917927624916513
43423451,0.4682326060290776
43422503,0.20759752330319947
43422504,0.1939463149568856
43422505,0.31088231817232986
43422506,0.2171527374899536
43422507,0.22347477213550038
43422508,0.4758111329155949
43422509,0.5975146904151624
43422510,0.24450450989213338
43422511,0.24642190284897336
43422512,0.2320811932750262
43423289,0.30755568593302185
43423290,0.17942025157251695
43423291,0.3084678050786772
43423292,0.2565963285528392
43423293,1.1181060492272608
43423294,0.5472748316984006
43423295,0.26008028809925776
43423296,0.2966715997472207
43423297,0.07132612861609543
43425580,0.257359393814251
43425581,0.2580785909894376
43425582,0.2613180680038223
43425583,0.11338408289874155
43425584,0.5766396648034275
43425585,0.48368209354334274
43425586,0.1010124275716915
43425587,0.1334452673886711
43425588,0.2871364309800329
43425589,0.13457734911450653
43429503,0.1990685020410166
43429504,0.4403925167220791
43429505,0.22889287312080422
43429506,0.19481150163980046
43429507,0.3382432974241912
43429508,0.2577515034557827
43429509,0.5888032155800733
43429510,0.19425793132448008
43429511,0.5294699925369168
43429512,0.25387931990834456
43428581,0.0842192857736754
43428582,0.3630927214343207
43428583,0.47232806879967615
43428584,0.10886140598398981
43428585,0.10648246836587254
43428586,0.13448933432288745
43428587,0.27065314950925207
43428588,0.23044153334895728
43428589,0.29897774366372554
36968348,0.11823627537831682
36968349,0.14693064317299093
36968350,0.19017486100058553
36968351,0.568518503385707
36968352,0.1417623445943377
36968353,0.1252288579717749
36968354,0.1476604072150602
36968355,0.11925554065582346
36980139,0.5902818640615279
36980140,0.7814723339995983
36980141,0.4405427291070457
36980142,0.7013719392054328
36980143,0.395955138020697
36980144,0.2596815545833905
36980145,0.6034449420188072
36980146,0.5679021777063407
36980147,0.6199233328603068
36980148,1.0769176106428384
37011736,0.19263295933564206
37011737,0.2718023579754256
37011738,0.13257099827762053
37011739,0.23141268001797127
37011740,0.19059011544856902
37011741,0.1963867291999739
37011742,0.19774390046922155
37011743,0.18280349349730496
37011744,0.1960322289699623
43420647,0.31285459318598485
43420648,0.19636893068698055
43420649,0.5957971001142962
43420650,0.5178770128653397
43420651,0.760017195314228
43420652,0.6270948345559437
43420653,0.805740248814454
43420654,0.5400828042446105
43420655,0.7341935106021881
43420656,0.6122806712594294
36997408,0.28975847664961035
36997409,0.3406407318743237
36997410,0.2303753846624249
36997411,0.2544850809381609
36997412,0.30525878572470366
36997413,0.2926894321933653
36967616,0.21312038306580905
36967617,0.35031339830482605
36967618,0.20582130963494405
36967619,0.13068832464234215
36967620,0.4106345785593765
36967621,0.2402813795698169
36967622,0.15386037599206537
36967623,0.3519958253834607
36967624,0.2847697682353619
36959155,0.3080930591171985
36959156,0.2683635851550865
36959157,0.2190324553113382
36959158,0.25179018280075366
36959159,0.26596480817420587
36959160,0.32063850902283103
36959161,0.2540190540712145
36959162,0.23065358878348766
36975953,0.12382754195886406
36975955,0.1351868310328382
36975956,0.09617007830070967
36975957,0.09630695404373849
36975958,0.08762184659270478
36975959,0.0726424323216143
36975960,0.07601702107310371
36975961,0.1759355475801818
36975962,0.153299945051801
37012751,0.1425862957703344
37012752,0.1964219669572873
37012753,0.832822935332117
37012754,0.07242846064759605
37012755,0.13885024059044224
37012756,0.07114483840905393
37012758,0.10473788586819403
37012759,0.13508840103990374
37012760,0.2370405403131313
43432036,0.1782322232038725
43432037,1.4458777227643378
43432039,0.22720250504549497
43432040,0.08328786442044372
43432041,0.5663187603147831
43432042,0.1297147173671039
43432043,0.6079732033296612
43432044,0.14743773673000207
43432045,0.057842926371953894
43431103,0.22394591228018332
43431104,0.29949572149629894
43431105,0.40092256861060854
43431107,0.48204038612351946
43431108,0.23002991841554837
43431109,0.18972695594787298
43431110,0.5227804926198834
43431112,0.14896306184218994
36989083,0.14651583467088208
36989084,0.08445251287069155
36989085,0.09233940553321926
36989086,0.12734351745336167
36989087,0.08237310591978116
36989088,0.17077266494593318
36989089,0.08748794138637592
36989090,0.14091798035603875
36989091,0.08322949532328974
36989092,0.13523449068087048
36987271,0.4428725234209681
36987272,0.12519322730124977
36987273,0.21442295187518973
36987274,0.1014197599837191
36987275,0.2872498388824767
36987278,0.3680106337719281
36987279,0.30455458390046924
36978143,0.5443812344999213
36978144,0.27425577476243257
36978145,0.22584187281383478
36978146,0.18462909314523562
36978147,0.4633332417071151
36978148,0.2347013713007802
36978149,0.1639020497783318
36978150,0.5141941408596502
36978151,0.20720680437727576
36978152,0.18245337143604146
36995356,0.6034561835430405
36995357,0.41179629899142756
36995358,0.5412150839107781
36995359,0.18593971397884707
36995360,0.3133934461663262
36995361,0.13033797702798539
36995362,0.49551211145061513
36995363,1.0919266749500984
36995364,0.10820049765981045
36995365,0.1466066078342736
37013766,0.1826601236141061
37013767,0.5912276144436981
37013768,0.09734757699968788
37013769,0.23903822936812164
37013770,0.24609269668432543
37013773,0.5808423429516516
43423898,0.21956802735887107
43423899,0.1258840500738739
43423900,0.7013651162785147
43423901,0.2340963021351791
43423902,0.08606992608682332
43423903,0.3265513646757164
43423904,0.3385573501879396
43423905,0.40439035877053475
43423906,0.21342163710267534
36993449,0.4150596748066348
36993450,0.24431808449942002
36993451,0.22171263194951213
36993452,0.16286595451639505
36993453,0.10564244420020855
36993455,0.17845721002338188
36993456,0.14253119199732844
37021484,0.09911755758275327
37021488,0.09399010408332824
36963902,0.07107861019473495
36963903,0.11020034432359396
36963904,0.09050333247924992
36963905,0.11291055109829985
36963906,0.09738171972311098
36963907,0.08966320134949693
36963908,0.0734953174336863
36963909,0.1854629622078531
36963910,0.09559514467244483
36962092,0.12127893544059785
36962094,0.12353131402721168
36962096,0.23662326132243974
36962097,0.08829710434618482
36962098,0.12306414542911255
36962100,0.11505127941347966
36976831,0.04561709268907812
36976836,0.03487164531501252
36976838,0.03489051620118016
37017180,0.04472007296445396
37017181,0.043071310165837214
36997791,0.16980016944277207
36997793,0.1639752467213121
36997795,0.11528435433583041
36997797,0.21835994475271353
36997188,0.12687943086419987
36997189,0.6285799459999117
36997190,0.5580461570539366
36997193,0.6632141033603145
36997194,0.527899324651721
36997195,0.5528065069851653
36997196,0.07705739418406693
36960966,0.694034996394238
36960967,0.1140169999630273
36960968,0.6992326582378982
36960969,0.4976872492190578
36960970,0.98717705032108
36960971,0.2457900615027475
36960972,0.11297564159132532
36960973,0.20033633064886755
36960974,0.2377407253962797
36965500,0.14597265932228254
36965501,0.2867516152692196
36965502,0.3192377577866608
36965503,0.14942569380601284
36965504,0.8692824349966347
36965505,0.13684717205192187
36965506,0.3197512280704222
36965507,0.1497139010095573
36965508,0.28181180392875815
36965509,0.8244260056467715
36963255,0.17601262589899155
36963256,0.12000244132460376
36963257,0.25478998699646654
36963258,0.5100810624412855
36963259,0.39493249853722134
36963260,0.18492486039081912
36963261,0.17465076881279384
36963262,0.13497890741534715
36963263,0.14937050225953682
36963264,0.8327141532468701
36965713,0.15762762384219475
36965714,0.23765024907875756
36965715,0.10474725452298526
36965716,0.12961466396742935
36965717,0.13702505492187436
36965718,0.08525253165907576
36965719,0.10298662344150339
36965720,0.1880185405151757
36970975,0.2752744675841293
36970976,0.3609903041512739
36970977,0.26877521417743594
36970978,0.22161957695140086
36970980,0.24480546403497858
36970981,0.08109868509950605
36970982,0.2815708722373403
36970983,0.1068765660618045
37010863,0.35661872995144905
37010864,0.18456791779798776
37010865,0.26766733220265765
37010866,0.1882424015674505
36961695,0.06858437445257325
36961696,0.11618953224878267
36961697,0.03590099122022013
36961698,0.152286639907409
36961699,0.03992075647948073
36961700,0.13357085828051898
36961701,0.06137874174854558
36961702,0.044068819059084025
36971685,0.18619420639171294
36971686,0.126993766309663
36971687,0.0892009643705511
36971688,0.06397476067619565
36971689,0.053168179027916866
36971690,0.15163244472427803
36971692,0.07391332850621649
36978052,0.2435214999419148
36978053,0.15017890731348732
36978054,0.22373399442389158
36978055,0.19163340742484794
36978056,0.07852199007321833
36978057,0.234414747841513
36978058,0.26017896070865665
36978059,0.09923366152468735
36978060,0.1572528635816439
36957233,0.09806272759818326
36957234,0.15658319113134253
36957235,0.17871731309721886
36957236,0.25313094344370496
36957237,0.09732803562766565
36957238,0.17757707228541392
36957240,0.2138915411000013
36957241,0.6927969556811784
36957097,0.11036700694755497
36957098,0.6221957926743723
36957099,0.12880365861572762
36957100,0.08463463375339353
36957102,0.9845482188464496
36957103,0.21036407232046092
36957104,0.5726613568075238
36957105,0.12006534307708494
36957106,0.18588252445667805
43426199,0.2796773626027849
43426200,0.41281277660972954
43426201,0.170320188786785
43426202,0.3113924840019128
43426204,0.3782504275051694
43426206,0.08976260962920071
43426207,0.6053014354496072
43426208,0.06404583156003821
43425132,0.16563559718244625
43425133,0.6350155203746037
43425134,0.13303534044704898
43425135,0.7895535254088837
43425136,0.6006286866115471
43425137,2.0143859116441782
43425138,0.12174008296375265
43425139,0.667785146931126
43425140,0.3550885903415573
43432615,0.7276703537186211
43432616,0.326633866637753
43432617,0.8620733998429722
43432618,0.15530169191231602
43432619,0.11603767419342724
43432620,2.194620652510875
43432621,0.38186652017193595
43432622,0.5768869053309338
43432623,0.25281441209460864
43426982,0.7354435463495377
43426983,0.3538356761555861
43426984,0.3220357485256937
43426986,0.82044477857096
43426987,1.2416814183139222
43426988,0.1375413252948068
43426989,0.3604403492303519
43426990,0.18668975260791817
37008262,0.3723886283081146
37008263,0.24289681775395686
37008264,0.3792752653647602
37008265,0.31867354445516866
37008266,0.24024654256621591
37008267,0.28436401215214313
37008269,1.291654618001966
37008270,0.09170309455046065
37008271,0.3467910480221035
36979103,0.047726994645413856
36979104,0.487384138554535
36979105,0.4406300116070181
36979106,0.048419457526797854
36979107,0.8618489129368366
36979110,0.8920537657613707
36979111,0.11850444957051866
36984232,0.2279341125751559
36984233,0.08626927781741486
36984234,0.13380220406204776
36984235,0.5122364437364335
36984236,0.10504646460775517
36984237,0.221057835157545
36984238,0.42155473762934664
36984239,0.523462948580259
36984240,0.29570387666398584
36984241,0.05883383454080856
36994314,0.4202721740816694
36994315,1.3367426692935034
36994316,0.1086136807295674
36994317,0.5434560513848045
36994318,0.9991923180357304
36994319,0.5879043649067628
36994320,0.08844152812048012
36994321,0.16110678887218996
36980936,0.17933572844272255
36980937,0.08563761214341864
36980938,1.2605511946344172
36980939,0.15963174497240593
36980940,0.092623839605139
36980941,0.09796138629540303
36980942,0.0927727211432541
36980943,0.291242567522924
36980944,0.1340856608554131
36980945,0.09743966821618172
36979909,0.3358887773684786
36979910,0.14618226319660674
36979911,0.09691731964549186
36979912,0.2359413123965631
36979913,0.1388482966337081
36979914,0.17529618288611834
36979915,0.18896053641045074
36979917,0.3038053891188197
36992128,0.17311384589080342
36992129,0.5160188078145092
36992130,0.16854496996201287
36992131,0.2356035513145281
36992132,0.4733821061707628
36992133,0.7585234333236469
36992134,0.43892641395186394
36992135,0.3490174000072884
36992136,0.3269710435332631
37011291,0.12778319570791838
37011292,0.5210339694382871
37011293,0.13682587088227702
37011294,0.0906054060540134
37011295,0.11537470112192201
37011296,0.22941619225332732
37011297,0.5355428328879661
37011298,0.20079696919721596
37011299,0.5366676477237831
36971037,0.11735147652820666
36971038,0.09684587738546016
36971039,0.11198504281690455
36971040,0.11726055519036646
36971041,0.12222997631406188
36971042,0.12194602941340796
36971043,0.12209775342985246
36971044,0.10702521334951365
36971045,0.10521674393092756
36971046,0.11807112188373804
36980759,0.18064455380487254
36980760,0.39396185855674826
36980761,0.11182655753581124
36980762,0.15214854292526253
36980763,0.16753869160899718
36980764,0.4986851791605493
36980765,0.16616648569427575
36980766,0.31617268403005777
36980767,0.11427312584332303
36980768,0.18615370786203622
37013273,0.23158490407029622
37013274,0.241632738078946
37013275,0.1342781542504129
37013276,0.2648562819239675
37013277,0.26307070383306536
37013278,0.20088155114059808
37013279,0.1998573205561136
37013280,0.2918163048422886
37013281,0.11845527887687408
36956831,0.362650574170244
36956832,0.21413346494206456
36956833,0.27196632915403435
36956834,0.6939007140248638
36956835,0.6727167048327074
36956837,0.41992237822860723
36956838,0.4698000053018656
36956839,0.14006708639149623
36956840,0.5018277986269666
36985605,0.10639083929040619
36985606,0.09446841334436033
36985607,0.09300464377032658
36985608,0.19991754056017919
36985610,0.07572564165280529
36985611,0.13202784421083474
36985612,0.14927069548361188
43426700,0.06980240230993236
43426701,0.2226678044721766
43426702,0.2841797857038013
43426703,0.19590266810077792
43426704,0.2140751276082377
43426705,0.23495755847801728
43426706,0.29056712967187603
43426707,0.16639842707511265
43426708,0.29402032873202083
36959528,0.143937673407358
36959529,0.20098316762244722
36959530,0.30833635652097696
36959531,0.31690710150731155
36959532,0.15038387205475345
36959533,0.12696878969706235
36959534,0.22345014230613502
36959535,0.18693614749497203
36959536,0.7683137112926103
36959537,0.11318444594008761
43428805,0.2594880926029465
43428806,0.2882148837796023
43428807,0.13045801080911298
43428808,0.20887437337317086
43428809,0.4070421987392629
43428810,0.22110494745893947
43428811,0.25911972751292167
43428812,0.15096211946894073
43428813,0.08581477759135733
43428814,0.06987509886995533
36963149,0.4272206650430919
36963150,0.5767246864461201
36963151,0.061814007340503484
36963152,0.08064129699407198
36963153,0.20431347535274424
36963154,0.1730377612179383
36963155,0.06782171057311415
36963156,0.14169168123420256
36963157,0.12108643961204799
36963158,0.46768202917966434
36983600,0.10901023566821806
36983601,0.9452881528408563
36983602,0.11625804811332122
36983603,0.12321007146200857
36983604,0.10935554483574234
36983605,0.11407081314343825
36983606,0.2390487592095808
36983607,0.12469609096253816
36983608,0.2049453983080484
36991891,0.07547926389608807
36991892,0.10666451020284057
36991893,0.10174143222260096
36991894,0.9552026793074562
36991895,0.08497929788438233
36991896,0.15881011407346837
36991897,0.6355838459138168
36991898,0.4618661587653492
36991899,0.09910357002008993
36996415,0.11592335077694114
36996416,0.5521199859848861
36996417,0.4958400011939357
36996418,0.45024400682875915
36996419,0.30281037585878373
36996420,0.232299964413316
36996421,1.087180505177835
36996422,0.3358678469463143
36995386,1.0203098322533508
36995387,0.3624442883607558
36995388,0.31808803926262896
36995389,0.5194212710141236
36995390,0.4432016015468078
36995391,0.38022891307421136
36995392,0.20750834773029322
36995393,0.41251001299338225
36995394,0.20163437272009285
43425973,0.23018362476947948
43425974,0.6212162248827815
43425975,0.29374599352204406
43425976,0.36429735184155054
43425977,0.16151982422940273
43425978,0.21429876013722723
43425979,0.2528038999107454
43425980,0.3971521882950541
43425981,0.20143044520139272
43419937,0.5581097805495228
43419938,0.6313935777908377
43419939,0.5438022814738815
43419940,0.3960851819823005
43419941,0.22869395242759014
43419942,0.9562420335358487
43419943,0.46027290678320565
43428062,0.2307530536362101
43428063,0.41212609510081955
43428064,0.3980626879959763
43428065,1.522109926158343
43428066,1.0938470283545014
43428067,0.26423350411446983
43428068,1.7244951631157726
43428069,0.44558541709513183
43428071,0.21268352921957903
36955532,0.4886358717050601
36955533,0.3839272092836641
36955534,0.2592188962247229
36955535,0.4532016165802579
36955536,0.39580327787137703
36955537,0.47851076672808085
36955538,1.1695632677278818
36955539,0.2888433833289984
36955540,0.26519869905225124
36955541,0.3927614430278272
36967955,0.22274345200550089
36967956,0.25684433830792097
36967960,0.21348081354812176
36967961,0.4021677778792889
36967962,0.20178788985562165
36967963,0.18661849130233446
36967964,0.19793604016264027
36966285,0.14289155638803944
36966286,0.5059220447725462
36966287,0.18585029542939732
36966288,0.10379672841281135
36966289,0.18220770364640118
36966290,0.07725695277224655
36966291,0.34251166558162793
36996206,0.16804914612805755
36996208,0.2818297334418002
36996209,0.26845214761411956
36996210,0.16301084678030617
36996211,0.2751120469198826
36996212,0.3551810690511698
36996213,0.37234493480204306
36996214,0.754212898025266
36996215,0.20980335469446448
36992595,0.4975393317301606
36992596,0.5782079530341628
36992597,0.1857065765889064
36992598,0.11276943695460984
36992599,0.0939437405711252
36992600,0.5591703129950808
36992601,0.12357340117510215
36992602,0.28899366581022673
36992603,0.5119999672970356
36992604,1.2422195640574516
36998433,0.266354218009606
36998435,0.187787906649136
36998436,0.2398032710916466
36998437,0.3321019014696158
36998438,0.23116333953731136
36998439,0.12836532447211435
36998440,0.3907208960271779
36998441,0.8479209086335858
43429585,0.4277978159217426
43429586,0.21305462653577897
43429587,0.3112300221657953
43429588,0.18259713209261724
43429589,0.3087980359795015
43429590,0.24607651001685016
43429591,0.3799991283802079
43429592,0.5342449128975421
43429593,0.2808104157611195
43422021,0.31305339721677444
43422022,0.27914633668890837
43422023,0.1467477067330896
43422024,0.3762117766031337
43422025,1.0467565448343448
43422026,0.5555975178320205
43422027,1.2538239915288822
43422028,0.6477562241788806
43422029,0.5179546423421484
43422030,0.38091355395998755
36994628,0.3471651949730562
36994629,1.7332710942946383
36994630,0.24817049607722114
36994631,0.6286326798632725
36994632,0.3711106690439743
36994633,0.144676646839405
36994634,0.1319792166855447
36994635,0.22418891219726655
36994636,0.09358657212910772
36994637,0.30795551439858543
43429017,0.3489496370553734
43429018,0.546087869965707
43429019,0.2756556872428785
43429020,0.4538105016032648
43429021,0.2718183417714405
43429022,0.15716541284449623
43429023,0.5023696515049518
43429024,0.34787277556267593
36960340,1.011116975246031
36960341,0.35461099726491846
36960342,0.07751357524536168
36960343,0.36052257533222826
36960344,0.10568566130627373
36960345,0.14778700643051604
36960346,0.26387157667985545
36960347,0.5407848636708728
36980333,0.19302671443153355
36980334,0.10743184616288959
36980335,0.09792484451084328
36980336,0.30598142300243436
36980337,0.12099538540262297
36980338,0.9341264104655446
36980339,0.0826366513376542
36980340,0.09401225903199896
36980341,0.09344745790566034
36980342,0.06713516024616879
36992007,0.19270229128761707
36992008,0.19328818308208823
36992009,0.3695207626003709
36992010,0.5888024655576536
36992011,0.2554872681883703
36992012,0.475874623835811
36992013,0.7071039865621548
36992014,0.19779813993834752
36986004,0.09567295035989484
36986005,0.10904408304155287
36986006,0.12455411957758572
36986007,0.13183239421697654
36986008,0.09173109662177903
36986009,0.08776666846027886
36986010,0.0990940278300718
36986011,0.08727088313110558
36986012,0.12278366996007851
36986013,0.07511182395154807
43430253,0.13552187341712274
43430254,0.17931711624363608
43430255,0.11184021102001301
43430256,0.15720005472012666
43430257,0.3822199880879557
43430258,0.12940018193870612
43430259,0.1081524452386871
43430260,0.08586963585344615
43430261,0.07441988329052995
36996541,0.048635962417304834
36996542,0.37512140784209425
36996543,0.1093406125984291
36996544,0.05236667880720542
36996545,0.05358797161503946
36996546,0.1029065037416419
36996547,0.10216261293330407
36996548,0.08405835265317996
36996549,0.05804664091965582
36958011,0.2607246740794506
36958012,0.41808377903244415
36958013,0.5083062277954576
36958015,0.4997647896242557
36958016,0.29178773896608345
36958017,0.3190851511426903
36958018,0.30355538324733133
36958019,0.27167639470564187
36958020,0.2954124662722588
36970212,0.18938303606041487
36970213,0.1748996655733986
36970214,0.13433615699725499
36970215,0.05768823052895519
36970217,0.113748255359451
36970219,0.06673495724116651
36970220,0.07805288635116378
36970221,0.07015463571653703
36966431,0.1178060731059512
36966432,0.1247202682836916
36966433,0.1488826625885396
36966434,0.08724956897467101
36966435,0.1280558240157774
36966436,0.880683035540549
36966437,0.15828940762979582
36966438,0.11130173502407587
36966439,0.3732518901343465
36972108,0.94060378906466
36972109,1.015826179430048
36972110,0.15012444091282431
36972111,0.5344361177630628
36972112,0.07204666640892926
36972113,0.897216525007047
36972114,0.07685172665025983
36972115,0.9899282386289325
37015514,0.46659833737458156
37015515,0.2245396824569983
37015516,1.689040913277248
37015517,0.7195844425752951
37015518,1.2118454685795612
37015519,0.31856366893718036
37015520,1.3698425893031214
37015521,0.6410650151464272
37015522,0.5652443000319477
36969358,0.18267171071172666
36969359,0.3813704614655589
36969360,0.20013278842029025
36969361,0.1317062328351333
36969362,0.19838404294444692
36969363,0.42901880403931925
37022562,0.5063089273114602
37022563,0.5415537233236483
37022564,0.7637175967167945
37022565,0.511231861001763
37022568,0.2030979347193705
36972227,0.07692735947337309
36972229,0.07399631813005025
36972230,0.07043032363340128
36972231,0.0741189525654493
36972232,0.08276187343949176
36972233,0.07282667508356368
43428131,0.28515784927624876
43428132,1.0848064852856825
43428133,0.31862349528510947
43428134,0.14190585956150453
43428136,0.3187716622449253
43428137,0.24202097968965333
43428138,0.22150680371492248
43428140,0.6945102902734199
43427158,0.6688146824017055
43427159,0.41573617175416405
43427161,0.2716872725489872
43427163,0.13789050383567777
43427164,0.6134303296187325
43427165,0.39707358076305277
43427166,0.36650508114773334
43422241,0.05524234669883631
43422242,0.09552101837569485
43422243,0.1506107033532829
43422244,0.14510417393497727
43422245,0.14244993583777252
43422246,0.06254490752784644
43422247,0.08245223846867625
43422249,0.05517836854253111
36979094,1.0845680125038064
36979095,0.8703126863193403
36979096,0.08159943163184408
36979097,0.38351138507389565
36979098,0.08901360776663078
36979099,0.23082727813354398
36979100,0.5346548513815976
36979101,0.100932253313074
36979102,0.2965910935422502
36979582,0.2698043603847323
36979583,0.41649103328208
36979584,0.23037465792879183
36979585,0.29106860878187457
36979586,0.2942477138320765
36979587,0.29235123082249515
36979588,0.24216473431744703
36970167,0.8797004138416393
36970168,0.7276793188375774
36970169,0.15521988584565172
36970170,0.16389372978556263
36970171,0.1598276174910057
36970172,0.07286918265328805
36970173,0.0632745793884174
36970174,0.1321763211638741
36970175,0.09679735588864943
36970176,0.3241133139932906
36964073,0.2018636962764366
36964074,0.3375736754544142
36964075,0.25388294479660317
36964076,0.46140314526227527
36964077,0.24929244059945135
36964078,0.24837074572594764
36964079,0.23711833173505406
36964080,0.2223733739000037
36964081,0.26010029679202357
36964082,0.382317355039171
36983925,0.29962971797100446
36983926,0.3602315566937662
36983927,0.26037961580056657
36983928,0.17614312126881965
36983929,0.46392368008490037
36983930,0.32687679627714344
36983931,0.32684963345025536
36983932,0.27609392920231524
36983933,0.2815534644246095
43420842,0.24555497131193335
43420843,0.12107433766436904
43420844,0.2544571952032364
43420845,0.22920531789168344
43420847,0.25925311723511824
43420848,0.239883243218193
43420849,0.22657624146673183
43420850,0.5098527317342086
43420851,0.27953244661930227
36977243,0.1582225431198649
36977244,0.5128503812120648
36977245,0.34157846410536236
36977246,0.4295642393798588
36977247,0.31027128471104554
36977248,0.37252995565853436
36977249,0.5005822630191996
36977250,0.22766393127884949
36977251,0.18756017277193798
36977252,0.42598859785104803
36983868,0.3313966784654891
36983869,0.38435073582984935
36983870,0.3622046797641289
36983871,0.27377897946514074
36983872,0.6142540714928546
36983874,0.6502032844027285
36983875,0.3998667506459855
36983876,0.5277138902401889
36983877,0.3988245132605955
36996754,0.39391290546302027
36996755,1.3700888841409211
36996756,0.4429980096284143
36996757,0.2254743293683937
36996758,0.5810293446089396
36996759,0.6076006305722834
36996761,0.3795896126842565
36996763,0.14742343279885647
36990908,0.1329124116505254
36990909,0.20825621976496234
36990910,0.15477955031126034
36990911,0.2026809602378506
36990912,0.1460330205932862
36990913,0.1378392646596089
36990915,0.1968699836118519
36990916,0.13219968406760732
43423271,0.7457043909733241
43423273,0.41862612352017137
43423275,0.2783735436533827
43423277,0.2595476686758634
43423278,0.2691010558153251
43423279,0.27153190586753057
43430723,0.1228518827809964
43430724,0.40116020681796444
43430725,0.2401603105647899
43430726,0.45405399913304945
43430727,0.16276696339264454
43430728,0.18057167956047548
43430729,0.1412508949662984
43430730,0.16181959061605572
43422476,0.1106962710981796
43422477,0.16735096384525563
43422479,0.3601553626223061
43422480,0.12302483547934608
43422481,0.46066812175843624
43422482,0.16714299808819394
43422483,0.1354643533661918
43422484,0.12531601180573188
36968435,0.06738446469825762
36968436,0.10288122933745095
36968438,0.11071959356971729
36968439,0.1017105785368648
36968440,0.1515841203265607
36968441,0.14278176909136092
36959445,0.3176025401024754
36959446,0.11949353481894356
36959447,0.17973984412651173
36959448,0.23195339923742947
36959450,0.1416701853213564
36959451,0.5191187657496142
36959453,0.20740845218791018
36959454,0.147080225574416
37013714,0.20267808135827656
37013717,0.16636552526336043
37013719,0.17026382071028753
37013720,0.1647009782157316
37013722,0.17403862255931982
37009302,0.17919153587914954
37009303,0.1831331205073495
37009304,0.18699450646560625
37009305,0.1702364598395524
37009306,0.14924308859892815
37009308,0.14506646826673605
36962213,0.5060697123278347
36962214,0.22816510068600523
36962215,0.9747862810103327
36962216,0.17089566225430786
36962217,0.11730204411111257
36962218,0.33611046396017424
36962219,0.3491206827758068
36962220,0.6692880673321628
36962221,0.4251679792502559
43432777,0.4425095476206753
43432778,0.40550016980599785
43432779,0.6029172869241806
43432780,0.4549160827177001
43432781,0.37985978517759517
43432782,0.5647576583211205
43432783,2.194097280665817
43432784,0.7792638911045423
43432785,0.22788599612118654
43428942,0.06588855082391197
43428943,0.16812645303193746
43428944,0.2727138091520451
43428945,0.5120464020474842
43428946,0.3279811655869519
43428947,0.9749777338015357
43428948,0.14042722583789266
43428949,0.20216698524434693
36986477,0.23161469866084716
36986478,0.09679529652879762
36986479,0.37896690577272096
36986480,0.1063462417861117
36986481,0.5703857650021519
36986482,0.33056098733377987
36986483,0.357919951139748
36986484,0.2274203058549128
36985887,0.24499156906014366
36985888,0.12272414810060608
36985889,0.17661346755139698
36985890,0.18049020610796793
36985891,0.20350241295897786
36985892,0.23049579918088248
36985893,0.27420385684730425
36985894,0.16671941055237902
36985895,0.10932044808541137
36985896,0.2145934927001434
43422179,0.10777964872443943
43422180,0.12895064819580035
43422181,0.15202047888869624
43422182,0.1651670621572343
43422183,0.2058514924543239
43422184,0.2819475831126695
43422185,0.13927781881905527
43422186,0.2910891705169832
43428258,0.10456897195559395
43428259,0.30383767049697125
43428260,0.3857005431686078
43428261,0.33238296559125063
43428262,0.2022746149984327
43428263,0.28295219112968867
43428264,0.24488080802650816
43428265,0.09254706007721013
43428266,0.21746407297564735
43428267,0.16916485545710472
43431986,0.3280488607669015
43431987,0.046934096642179735
43431988,0.16388906647094198
43431989,0.1222213059152916
43431990,0.3092568533478642
43431991,0.5451175721295223
43431992,0.2503963300105212
43431993,0.37296211898105286
43431994,0.18776441308594843
43431995,0.6745149360368213
36969617,0.45035462573392887
36969618,0.16796185343442505
36969619,0.5792194292244688
36969620,0.1257324690711408
36969621,0.12897375721255797
36969622,0.4179997103854513
36969623,0.18959104712196428
36969624,0.21705378975079165
36969625,0.1606770694251116
36969626,0.34175834451960063
36963911,0.44118678268029
36963912,0.19670104106068975
36963913,0.2441308143076002
36963914,0.17344664897529832
36963915,0.20794476772723375
36963916,0.09960103970999223
36963917,0.13150247779641963
36963918,0.16988617304637182
36981617,0.08160251616333801
36981618,0.18342814369888105
36981619,0.08076123213482753
36981620,0.0901110847420149
36981621,0.15401351102985067
36981622,0.1672767637961788
36981623,0.09524249737074154
36981624,0.12934426686186545
36981625,0.14166498200374575
36981626,0.06499868366626904
36965957,0.485036328728819
36965958,0.3187601402645637
36965959,0.10353818022105486
36965960,0.32158721501155596
36965961,0.09044179724361026
36965962,0.0957706346434694
36965963,0.6251505181955426
36965964,0.26859477204256216
36965965,0.21538147574421088
36958280,0.25343588675253836
36958281,0.10110554131397663
36958282,0.23824519088209797
36958284,0.31062172534441834
36958285,0.2244318898967524
36958286,0.08716786038290518
36958287,0.16382270011612632
36958288,0.16531048310164884
43421126,0.30298094316540986
43421127,0.19986645402961925
43421128,0.7521773660613575
43421129,0.3659876160764785
43421130,0.16023616671276658
43421131,0.11154546593795658
43421132,0.1758810663592844
43421133,0.22822623664076291
43421134,0.18457744402474086
36996841,0.1680554752384529
36996842,0.09245232355399398
36996843,0.39503266140626864
36996844,0.4800608108506518
36996846,0.42679136063435996
36996847,0.4428153063536894
36996848,0.09533113900943585
36996849,0.5360184088979727
36996850,0.49118622730939704
43430856,0.15791504027364608
43430857,0.6398054764129574
43430858,0.7085028353947749
43430859,0.4669955368932959
43430860,0.7807089212027905
43430861,0.9449593382607477
43430862,0.24636719656937012
43430863,0.5791469370043867
43430864,0.823163888118749
43427756,0.3509301083593965
43427757,0.13538841100474666
43427758,0.17379894060647175
43427759,0.520016488640665
43427760,0.2734310663373642
43427761,0.26993825413368855
36973401,0.3948237483023178
36973402,0.44541943740701034
36973403,0.19474506370082387
36973404,0.23165434976054233
36973405,0.5619355557576732
36973406,0.30450642351457546
36973407,0.1818866177037985
36967358,0.2806261947642896
36967359,0.6103706367254671
36967360,0.3227718108110123
36967361,0.24418063642875687
36967362,0.12873107324306343
36967363,0.7425536366336148
36967364,0.8827558518847083
36967365,0.49614425079133145
36996449,0.16027847052432354
36996450,0.17384470766420684
36996451,0.512529962955542
36996452,0.5275376222152826
36996453,0.3499551884207934
36996454,0.4939852535659751
36996455,0.27262082667280035
36996456,0.1932431335763569
36996457,0.6431851039772467
36982052,0.3489896007429159
36982053,0.15691054565896562
36982054,1.147401717090167
36982055,0.15267347519868749
36982056,0.3286483560446498
36982057,0.17498071706938328
37008886,0.10253000340552375
37008887,0.1627810635971979
37008888,0.1517487514203906
37008889,0.07538216010637144
37008890,0.8514117991229857
37008891,0.46801600582635644
37008892,0.6306251373633442
37008893,0.07968930455924712
37014391,1.8489758257192708
37014392,0.748024303177638
37014393,0.3883053180585839
37014394,0.4490941263492035
37014395,0.32155333231089456
37014396,0.25131365285133395
37014397,0.45155247601549364
37014398,0.700551962200048
37014399,0.798355524474345
37012717,0.38095680404294946
37012718,1.5748814074448028
37012720,0.16370853671167215
37012721,1.362662936988424
37012722,1.0713192986523639
37012724,0.30026850462825405
37012726,0.2939906153608202
37009759,0.1553097092418762
37009760,0.16186775793499825
37009761,0.19587514132659326
37009762,0.27761151383544896
37009763,0.1371628012114441
37009764,0.2376627855568612
37009765,0.19797319769758587
37009766,0.17015231240333056
37009767,0.19685522265420485
37006601,0.18067527702616218
37006602,0.7121400922801012
37006603,0.1514698926288956
37006604,0.5082139679580553
37006605,0.121077138078055
37006606,0.19158273263511036
37006607,0.22335217476159347
37006608,1.013749891712389
36994286,0.7775047654961045
36994287,0.32906494610529624
36994288,0.11304592767934327
36994289,0.09348808548742689
36994290,0.5446385752089142
36994291,0.24490073891780545
36994292,0.4688006408416233
36994293,0.3069219846044943
36994294,0.04855696771117799
43423417,0.39620350224423617
43423418,2.1160204742563127
43423419,0.8810926429387347
43423420,0.3481815409223521
43423421,0.28824899822952904
43423422,0.39489599432997957
43423423,1.3933921623798506
43423424,0.3370532916083562
43423425,0.5120921715930686
43430790,0.5933210979330945
43430791,0.3740346394019622
43430792,0.33791132835451926
43430793,0.41442208071349457
43430794,0.3037039289747138
43430795,0.4671993486438659
43430796,0.31756151860968596
43430797,0.439285074232376
43430798,0.5589175536693419
43430799,0.42117195420133774
36993330,0.23220799408594595
36993331,0.35709750555946307
36993332,0.19725728641001994
36993333,0.5313753317157778
36993334,0.22828443337330687
36993335,0.24602468941561847
36993336,0.211131437245233
36993337,0.23039247672166321
36976169,0.18444337621786935
36976170,0.08029215005303375
36976171,0.08152375010429679
36976172,1.4753666989044685
36976173,0.08281465282377871
36976174,0.1172140110704228
36976176,0.1217485053421676
36976177,0.5085690588839578
43424855,0.16506991796959242
43424856,0.16039438123685867
43424857,1.2077985238566586
43424859,0.40083031362805327
43424860,0.2359123193470246
43424862,0.1401274856393171
43424863,0.2900240131805691
43424864,0.2495368636317937
37021239,0.10736626548438231
37021240,0.25432193502749517
37021241,0.06811170156172748
37021242,0.09502464336585739
37021243,0.05286740652496707
37021244,0.09182576452065504
36965363,0.5184836198045962
36965364,0.12173198279232642
36965367,0.10143811306742115
36965370,0.13588751168534074
36965371,0.17613212959083077
36965372,0.23676486336353703
37018786,1.6881485624075894
37018787,0.21355553002082472
37018788,0.4897056845224131
37018789,0.1992453176106563
37018790,0.14338189828630032
37018791,0.1561326401484935
37018792,1.9749117515013268
37018793,1.8698722412095463
37018794,0.2931616277729154
36996991,0.07755712651455778
36996993,0.06308681781906088
36996994,0.060148810271975946
36960549,0.175999832235081
36960550,0.08293651804695197
36960551,0.15369852578375554
36960552,0.3065252471633598
36960553,0.19333833860416574
36960554,0.09923891913121421
36960555,0.10248336035639773
36960556,0.08579887824848721
36960557,0.08950990202073525
36959764,0.11041181703726827
36959765,0.13062932953009573
36959766,0.24914290509335932
36959767,0.1465317544457817
36959768,0.5455499254650983
36959769,0.5123048140825849
36959770,0.15172091370088958
36959771,0.09654486895583832
36969272,0.0650895949418619
36969273,0.25787318541308923
36969274,0.04050326957334219
36969275,0.23849482042060122
36969276,0.09335603728770636
36969277,0.06655858759765229
36969278,0.04670163621092146
36961003,0.1799651484287788
36961004,0.0625060401101407
36961005,0.08449838511264371
36961006,0.10127114600093821
36961007,0.28871747846148416
36961008,0.13145945879735996
36961009,0.1118404832128027
36961010,0.06778702647300416
36961011,0.05876866538311637
43422692,0.1530535097250384
43422693,0.06752790711893757
43422694,0.06346260893004087
43422695,0.13437320693320698
43422696,0.07872769747280618
43422697,0.0999905836202533
43422698,0.30115098059319756
43422700,0.07293386175226124
43428631,0.42596183823688644
43428632,0.06513561817946693
43428634,0.06258785015939004
43428636,0.21401752717033012
43428637,0.05428227859330786
36981982,0.3369763215420911
36981983,0.04397497918330204
36981984,0.3535121938178141
36981985,0.24149938275699237
36981986,0.10546205622924973
36981987,0.04434337620477676
36981989,0.3235641813983966
36981990,0.11921323046398404
36981991,0.5290247453504384
36967780,0.20732115112531982
36967781,0.07352942621565334
36967783,0.14696424732604885
36967784,0.08302082098917427
36967786,0.06677457829638393
36967787,0.07477924042917895
36967788,0.05811856892974259
36997497,0.3748204397780281
36997499,0.1084810539013569
36997500,1.1082739819377694
36997501,0.12254793263282954
36997503,0.2908995933620175
36997504,0.14471025273669613
36997505,0.21446618899970163
36997506,0.24629637587147057
36984679,0.14680211678749905
36984680,0.3615683073820325
36984681,0.13900856640966433
36984682,0.1071342915643587
36984683,0.23090178160606686
36984684,0.13677889248233469
36984685,0.5639700712308952
36984686,0.11552396700901489
36984687,0.3289423808106672
43431063,0.1712169924159886
43431064,0.21076970976549778
43431065,0.20548006187246667
43431066,0.23352844543876206
43431067,0.14575500810543587
43431068,0.23189152621064496
43431069,0.17612883249018357
43431070,0.19764912768741974
36975799,0.20904106394700184
36975800,0.1821081910666449
36975802,0.14908402438384308
36975803,0.2074296604686259
36975805,0.2520077147855611
36975806,0.25152238134128785
36985091,0.1817879245340047
36985092,0.21777618505234161
36985093,0.2396234114153876
36985094,0.14029820990948413
36985095,0.13220279064279059
36985096,0.7798183180043973
36985097,0.33756553820078883
36985098,0.26626750122202203
36985099,1.0841702515750005
36974954,0.15904804994460006
36974956,0.4033055473370907
36974957,0.4618575389359623
36959819,0.43535455787647265
36959820,0.8401295918239282
36959821,0.22610152572628398
36959822,0.40846139070070553
36959823,0.3288496972021785
36959824,0.2007597475473808
36959825,0.3705464799214356
36959827,0.2018374944836733
36959828,0.41693997394824367
37010933,0.2782267066288753
37010934,0.2152678070477573
37010935,0.22905472745677635
37010936,0.16939397402607603
43426535,0.37798491681210933
43426536,0.3819017942719742
43426537,0.4601042503387802
43426538,0.34820615102037733
43426539,0.36051882429536264
43426540,0.5833411807784272
43426541,0.37668778297944017
43426542,0.7363863459761235
43426543,0.307261266063087
43426544,0.42116336990221614
36978253,0.11337880167589762
36978254,0.16757226220915836
36978255,0.14698803499640958
36978256,0.2063952987346594
36978257,0.16591190296428335
36978258,0.12832804144481605
36978259,0.19505970235870182
36978260,0.2524599154267947
43428647,0.9113249603091466
43428648,0.40745725777186714
43428649,1.118019962737539
43428650,0.5026211938787913
43428651,0.452269553281717
43428652,0.4027303361633766
43428653,0.44575388606829164
43428654,0.9223182021015168
43428655,0.377828970263135
43428656,0.6342559797888062
37008732,0.09030792706793733
37008733,0.2851014294696443
37008734,0.40928937648437286
37008735,0.2567025369686407
37008736,0.0778913965268665
37008737,0.08359654751491494
37008738,0.1379628050535224
37008739,0.10103214513826925
36992733,0.8096158689907618
36992734,0.12590946384485815
36992736,0.36526982153321075
36992737,0.1440420789589143
36992739,0.1930052851094962
36992740,0.09737698282572745
36992741,0.4026879919577372
36992742,0.13931852633574415
36976116,0.1675932314981617
36976117,0.2903276333471055
36976119,0.5041464723536713
36976120,0.38980528571899703
36976121,0.2379095608010373
36976122,0.26850821352623816
36976123,0.23721913180483092
43421895,0.13591598129060892
43421896,0.11353461003666498
43421897,0.11883590502702109
43421898,0.20407550344586456
43421899,0.07971358158693842
43421900,0.10558075092941317
43421901,0.05800999320244243
43421902,0.07420270769754186
43421903,0.11817304932914456
43430696,0.5683724812160167
43430697,0.192970222892197
43430698,0.17641888706211886
43430699,0.5653867884907474
43430700,0.40701599653677983
43430701,0.1591700661745517
43430702,0.1422587494195421
43430703,0.44433919213978146
43430704,0.164846567172887
43430705,0.17815905944112437
43423745,0.06098820742240035
43423746,0.17509434769432705
43423747,0.07718062299954392
43423748,0.1302435995914606
43423749,0.11281389385826492
43423750,0.18121885400676754
43423751,0.08420001104558578
43423752,0.07814912707151576
36973829,0.05837077101011495
36973830,0.06303701070454698
36973831,0.024292773224541486
36973832,0.616106342340648
36973833,0.058669214925564296
36973834,0.03294401311577206
36973835,0.043562199823796464
36973444,0.08771202630637596
36973445,0.07889727677519388
36973446,0.06053327419737132
36973447,0.7334646213034776
36973448,0.035826377174188344
36973449,0.04231366708658746
36973450,0.030832109084782896
36973451,0.06911234228796843
36973452,0.0287828042753378
36973453,0.046058396161997986
36973491,0.919311419344167
36973492,0.02605715214640816
36973493,0.07499113259271768
36973494,0.0591929363623346
36973495,0.02978376534737484
36973496,0.027727081471850604
36973497,0.059042625410880074
36973498,0.13687336591912233
36973499,0.035316587660556696
36973500,0.04190336869526903
36980120,0.09414826741827227
36980123,0.15618857866069713
36980125,0.524483341425512
36980128,0.20552597875582457
36980129,0.17024651586773407
36977544,0.26809465725536374
36977545,0.12964377622679207
36977546,0.0830740863103671
36977547,0.10385454957635307
36977548,0.7853454663695781
36977549,0.15404850866481007
36977550,0.29537706038389683
36977551,0.09068840016027294
36977552,0.09921246845120538
36977553,0.9486531162333013
43432911,1.0481452313562687
43432912,0.33620225947564486
43432913,0.4733724055705861
43432914,0.13056994190418778
43432915,0.17917688393413722
43432916,1.0455030206784026
43432917,0.4915571867637601
43432918,1.2564945439198778
43432919,0.33604560142880885
43432920,0.5139412603001243
36986659,0.2785970109138222
36986660,0.15503142453363863
36986661,0.19819554870776632
36986662,0.6459000563853032
36986663,0.18105628948289965
36986664,1.2710797511266718
36986665,0.6512094393981199
36986666,1.3583992130400409
36986668,0.318705566688635
36965427,0.2877632164319683
36965428,0.8332443541292789
36965429,0.3853680327499524
36965430,0.6254549330862712
36965431,0.5144383047314126
36965432,0.39811974257480504
36965433,0.22255230478349203
36965434,0.38193206550297804
36965435,0.3269379721648748
36965436,0.43388358590782616
36977941,0.25925798435994385
36977943,0.17911587749190488
36977944,0.1178692121108777
36977945,0.19027171702970105
36977946,0.20638919956703747
36977947,0.12501069030628326
36977948,0.26721986760630734
36977949,0.2781443797553487
36977950,0.15635870900739962
36985630,0.1824103406927066
36985631,0.2593600351112863
36985632,0.4421988052845594
36985633,0.37652729766534515
36985634,0.3234455268811775
36985635,0.21245935381526343
36985636,0.24027681059270736
36985637,0.12538849730401158
36999212,0.14711931854698673
36999213,0.5420853021654363
36999214,0.34625652327010725
36999215,0.3810398142893644
36999216,0.21576402512771717
43426837,0.31939619291669963
43426838,0.46295359676222625
43426839,0.09523356517472895
43426840,0.5862019454275116
43426841,0.16135347877907993
43426842,0.3894491648025462
43426843,0.11603534671294294
43419238,0.21187649027258382
43419239,0.26470688367833506
43419240,0.9355433931761199
43419241,0.13026537860489482
43419242,0.21209807242444173
43419243,0.24928173930094688
43419244,0.3746024451293269
43419245,0.12311771303123596
43419246,0.18818027626702494
36966790,0.28262051691010653
36966791,0.7608722992789456
36966792,0.17919937350679588
36966793,0.2601278397228869
36966794,0.149292937656278
36966795,0.17292368467115352
36966796,0.18477692678131583
36966797,0.3186680021728193
43426070,0.27308569413843176
43426072,0.2320042332108516
43426073,0.2501062525328159
43426074,1.5587620669626452
43426075,2.3850664906152006
43426076,1.0670547312352572
43426077,0.5351463559747344
36978617,0.3131110884858462
36978618,0.11651342844564017
36978619,0.06590829110185065
36978620,0.08483122999288085
36978621,0.07952420684985732
36978622,0.07126071066833203
36978623,0.7527127814477145
36978624,0.15548427569630444
36978625,0.17571458888634764
36978626,0.9186602887381411
36960212,0.14545120580436555
36960213,0.20072571272373316
36960214,0.21665390842899945
36960215,1.097760254756326
36960216,0.16526199442818895
36960217,0.13573670592708129
36960218,0.2329311667057889
36960219,0.10190271436545614
36960220,0.18434184320105562
36995961,0.12320521052497387
36995962,0.11101219495278979
36995963,0.17281505619491125
36995964,0.15548042486399355
36995965,0.12045672329586532
36995966,0.19773854818221506
36995967,0.5546259139089366
36995968,0.1531921750475027
36995969,0.40236241797323646
36995970,0.19593891087595672
43433052,0.4739888199647236
43433054,0.5200674922140672
43433055,0.6284615386151029
43433056,1.1982031967516011
43433057,0.256484273629066
43433058,0.6400768841587998
43433059,0.9093450479022204
43433060,0.5232820604962523
37010313,0.06597938420155916
37010314,0.06513615122458344
37010315,0.2975660056372547
37010316,0.8307896553725538
37010317,0.24674982348629115
37010318,0.36152535230427435
37010319,0.06666644213194708
37010320,0.2823491243978889
37010321,0.06546681458552722
37010322,0.10559332666577176
37009832,0.07853851202797281
37009833,0.08301609432902826
37009834,0.11096122857449714
37009835,0.07690013591707319
37009836,0.07200176250150765
37009837,0.11190138630894798
37009838,0.08294544963682542
37009839,0.08637170632361338
37009840,0.498871720259572
37009841,0.08821160171425343
43431177,0.6007866862127104
43431178,0.2552268261575427
43431179,0.7068883223784628
43431180,0.13568867809346488
43431181,0.16103496760949518
43431182,0.19515649895425155
43431183,0.23982111912777013
43431185,0.10616487215751243
43431186,0.3243700543972739
36987511,0.6620139636058575
36987512,0.2672494119780105
36987513,0.584431128003571
36987514,0.29394818821807583
36987515,0.3341199909728719
36987516,0.3099749587534102
36987517,0.414452649594286
36987518,0.2597253944116105
36987519,0.12715201953205368
36987520,0.3166369743034607
43426992,0.24911711713187412
43426995,0.24860431434044541
43426996,0.2802741280057314
43426997,0.6244855514723987
43427000,0.49476946239798525
43427001,0.36397336046379997
36966292,0.1237095342064932
36966293,0.1028037306715647
36966294,0.09731812554180841
36966295,0.11059861082868842
36966296,0.09048636546389655
36966297,0.0938782446482259
36966298,0.11047894534915363
36966299,0.11568798736962901
36966300,0.08101750646991969
36974482,0.10977158416202201
36974483,0.10950537763708057
36974484,0.20813406745039045
36974485,0.11848313983369596
36974486,0.1373646993712607
36974487,0.17929085890234928
36974488,0.12119414747700064
36974489,0.1321800808804681
36974490,0.11898187583795217
36974491,0.20111590788522044
36998384,2.127364925131059
36998385,0.3761744016735422
36998386,0.8818447671943274
36998387,0.8346983127217086
36998388,0.22598573703205557
36998389,1.5523354493107753
36998390,1.7918000616101055
36998391,0.16348836945017872
36998392,0.1376401060487229
36976209,0.04479921620602288
36976210,0.0820412542017455
36976211,0.5227589216934381
36976212,0.5753460341543462
36976213,0.7929018869995534
36976214,0.16636593449687828
36976215,0.46003510016941995
36976216,0.5519505725489419
36976217,0.11345873016664482
36992361,0.2209653248708617
36992362,0.09991213922356053
36992364,0.22131194353024683
36992365,0.05211819998451364
36992366,0.18378460849186928
36992368,0.24620911470719245
36992369,0.24767952526740042
36999290,0.13036022291650118
36999291,0.13397482215375883
36999292,0.14336405451230003
36999293,0.0817876382199491
36999294,0.1399238750928831
36999295,0.11839156196978044
36996919,0.17119689089235898
36996920,0.2117858798001386
36996921,0.14766964198605795
36996922,0.31203017933809113
36996923,0.15402683061793038
36996925,0.23764970246980258
36996927,0.12775295636243406
36976060,0.2598980848724315
36976061,0.13946537376590737
36976062,0.3031019158618525
36976063,0.08342652448494582
36976064,0.10763239733924113
36976065,0.18727196729018028
36976066,0.31326060309529175
36976067,0.05409920064536732
36957718,0.5503773627039772
36957719,1.3622144005140608
36957720,0.3003360720393901
36957721,1.1133154470180842
36957722,0.43173352377890956
36957723,0.22683545201907457
36957724,0.5781107109188367
36957725,0.6056151685927427
36957726,0.2498458577543978
36957727,0.15017101785234216
36986375,0.12325913870454527
36986376,0.6566741924601355
36986377,0.7498308620470087
36986378,0.4027839833053827
36986379,0.2762607364433405
36986380,0.32930804041553063
36986381,1.123667439498495
36986382,1.1429674516601591
36986383,0.1156343721016053
36986384,0.12638260510265067
43426854,0.11122375053515039
43426855,0.07798386080512978
43426856,0.5416675550620851
43426857,0.19470551219690188
43426858,0.0857227678413116
43426859,0.28176297926887633
43426860,0.09209241861299555
43426861,0.4091696870000046
43426862,0.17931736467715953
43426863,0.11543635751613472
43430401,0.2042397531167795
43430402,0.3529811520661947
43430403,0.37366322246900485
43430404,0.3855440781443953
43430405,0.27939480841184805
43430406,1.1121236173849693
43430407,0.2573335255642851
43430408,0.24409442034512524
43430409,0.17577143736809991
36991384,0.5105041066138623
36991385,0.6860331267047804
36991386,0.23969885551316367
36991387,0.18829613704578144
36991388,0.6957052566453267
36991389,0.18757629683498125
36991390,0.1852577034438751
36991391,0.2703792418560626
43420832,0.16634056811039818
43420833,0.17467862067848747
43420834,0.1910433841016201
43420835,0.2051288654087578
43420838,1.5022116882588572
43420839,0.24988802295363194
43420840,0.23853106683430467
43420841,1.5049074845577544
43425080,0.19405123753741638
43425081,0.15742507197729094
43425082,0.3864525440687787
43425083,0.2990866671704663
43425084,0.20327332873314652
43425085,0.20721241325376447
43425086,0.3930542797741886
43425087,0.1298081585212812
43425088,0.18181882207767458
43425089,0.15371953455993997
36956968,0.29453235597889954
36956969,0.9787261995168428
36956970,0.9918003008958277
36956971,0.7168160877725586
36956972,0.0939824257616227
36956973,0.8370807795462889
36956974,0.5071016421071161
36956975,0.5470939184355068
36956976,1.7493047240958333
43426003,0.3149337335138561
43426004,0.18978124451796843
43426005,0.2578341673530007
43426006,0.1652665993116621
43426007,0.16123254076391058
43426008,0.1487662151160526
43426009,0.18189139763225828
43426010,0.27182332052778113
43426011,0.1852818464031415
43426012,0.13306995704137106
43429715,0.1732199806163452
43429716,0.11934073991480601
43429717,0.17440469257250424
43429718,0.13734623665605425
43429719,0.1201556687926021
43429720,0.08534568507876031
43429721,0.2272111909134327
43429722,0.20813141537874003
36992854,0.8543196233481147
36992855,0.18660653322786205
36992856,0.21313011503166573
36992857,0.3068512760104007
36992858,0.8243231423175883
36992859,0.1278095553844318
36992860,0.4262972368875266
36992862,0.22079630817984364
37011920,0.09216561648251935
37011922,0.0936986592975681
36963659,1.1077853025471576
36963660,0.9271621463277213
36963661,0.24128400446640794
36963662,0.1990013030411039
36963663,0.8578709583817519
36963664,0.24883033037627023
36963665,0.7509164634922464
36963666,1.4534063679069575
36963667,0.20698488113124142
43431613,0.33234461218602673
43431614,0.6192671826913477
43431615,0.2124601233338006
43431616,0.1516833683556418
43431617,0.5867499414645073
43431618,0.5305245128653628
43431619,0.13590283880516724
43431620,0.11706406590464791
43431621,0.5398700264489176
43431622,0.31407094230358384
43421940,0.8146822893855645
43421941,0.6282018915331715
43421942,0.10710849545164111
43421943,0.9939736835721948
43421944,0.10598407726836699
43421945,0.7580824606946072
43421946,0.4348461501711623
43421947,0.36321680524659905
43421948,0.7895482210483181
43423981,0.4911076845379696
43423982,1.0975642551663758
43423983,0.6018320290007533
43423984,1.0863343948847934
43423985,0.7673552900225061
43423986,1.0516935724646526
43423987,0.5116786809163998
43423988,0.5620920285882567
43423989,1.2372507345072141
43423990,0.8652338278848151
36956869,0.18797397114705008
36956871,0.181629336892656
36956873,0.22394662508563068
36956874,0.1452056396280347
36956875,0.27842142138461173
36956877,0.15269829321479514
43423688,0.35967481562327325
43423689,0.3535620992812355
43423690,0.20155620153898846
43423691,0.706599974888396
43423692,0.29386337820718333
43423693,0.4560500017387998
43423694,0.4739831785604438
43423695,0.22377105745626658
43423696,0.4086299171687437
43423697,0.5212657141014255
36988964,0.12959181063785147
36988965,0.8382689685911175
36988966,0.24052424324086022
36988967,0.9921383669087651
36988968,0.18553406380497509
36988969,0.1473122066762733
36988970,0.16054429254467703
36988971,0.19074476057848302
36988972,0.1520287078916674
36988973,1.067730097750101
36996725,0.056676624704056114
36996726,0.502535233937046
36996727,0.22523863814735617
36996728,0.37472135998522166
36996729,0.31325136353801003
36996730,0.40133791874041114
36996731,1.0094429915935852
36996732,0.1447570320885441
36996733,0.0645070764262356
43426182,0.23768618306578412
43426183,0.8772855732284718
43426184,0.25447526870296283
43426185,0.343306397226492
43426186,0.3455964030089363
43426187,0.9632756517589475
43426188,1.5291785739705237
43426189,0.35736764267175497
43427357,0.277571134014236
43427358,0.29686616538458743
43427359,0.11642451312198314
43427360,0.9602144425563188
43427361,0.2737266667461986
43427362,0.19237072948804418
43427363,0.2712843426134844
43427364,0.21393716584081995
43427894,0.33704872396023117
43427895,1.4560150434452142
43427896,0.2945816468792202
43427897,0.20949124911963696
43427898,0.3610487927494948
43427899,0.40537922037555124
43427900,0.9653462204038129
43427901,0.2943380418408725
43427902,0.14917101278265368
43427903,0.23078860091468914
36961899,0.16183856674085853
36961900,0.10209382389222472
36961901,0.16877053704311876
36961902,0.2251289764001678
36961903,0.2707181546952585
36961904,0.13463127814106315
36961905,0.1196522194416808
36961906,0.2628915598445906
36995250,0.15434696686442298
36995251,0.11312637165312406
36995252,0.11259482331867338
36995253,0.12139773966793838
36995254,0.29829399054060785
36995255,0.17161112089283065
36995256,0.35328666016085847
36995257,0.21383712973583807
36995259,0.2069183426248602
36959112,0.14269063873176333
36959113,0.1132550820974276
36959114,0.11018035694038578
36959115,0.11474227943865162
36959116,0.25211012142535744
36959117,0.17622215855860418
36959118,0.19686351000561197
36959119,0.13223389088800122
36977592,0.08210101996597909
36977593,0.06768800152323287
36977594,0.11308191000443799
36977595,0.11034969871675603
36977596,0.06272893267376017
36977597,0.35141652806308094
36977598,0.07642394929362845
36977599,0.07877866074955037
36977600,0.45330516397474463
36979600,0.0713849008167805
36979601,1.1697871169245955
36979602,0.07752435921858389
36979603,0.13349097927602824
36979604,0.07373539387629315
36979605,0.13533029191553128
36979606,0.054447359903795664
36979607,0.07896670912673127
36979608,0.0935635920837465
36988896,0.12551141520780107
36988897,0.09492914878260014
36988898,0.1628888274236027
36988899,0.18499207051461924
36988900,0.058664994862578895
36988901,0.07043956127091427
36988904,0.5789076077018226
36988905,0.1620784912708923
43420528,0.06336510168296706
43420529,0.5360407194858732
43420530,0.09423825707033898
43420531,0.14699738605013637
43420532,0.0901974014443095
43420533,0.10714587178440069
43420534,0.1217932005738358
43420535,0.12720287676682057
36964834,0.23366566850732293
36964835,0.11603167756929059
36964836,0.9207517621686796
36964837,0.17264886724465575
36964838,0.6350461457064318
36964839,0.3991299726151889
36964840,0.19127814504311202
36964842,0.4637953642130456
36964843,0.3154528242651294
36997198,0.06964133059855826
36997200,0.07819817867351836
36997201,0.1562123378136587
36997203,0.1844388645029409
36980814,0.47851997492410625
36980815,0.02610182118518761
36980817,0.098369161046229
36980818,0.026758996086924506
36980819,0.023635495175389924
36980820,0.032112854928304846
36980821,0.026677018114616875
36980822,0.1203790182024849
36990152,0.18095606299806008
36990153,0.1937896624076397
36990154,0.32073522069356647
36990155,0.09909358865160763
36990157,0.4460924254404335
36990158,0.20145610793701557
36990159,0.09946518148838907
36990160,0.14576975181108232
36961928,0.06578794018383091
36961929,0.3721337071429909
36961930,0.2400327438198338
36961931,0.17422330447257106
36961932,0.18973664770893423
36961933,1.4086397175212746
36961934,0.2315725244253767
36961935,0.07254297907541915
36961936,0.07744087174050772
37006965,0.42793905821679296
37006966,0.15908789669923035
37006967,0.8351274212950398
37006968,0.7474785112811753
37006969,0.4170327134784035
37006970,0.5123834472223873
37006971,0.38894009256066553
37006972,0.42165920719167727
37006973,0.4266814199563255
36993831,0.11250425586351709
36993832,0.08631689110263091
36993833,0.19799457520024435
36993834,0.07941738385640851
36993836,0.11432132095052386
36993837,0.14805445286381622
36975032,0.4890571292659779
36975033,0.3626729678700223
36975034,1.9306446246268263
36975035,0.85092892355165
36975036,0.267982523751669
36975037,0.26110190006613476
36975038,0.23874816432179394
43424217,0.40460446594705596
43424218,0.21445168926533517
43424219,0.5025157994828009
43424220,0.4304086768231806
43424221,0.4706891312796191
43424222,0.7691890463751436
43424223,0.6546327440597184
43424224,0.41631356185610807
43424225,0.3167170984502999
36979312,0.33562853488778516
36979313,0.21658340217846553
36979314,0.4659818611204276
36979315,0.21115426713267427
36979316,0.176787691177512
36979317,0.23584405371518272
36979318,0.14878813981436134
36979320,0.18191577921645546
36979321,0.2655555769780431
36963104,0.08113047928111071
36963105,0.06413280568438769
36963106,0.07776559245837865
36963107,0.07866035252989617
36963108,0.070825373637082
36963109,0.3116628070865387
36963110,0.20133822470618704
36963111,0.12501303118365573
36958221,0.37000677276668653
36958222,0.15111760476986602
36958223,0.10386492034082608
36958224,0.43817330268849053
36958225,0.34544765364715607
36958226,0.1480259152725729
36958227,0.13102691071889264
36958228,0.2667371938296344
36958229,0.10236452675235491
36958230,0.10036888069686338
36977981,0.6027993862367074
36977982,0.23164524169485762
36977983,0.2301136186770122
36977984,0.1288014984286375
36977985,1.641761140597239
36977986,0.18387244185612928
36977987,0.7391645486813632
36977989,0.574793442311593
36977990,0.3309781014520366
36977017,0.47130240973032184
36977018,0.2959060487210819
36977019,0.05398807674124162
36977020,0.6104425744718508
36977021,0.2885246139693376
36977022,0.22683048310485895
36977023,0.12136733116619633
36993797,0.3266598903566367
36993800,0.12328357053308063
36993803,0.11824860659801739
36976031,0.3611868878166488
36976032,0.11920451031223714
36976033,0.30095321454640583
36976034,0.32426104592902144
36976036,0.11400677842318832
36976037,0.1319714869825003
36976039,0.37211409142467655
36976040,0.2089726343202862
36985325,1.4057539683410163
36985326,1.2694073166834245
36985327,0.28721806531322375
36985328,0.4957049348817461
36985329,0.9398256175839445
36985330,0.33622403586013444
36985331,0.3226244006606383
36985332,0.43668142616087097
36970985,0.08907634670568759
36970986,0.10783529438730588
36970987,0.06061480459878194
36970988,0.1259145659442559
36970989,0.12331352251176592
36970990,0.08640105646385354
36970991,0.10014201165783715
36970992,0.09461085891630812
36970993,0.09643160325823547
36970994,0.12619754447942902
43422884,0.5487269313650432
43422885,1.1734565207919458
43422886,0.3529108207429779
43422887,0.7205811946682268
43422888,0.4984183794629636
43422889,0.4581139530416676
43422890,0.5100524623555175
43422891,0.748860354921729
43422892,0.5856424696191148
43425732,0.5988517389637333
43425733,0.6639706591497593
43425734,0.4494869296421901
43425735,0.8147744048966024
43425736,0.58218415308766
43425737,0.5810580293584348
43425738,0.6972918072616565
43425739,0.4371392484095288
43425740,0.3149609771963078
43425741,0.5749817413764
43423753,0.16980634950797988
43423754,0.15859614113956155
43423756,0.32065847249964136
43423757,0.25059007169679826
43423758,0.36074176022875776
43423759,0.1579775809969436
43423760,0.1418910437845057
43428082,0.1871233696949083
43428083,0.5408745816064191
43428084,0.6335229786764752
43428085,0.21205180942009974
43428086,0.14302302464796504
43428087,0.2059513374262209
43428088,0.18777219288764116
43428089,0.18796136249370218
43428796,0.11410239665302907
43428797,0.13783033830938093
43428798,0.15674644430477022
43428799,0.12245039825468798
43428800,0.14171907564201242
43428801,0.17864451681143953
43428802,0.1730463805185392
43428803,0.19250744659722044
36986044,0.08360505445981327
36986045,0.09957912046763158
36986046,0.12165018504406887
36986047,0.09546905124261436
36986049,0.14757848299091297
36986050,0.1310655751459528
36986052,0.1131498042551236
37013401,0.059440691054303454
37013402,0.05326844743061141
37013403,0.05773815775455435
37013404,0.06236232996220773
37013405,0.0541646017633852
37013406,0.16916609161241328
37013407,0.05574153863451349
37013408,0.05826394521552808
36963641,0.14844022355369924
36963642,0.10118206879421135
36963643,0.1259775030316849
36963644,0.10708443548520796
36963645,0.12176692571539928
36963646,0.1018575701166307
36963647,0.0875194211302622
36963648,0.21326805283685074
36963649,0.6186866568293081
36967633,0.112345189158612
36967634,0.1874529997084346
36967635,0.10124109087092177
36967636,0.21633984589420577
36967637,0.13589155739941372
36967638,0.25340738868843005
36967639,0.540219955101648
36967640,0.16105420187940728
36992710,0.18095927397488837
36992711,1.0616627431261352
36992712,1.061427965940018
36992713,0.25379133564422346
36992714,0.23096306640932432
36992715,0.06337173478082778
36968114,0.7018673502115798
36968115,0.4388734025130569
36968116,0.23459680752314413
36968117,0.14128575287908465
36968118,0.2467741805067797
36968119,0.12219676841130094
36968121,0.34127278945606654
36968122,0.2334217269446401
36966725,0.06705720966080296
36966726,0.36477916292609863
36966727,0.3318923893267205
36966728,0.45453790021635715
36966729,0.42251402672245103
36966730,0.1358833538294965
36966731,0.7610999364309181
36966732,0.12048172664322516
36961049,0.1392636442473384
36961050,0.1382503070602402
36961051,0.09460605971629656
36961052,0.12359610699279529
36961053,0.0822871890981589
36961054,0.29878995514123696
36961055,0.16892323104240928
36961056,0.08446382872321216
36961057,0.24485744064301151
36966337,0.33918188600876703
36966338,0.1891694758643666
36966339,0.19008759230347164
36966340,0.10151369443645644
36966341,0.29716615535675667
36966342,0.3665153966875938
36966343,0.5782571246817134
36987307,0.05263012132362757
36987308,0.05290580255257899
36987309,0.05234062838891682
36987310,0.07735446973692704
36987311,0.12199713544099441
36987312,0.04136051824324513
36987313,0.061571366169663036
36987314,0.07708352166673543
36978863,0.2630883379553816
36978864,0.19950584220983036
36978865,0.31993770467536525
36978866,0.06500872711579474
36978867,0.09144844093457256
36978868,0.24402727664764265
36957177,0.1710000955481786
36957178,0.2568560426417925
36957179,0.2504843667975191
36957180,0.1465396752939256
36957181,0.16363502633746504
36957182,0.10668605683674513
36957183,0.09701157259378608
36957184,0.22040900759142826
36957185,0.18383864900603666
36957186,0.5024692465666544
36998318,0.19816565617477963
36998319,0.20056680933583954
36998320,1.1284039724330446
36998321,0.8738562346773605
36998322,0.23905397645857618
36998323,0.46736305734184835
36998324,0.35200433532516406
36998325,0.23515414218821895
36998326,0.37067141218644734
36998327,0.3608353615380301
36983580,0.691373589148946
36983581,0.24109343198930627
36983582,0.6793499340914537
36983583,0.33315921485937144
36983584,0.5119253758513593
36983585,0.6663722210014872
36983586,0.46863604615195376
36983587,0.14515982306392933
36983588,0.5626273894567139
36983589,0.1465315815708361
36955380,0.10973679111757159
36955381,0.1182105998225312
36955382,0.3004827846445591
36955383,0.1349184661365094
36955384,0.3822565428887709
36955385,0.31277880659197455
36955386,0.3341134459147868
36955387,0.1325248397800972
43420518,0.09983762352958249
43420519,0.1564737538112388
43420520,0.22180458094866357
43420521,0.1144974411869445
43420522,0.317519482253595
43420524,0.3744002655108885
43420525,0.1007466320427869
43420527,0.12241940672867385
43424333,0.4184872875399976
43424334,0.28262493963697344
43424335,0.12912354640408857
43424336,0.12830426414339607
43424337,0.15128159927356935
43424338,0.18913841992318767
43424339,0.22646114424099942
43424340,0.18384798335042649
43424342,0.16302455027331522
43422893,0.17398893362254417
43422894,0.6105429873786196
43422895,0.07453423810484158
43422896,0.3911656962599837
43422897,0.22164584912837473
43422898,0.11027138208794325
43422899,0.452063214020102
43422900,0.8643065745706762
43422901,0.102053897994794
43422902,0.22159932903711313
43421858,0.38943576131305396
43421859,0.09663282017433816
43421860,0.18218059274153903
43421861,0.3936578976843762
43421862,0.1222826691369719
43421863,0.24981815724223577
43421864,0.22037451954521264
43421865,0.26335706888475036
43421866,0.7271223802699566
43421867,0.15573491935508177
36967278,0.07167830586354765
36967279,0.05155249472078133
36967280,0.086668493325409
36967281,0.05150233948010328
36967282,0.10332719936073556
36967284,0.09885770167632944
36967285,0.09915731443215293
36967286,0.21790537397635562
36987679,0.09924425636496356
36987680,0.04988430350162602
36987684,1.761441502811075
36987685,0.13048553232429655
36987687,0.6672272371258542
36956712,0.13216493151324196
36956714,0.060828081511776474
36956715,0.08254534974436034
36956716,0.07319842677920113
36956717,0.32963457361414245
36956718,0.054380503628537705
36956719,0.17835527769541787
36956720,0.145291871033379
36962384,0.1417001869222322
36962385,0.14776841922588263
36962386,0.10855277179620926
36962387,0.19133826464197337
36962388,0.11491660279294909
36962389,0.12167315424686044
36962390,0.12894506439361533
36962391,0.1007309003838618
36962392,0.19050360042800307
36962393,0.2254669231984105
37017989,0.05900516193112362
37017991,0.10871653561154945
37017995,0.047171187276988276
37017997,0.08245689337096253
36959016,0.27825256500060863
36959017,0.07507366417229534
36959018,0.09599532157714911
36959019,0.19938896588419514
36959020,0.13801671351472813
36959021,0.0705536804591697
36959022,0.09478667038386122
36959023,0.08590797901914304
36959024,0.17213403249775686
36959025,0.17734266193137638
36968021,0.2007742220632549
36968022,0.7382165780562997
36968023,0.1439168250857949
36968025,0.47410027617434936
36968026,0.2357949233119173
36968027,0.30656293719510225
36965704,0.6813897040210598
36965705,0.23659003967985223
36965706,1.0817849464301559
36965707,0.18598777905373168
36965708,0.18284396064802977
36965709,0.24881356751377515
36965710,0.1343564606484445
36965711,0.8004005550063237
36965712,0.2457511630971539
36989246,0.039524750840092056
36989247,0.04456378459764172
36989248,0.04440234994683596
36989249,0.35841854230374937
36989250,0.03325800188206257
36989251,0.04002954661783354
36989252,0.2695800098271673
36989253,0.42960807007036256
36991328,0.09147218982909781
36991329,0.07334997242747651
36991330,0.10831307570173718
36991331,0.3728548252217286
36991332,0.0790891665678813
36991333,0.42832385267098994
36991334,0.043157092367324616
36991335,0.4055211584562173
36991336,0.058847180472782146
36992072,0.21366990045645576
36992073,0.4120279766235386
36992074,0.43341165509318924
36992075,1.1505766808992275
36992076,0.4172311285509004
36992077,0.15141305682287182
36992078,0.15160696933830273
36992079,0.2549391213626284
36992080,0.3321519070739024
36966539,0.09243031328600852
36966540,0.08590082831491
36966541,0.09720232073370111
36966542,0.08629186297957188
36966543,0.29141352109397417
36966545,0.1239266681466291
36966546,0.09392129557251411
36966547,0.08016251085157725
37017730,0.14958531686974277
37017731,0.12439288697256314
37017732,0.12786535575778837
37017733,0.12467074832381024
37017734,0.10487857449809046
37017737,0.17672267573711628
37017738,0.17394696080929753
37017739,0.6761013671871322
36992879,0.20771436329461698
36992883,0.07110401563255465
36992884,0.08725354319909483
36992885,0.20490441814463417
36992887,0.23228035438082723
36992888,1.1108114512484282
36968970,0.2893614712525483
36968971,0.163418670921222
36968972,0.4473847603565685
36968973,0.28163319289182187
36968974,0.19094405801584197
36968975,0.24356497753023784
36968976,0.11849732883699782
36968977,0.7286236256647982
43432139,0.36562017612180214
43432140,0.5910287104588966
43432141,0.20412936818683244
43432142,0.09588999142687944
43432143,0.5755317950776672
43432144,0.5037079874327909
43432145,0.3191810830256905
43432146,0.08600961152504953
43432147,0.1920545525539967
43432148,0.8859370548219703
36970194,0.09089195615319966
36970198,0.4182656523434907
36970199,0.12271912648399054
36970200,0.41138134530298587
36970201,0.11981747467168251
36959256,0.08130157224969968
36959259,0.07640009867752677
36959261,0.06371514653630875
36959263,0.12348813390562867
36967215,0.11040864582082842
36967216,0.12736084381582455
36967217,0.11413548129461372
36967218,0.4651989909814577
36967219,0.2811770557454524
36967220,0.18017058358240937
36967221,0.09959022429177361
36967222,0.10912628774461565
36967223,0.36578266504171686
36967224,0.2678699839420796
36978395,0.13028436002757715
36978396,0.13952286135629116
36978397,0.13820145747766546
36978398,0.7408349215499155
36978399,0.2731094770361304
36978400,0.16998054932475432
36978401,0.22352747387939792
36978402,1.1177166643942176
36978403,0.19973172425131275
36978404,0.1463348153914228
36964373,0.09145100071200274
36964374,0.16757591582210282
36964375,0.08418303490905056
36964379,0.21505271245061816
36964380,0.08137420560890274
36964382,0.053934574008240324
36982740,0.0662501072294517
36982741,0.06444250723167284
36982742,0.07825256230742371
36982743,0.049807935777021854
36997921,0.07474190243130055
36997922,0.07402491986561682
36997925,0.1666324363632065
36997926,0.18252549811921007
36997927,1.0907448922155867
36997929,1.044264862694356
36955197,0.41655480292510755
36955198,0.2817684905742266
36955199,0.26367417557267636
36955200,0.38653534679248575
36955201,0.42989939273736905
36955202,0.17362904167160492
36955203,0.6926002109600453
36955204,0.18037754974135628
36955205,0.13902343053917693
36955206,0.5501119530230212
36985125,0.12018808710973802
36985126,0.21653428509807365
36985127,0.6385462986725856
36985128,0.39155471357241045
36985129,0.13008365037762895
36985130,0.1558798737165689
36985131,0.2237916266654885
36985132,0.14451341335103346
36985133,0.12341733331605488
36985134,0.14059208422155275
36976882,0.2589650323188373
36976883,0.25630547897094624
36976884,0.13059570799319853
36976885,0.1047887148189687
36976886,0.10794100182594388
36976887,0.13458413212881729
36976888,0.3059672180556724
36986778,0.7516984062910893
36986779,0.09610158666703335
36986780,0.08094551753284131
36986781,0.5619040521743344
36986782,0.1120008787329721
36986783,0.6001932137113555
36986784,0.47736742888776157
36986785,0.31217733021835864
36986786,0.09689363339867725
36996867,0.21724233779019514
36996868,0.08913356809849725
36996869,0.09256036953314908
36996870,0.16325106629206337
36996871,0.08289994541558453
36996872,0.11014702148019846
36996873,0.08893986759156446
36996874,0.09533454548199301
36996875,0.12472989020116311
36998309,0.13613859428962136
36998310,0.07774298594270078
36998311,0.32064094891291495
36998312,0.41351284543969125
36998313,0.4754567044678459
36998314,0.06261952315489012
36998315,0.06202636109200628
36998316,0.4096558214125847
36998317,0.16703742546829534
36973461,0.19938298051789852
36973462,0.24248529808929714
36973463,0.12960998485213152
36973464,0.06901230859803179
36973465,0.118289922874858
36973466,0.12529882376815793
36961438,0.3354514335153565
36961439,0.2984713970264256
36961440,0.4811953493879819
36961441,0.6149371261563297
36961442,0.18602932232310893
36961443,0.16805494752612038
36961444,0.20828821682704504
36961445,0.1427347963060012
36961446,0.21319814727686393
36961447,0.17301614991623848
43431832,0.21735141416693124
43431833,1.11873236347437
43431834,0.3184658063198706
43431835,0.10998988009994484
43431836,0.23440236324545563
43431837,0.1727589755905237
43431838,0.2428972540849085
43431839,0.20020568988181292
43431840,0.1629959002664117
36971617,0.06818820406664021
36971618,0.09888702786253259
36971619,0.08739305755093438
36971624,0.061643652869821
36967189,0.10199009838824158
36971607,0.06926853058319607
36971610,0.1029597392973486
36971613,0.1385377029700317
36971614,0.11936000651541433
36971616,0.10358827110492937
36974344,0.1265401774972281
36974347,0.13286388232310017
36974348,0.08766141724831965
36974349,0.13905527742385765
36974350,0.16634922305951433
36974351,0.2702684876850245
36974352,0.4002901959389264
36955271,0.1144567535693887
36955272,0.11038271405713158
36955273,0.34715965130975973
36955274,0.14590560559494833
36955275,0.7316807666079045
36955276,0.1700114039168105
36955277,0.1159472255617718
36955278,0.6390630300852486
36955279,0.7160213180028128
36955280,0.32519816766973514
36988847,0.21458735083471284
36988848,0.30794004160900806
36988849,0.1505344673406522
36988850,0.11929056701929712
36988851,0.16519125966418077
36988852,0.7401328373184431
36988853,0.24699458104345165
36988854,0.29400257058622464
36994948,0.2486168966852012
36994949,0.31733474537757866
36994950,0.1326209432382227
36994951,0.21043248422177044
36994952,0.18020347422541896
36994953,0.11110610562979417
36994954,0.23678962727449418
36994955,0.1968989720221509
36994956,0.19701066933283712
36966884,0.0611611608877215
36966885,0.10298368129301456
36966886,0.08259659772964742
36966887,0.06077315433324107
36966888,0.06834314803090998
36966889,0.06988123277469559
36966890,0.061643503564995025
36966891,0.11071417316754253
36966892,0.09202800884285346
36960791,0.1479626003864728
36960792,0.12088033729637937
36960793,0.17218807023442803
36960794,0.22872173838157298
36960795,0.11742047854704112
36960796,0.3855341426197088
36960797,0.1286624454555599
36960798,0.2950462421436003
36960799,0.18076758133716106
36960800,0.9137603241122856
37020378,0.1073403116629906
37020379,0.07591080104452681
37020382,0.07153663052646962
37020383,0.21355628004453298
37020384,0.0933822224313846
37021046,0.3295524563743209
37021047,0.2005259499066956
37021048,0.2928560620506352
37021049,0.29555084722484953
37021050,0.3048568348241202
37021051,0.04722550371606174
37021054,0.3089258029126893
36969011,0.5151310711305602
36969012,0.18557134295719524
36969013,0.10068102608669584
36969014,1.624852712057412
36969015,0.15926013015533125
36969016,0.10952841645724584
36969017,0.8442596839020182
36969018,0.25903917964139767
36957845,0.16057821502917652
36957846,1.5412355077574533
36957847,2.004766019044876
36957848,0.5590977373658554
36957849,0.15152929008487057
36968046,0.17058201013965021
36968047,0.07104471693493157
36968048,0.042270122123935334
36968049,0.5079356470754933
36968050,0.07859729906021343
36968051,0.3129619286552001
36968052,0.036417889786136276
36968053,0.18991504010246027
36958705,0.14740909814730613
36958706,0.07254083512496509
36958708,0.11235424805719724
36958709,0.090241254175506
36958710,0.4961925812410028
36958711,0.09714810238275776
36958712,0.2616083624901195
36958713,0.8166517158026615
37020878,0.07906556970748528
37020879,0.05832244190957187
37020881,0.11340784881558613
37020882,0.064430076123176
37020883,0.1040683687719903
37020884,0.1001707899368622
37020885,0.11324344177730739
36969061,0.19411821479183175
36969062,0.07814894895344332
36969063,0.11547332394102507
36969064,0.583693374577205
36969065,0.07423549588702356
36969066,0.11182064341428527
36969067,0.16393502993703357
36961204,0.10825870028074613
36961205,0.10117122317732295
36961206,0.15270605345687943
36961207,0.09029260201922638
36961208,0.12312275947086115
36961209,0.08849988217720255
36961210,0.48438166239256086
36961211,0.11241280512927167
36968786,0.041278928450722695
36968787,0.11765037740781477
36968788,0.03943252883585364
36968789,0.06356430725180556
36968790,0.043294941750692546
36968791,0.03394397666835105
36968792,0.07238008408910489
37007085,0.07821928502780386
37007086,0.14472351757211258
37007087,0.10146648394098635
37007089,0.07906379521759085
37007090,0.09925440874731994
36991908,0.12201308972065532
36991909,0.2963479853743769
36991911,0.1183502618083523
36991912,0.09416327952867669
36991913,0.20703836717347815
36991914,0.09731303214474067
36977668,0.7390786727647045
36977669,0.5057818520288356
36977670,0.4462788427269182
36977671,0.255604365242151
36977672,0.23776717922185586
36977673,0.48460814541565095
36977674,0.25563785478455886
36993097,0.0670016429937078
36993098,0.0693226507289887
36993103,0.06623586376489365
36993105,0.06852310410840542
36992985,0.14274509491521414
36992986,0.19249701259269794
36992987,0.13887528756382508
36992988,0.14199876143029666
36992989,0.29244404748668146
36992990,0.1256402217141041
36992992,0.19887650907143054
36992993,0.12059216460212874
37024411,0.055089957011487306
37024412,0.039268035863492805
37018754,0.10211890116619564
37018755,0.11150209029684327
36968817,0.13381440376342874
36968819,0.1956585129482901
36968821,0.1513671081943292
36968824,0.15055036081053383
37021646,0.08006957929499296
37021647,0.10574324969266899
37021648,0.10372453354595726
37021649,0.08314935222740362
37021650,0.0984645528395831
37021651,0.10661793514821509
37021652,0.10278441639857847
36972319,0.367787019967602
36972320,0.35485102871477997
36972321,0.3496892060891855
36972322,0.3188129273117366
36972323,0.5597767070250159
36972324,0.35117575526472067
37008179,0.08950438514512367
37008181,1.8447744634637808
36957149,0.14540561210726227
36957150,0.624189204624062
36957151,0.6763120391427375
36957152,0.1393950001225141
36957153,0.41228120582458966
36957155,0.7780518815902147
36957156,0.7185051223946227
36957157,0.7111699091553365
37012917,0.15147049069810692
37012918,0.15012775606027992
37012919,0.14564288118765634
43426781,0.1800916560147805
43426782,0.15132332472039522
43426783,0.18717184164901257
43426784,0.17830165142099888
43426785,0.10755243918577793
43426786,0.15296503100618022
43426787,0.14893245861140647
43426788,0.21177101900150683
43426789,0.15754447562227342
43432046,0.07826872163676182
43432047,0.2232243576051592
43432048,0.24434378068008114
43432049,0.30690450156848537
36976293,0.06726169906527767
36976295,0.15737151158565335
36976296,0.12077717059610417
36976297,0.06767590198993227
36982878,0.141179868829668
36982879,0.1453007159461634
43426727,0.1914679249078225
43426728,0.1232431087250745
43426729,0.13681485536886204
43426730,0.14047777607900921
43426731,0.13467446360450896
43426732,0.1376326363853597
43426733,0.14638384248304454
43426734,0.12673520983403894
37021363,0.10447399023515697
36970737,0.6200918122330266
36970738,0.5229475663927314
36970739,0.1727453412763159
36970741,0.138795949190554
36970742,0.05454328659008294
36970745,0.15762651954555817
36970746,0.05463849201865037
36990360,0.6364284783013299
36990361,1.2896866875463486
36990362,0.2726922248738256
36990363,0.17799907988152247
36990364,0.26075290701622444
36990365,0.8290818782925927
36990366,0.18239069923633372
36990367,0.2638183054714768
36990368,0.3283963986814206
36978225,0.25392550615634896
36978226,0.26822540952437063
36978227,0.35055986553318785
36978228,0.2693437066942074
36978230,0.3422663822595392
36978231,1.1733271361333433
36978232,0.2893892928963094
43425520,0.23119651838543098
43425521,0.14894848643837225
43425522,0.3007278162442873
43425523,0.22744987636260444
43425524,0.16250021998692515
43425525,0.18501510005679586
43425526,0.15139315869276004
43425528,1.6492112524139293
43425529,0.15220584177410496
36975808,0.09897682853256856
36975810,0.15361622278601175
36975812,0.11999242994205474
36975814,0.1343349496291485
36975815,0.15080212390694236
36975816,0.1190981003134535
36975817,0.15762043965086123
43422682,0.31127443200503624
43422684,0.15884032806420215
43422685,0.28378754220336155
43422686,0.16498555971171028
43422687,0.1426065378107434
43422688,0.28379784603482944
43422689,0.39653564785489115
43422690,0.42951884915930755
43422691,0.31860093601668293
43433182,0.2104937323085366
43433183,0.1719985780473317
43433185,0.23172321985990635
36987489,0.3762331158292799
36987490,0.4237926618289795
36987491,0.25163721881229706
36987492,0.17546842371730684
36987494,0.3593695097272501
36987495,0.3039953880790617
36987496,0.27579494458823334
36987497,0.1734631396736139
36999156,0.17879158512592522
36999158,0.17142435502888506
37008254,0.11710513139035683
37008255,0.1771575052737229
37008256,0.10868379170766593
37008257,0.15260388723232232
37008258,0.13645139711773557
37008259,0.09330720461076845
37008260,0.12882819212146665
37008261,0.12101664949742265
37019029,0.051184276380510846
37019030,0.051443791446343236
37019031,0.0623872274912234
37019032,0.0834736400215484
37019034,0.05362543453121162
37019035,0.07715391448405724
37019037,0.07849521123559483
37014003,0.3582133150127136
37014004,0.3740788989971832
37014005,0.508762697097245
37014006,0.505888884434507
37014007,0.4303771212722268
37014008,0.3688293328760675
37014009,0.44488658072347376
37014010,0.5150614347187764
37014011,0.463624447239686
37013833,0.06347132143452812
37013834,0.09040731506656881
37013835,0.342714229077766
37013837,0.08800520784191142
37013838,0.08371872929202132
37013839,0.7180235794463059
37013840,0.06677748309911494
37013841,0.3519557715149202
37022143,0.09070533895778249
37022144,0.27102887695066014
37022145,0.09274797576462629
37022146,0.2268307100942143
37022147,0.23682471688770348
37022148,0.14861222127387458
37022149,0.14123985185649235
37022150,0.14405098341836503
37015970,0.3048334989603065
37015971,0.3039568365290938
43427988,0.2250855821156449
43427989,0.2957195179929956
43427990,0.8352338945840782
43427991,0.2268987484613154
43427992,0.27730826302653777
43427993,0.21808790829940192
43427994,0.3615983795383928
43427995,0.29218308712762897
43433061,0.5609733908696104
43433062,0.3329464483589848
43433063,0.631121025490345
43433064,0.2034767355466134
43433065,0.21548949658491368
43433067,0.8118358324663891
43433068,0.2970932816950621
37019990,0.04323447143819796
37019993,0.06335334021907403
37019996,0.06731477153487994
37019997,0.03696709666701055
37021330,0.1002595909668711
37021332,0.05164209594745254
37021333,0.07471577138873291
36956238,0.07391511412507772
36956239,0.08746157617502573
36956240,0.07668576090795921
36956241,0.11227667981566918
36956242,0.11777600740463422
36956243,0.24324360711999163
36956244,0.09731819199499765
36956245,0.1162885679388652
43429899,0.3870892704171994
43429900,0.10185282948329086
43429902,0.10896414301304697
43429903,0.46619128024929607
43429904,0.7566127560537657
43429905,0.22130415606079443
43429906,0.416007179490386
43429907,0.0933392351063888
43429908,0.18911943029991998
36992671,0.1388603592047403
36992672,0.11884589367374598
36992673,0.12239874206713579
36992674,0.08943124037030507
36992675,0.10357390133526063
36992676,0.07284409296676352
36992678,0.08474111097782192
36992679,0.12498336852134409
36988722,0.17883906849913553
36988723,0.16136871909754585
36988724,0.43898428115498317
36988725,1.193360523921219
36988726,0.45831854734907573
36988727,0.15439489051795866
36988728,0.16988739111212758
36988729,0.2828210576799157
36988730,0.25801017199577847
36988731,0.10232236543746301
36986853,0.08670909754714942
36986854,0.07868974787296709
36986856,0.09615885685497635
36986857,0.09959552600784209
36986858,0.11659578667810656
36986859,0.10320238324582058
36986860,0.1473385762849465
43432532,0.3887931803152915
43432533,0.14011416102041124
43432534,0.3609019935600883
43432535,0.3152842369458412
43432536,0.3062635145073795
43432537,0.15868063548042124
36966699,0.3147371679985925
36966701,0.38807864800485553
36966705,0.3424261457592767
36971631,0.0822930323241162
36971632,0.07811420027995088
36971633,0.08222143935257697
36971634,0.09001556118696388
36971636,0.06967986700170319
36971637,0.09367314551651153
36971638,0.0984019735002585
43422429,0.24419181312963184
43422430,0.3820301921218009
43422431,0.2906953832629588
43422432,0.3801617181638331
43422433,0.35044928439674655
43422434,0.37195221398076495
43422435,0.3576532109358648
43422436,0.6724024006779012
43422438,0.1579719641466621
36981785,0.24824375391524126
36981787,0.056370291069130087
36981788,0.06107515463200991
36981790,0.06544542589224374
36981791,0.05002565332810107
36981794,0.05241245425652524
36989065,0.05182402399233296
36989067,0.056521422047313294
36989068,0.06780879841306388
36989069,0.9083680803407014
36989070,0.19327916850498045
36989071,0.059480257118331076
36989072,0.05116444380263505
36989073,0.07509744534392268
43427150,0.3191762370031358
43427152,0.18649441034538422
43427153,0.1510487064328515
43427155,0.15487993139522635
43427156,0.31556064382212906
43427157,0.1571993948171406
36987419,0.1037278804964915
36987422,0.06648710616551706
36987423,0.3518356114782939
36987424,0.0985685332673888
36987425,0.09318200031715236
36987427,0.12719326147664406
36987428,0.05825513561110662
36985455,0.5077425838217087
36985456,0.28321087626221986
36985457,0.2851475293862632
36985458,0.448417312625297
36985459,1.298082820535557
36985460,0.5850068162503776
36985461,2.127839593494485
36985462,0.5672533854847255
36985463,1.2182255336162426
36985464,0.6058866879326464
36975039,0.23333469405638096
36975040,0.20966113442845533
36975041,1.132647552576069
36975042,1.2272524535817209
36975043,0.7062754422812527
36975044,0.27754655880938683
36975045,0.23485413602595395
36975046,0.341658954977052
36975047,1.241122871592281
36991436,0.16321323352887304
36991437,0.2786430788442508
36991438,0.17640133530803165
36991440,0.20948253037900352
36991441,0.19812067580664464
36991442,0.19189446988122988
36991443,0.23968693627258023
36984708,0.3739643696942756
36984709,0.42791437535038135
36984710,0.2452004491658989
36984711,0.37447662979380947
36984712,0.4647547547009638
36984713,0.29145927906883534
36984714,0.3239160814083996
37014309,0.23323776034256657
37014310,0.08929068098283886
37014311,0.0909408412631545
37014312,0.08413743475150692
37014313,0.2230457108624313
36992032,0.07873542076448116
36992033,0.23408871820681074
36992034,0.1837873941692759
36992035,0.1226540694269716
36992036,0.1324932481177818
36992037,0.08798671111734893
36992038,0.09737381577510994
36992039,0.13055056219897704
36955406,0.0742661345886012
36955407,0.08408931087735091
36955408,0.09989372690420799
36955409,0.07367818056555174
36955410,0.0767094773103482
36955411,0.07896037956765993
36955412,0.08052238437416408
36955413,0.06842956481816914
36955414,0.07207660506860025
36955415,0.08183799107945905
36995111,0.14151483542590645
36995112,0.11397865430062451
36995113,0.0843188700783766
36995114,0.11661606301428913
36995115,0.09029544118610378
36995116,0.10589852166759385
36995117,0.12074434672325875
43425610,0.1750468064348638
43425611,0.16717395504082252
43425613,0.21729938885801123
43425614,0.18913986798165833
43425615,0.20937400488069136
36979378,0.09822542302586919
36979379,1.0259441562331797
36979380,0.10567575963240919
36979381,0.19024426591854027
36979382,0.13304392050167585
36979383,0.7152949013840144
36979384,0.4025207839782345
36979385,0.6262961952973767
36979386,0.29451743617785525
36979387,0.6429010430541261
43430186,0.5027619791017371
43430187,0.15486757380300364
43430188,0.13914545788930338
43430190,0.35588803851860723
43430191,0.30549880424419573
43430192,0.23833748856316972
43430193,0.37502674327599467
43430194,0.5183835505048421
36975827,0.18871358722401674
36975828,0.7406667597690976
36975830,0.1870171764013113
36975832,0.20509784687688734
36975835,0.17232513096533483
36977973,0.3407212801254464
36977974,0.32232996968454336
36977975,0.11900984566866965
36977976,0.11167615088743589
36977978,0.19086531547530963
36977979,0.3082939487897374
36977980,0.23211307376201565
36988296,0.2680104422740145
36988298,0.14038971441134993
36988300,0.23443659312268011
36988302,0.11460293061184709
36988303,1.27348412379951
36988305,0.8162757702602356
36978957,0.12720543954411118
36978959,0.09609012826795796
36978960,0.21373766422419616
36978964,0.09540134270557901
36993140,1.8592677558200534
36993141,0.2564782226765374
36993142,0.3473014173274158
36993143,1.6395386615783765
36993144,0.33722000968087096
36993145,0.24642237009115484
36993146,0.2265148218422073
36993147,1.6799378618104002
36993148,0.17633056152382867
43420924,0.4356784356082623
43420925,0.13350650944677217
43420927,0.2065601397399634
43420928,0.1756679025571825
43420929,0.36025458706948843
43420930,0.3433684283117805
43420931,0.4005871467720393
43420932,0.32693938259941846
36964750,0.20191739468984865
36964751,0.1946641563962694
36964752,0.18026124253290557
36964753,0.14393605125251283
36964754,0.2189420472174799
36964755,0.19496962552096286
36964756,0.14403652175716428
36964757,0.21832846294271718
36964758,0.18413137164756158
36964759,0.20267922018725215
36991051,0.05930611707928589
36991052,0.25331473571678415
36991053,0.06471391907522038
36991054,0.09167232209196753
36991055,0.20890456395715454
36991057,0.32319121921417976
36991058,0.051238059120980874
36991059,0.08732594156880645
36971355,0.5497359279185957
36971356,0.5976839527083905
36971357,0.5724060409720232
36971358,0.7009460358061257
36971359,0.7233052498144539
36971360,0.6648808334025939
36971361,0.4986727015350782
36971362,0.3646178398643461
36971363,0.6010780022030944
36955020,0.1679861686409217
36955021,0.24492372184064246
36955022,0.24546780020709316
36955023,0.25945931643197934
36955024,0.2515122506987522
36955025,0.35765767879416677
36955026,0.21982491807478016
36955027,0.2583592426192654
36955028,0.25100458409844073
36955029,0.32884612601956864
43421490,0.17276025018948146
43421491,0.5211260126036158
43421492,0.4136489692331632
43421493,0.15378633175511386
43421494,0.14499890405717392
43421495,0.1727093802898152
43421497,0.45444705322343654
43421499,0.12501096948378512
36962800,0.10830789981927273
36962801,0.5340218207421225
36962802,0.5098790680399059
36962803,0.08739920018099356
36962804,0.8584640357646265
36962805,0.3890936935375838
36962806,0.17722563379078274
36962807,0.20575810911796172
36965922,0.12917127947652546
36965926,0.13683240220242104
36965927,0.12484217852413051
36965928,0.21277254704549423
36965929,0.2748357771170457
36965689,0.26047344492011065
36965690,0.16799807915434062
36965692,0.16475909519320525
36965693,0.18402532344628125
36965694,0.31288303591983785
36965696,0.3058491096540788
36965697,0.16141528684234818
36981891,0.12116340693126496
36981892,0.1460778436954515
36981893,0.0986169034552076
36981894,0.2862607028627588
36981896,0.10335141174982987
36981898,0.07204301176160859
36981900,0.12903244566369002
43432248,0.12930031501310796
43432249,0.356615447598396
43432250,0.5886411015381809
43432251,0.16782464325250543
43432252,0.149258005196341
43432253,0.6285306641504096
43432254,0.17702114514581652
43432255,0.1664564793911257
43432256,0.45856873809139626
43432257,0.230855402997853
43419108,0.7025813392786681
43419109,0.2128066103472874
43419110,0.17453016727347215
43419111,1.348174062925408
43419113,0.3855630573123709
43419114,0.23446584812085805
43419115,0.22983267279929237
36958064,0.0822794492386241
36958065,0.13123615660960206
36958066,0.11212228209104545
36958067,0.10411515733801863
36958068,0.1039131909855174
36958069,0.1097390439333852
36958070,0.09314232984719466
36958071,0.0973347159135746
36958072,0.1141699772722007
36982482,0.11469392672481746
36982484,0.12327556603565346
36982485,0.13293718065475865
36982487,0.6384924545212072
36982488,0.10998890117797634
36982489,0.15121611276252533
36988131,0.05777088206210535
36988132,0.057766619173686334
36988134,0.06279582407240152
36988136,0.06181971948590765
36988137,0.05388918876704112
36988138,0.07153672145015766
36988139,0.061236351062531655
36988140,0.055122067683446296
36990965,0.10867416395449074
36990966,0.06498653205922947
36990967,0.06724690592458743
36990968,0.06594144884524214
36990969,0.09041088673683105
36990970,0.09315317025470383
36990971,0.1203181584353733
43423972,0.29221532420093016
43423973,0.15753651627336854
43423976,0.2399650388505393
43423977,0.542834958057476
43423978,0.7231547278382109
43423979,0.24913684663605234
43423980,0.4073429324325421
43425789,0.17823582785523634
43425790,0.16875439516064003
43425791,0.2177639170033193
43425792,0.29290089975685973
43425793,0.38130246594286843
43425794,0.36872614792686154
43425795,0.29833748715527125
43425796,0.15502541119324736
43425797,0.21565971481173488
43428099,0.3388675209938138
43428100,0.15186146734634764
43428102,0.2014873305538523
43428103,0.6274716124814804
43428104,0.3593742399397447
43428105,0.20202730607995117
43428106,0.20357891352487786
43430234,0.16338960178262138
43430235,0.13815628552845255
43430236,0.36499427119901184
43430237,0.13989981145387217
43430238,0.33850236465060574
43430240,0.3024702652554785
43430241,0.3415894382347782
43430242,0.21617667726019713
37018538,0.12418151641686898
37018539,0.6084145367912162
37018540,0.5747588813366117
37018541,0.12393073440714032
37018543,0.14311167759057428
37018544,0.1423516204139544
37013978,0.12876841062791777
37013982,0.12855665398939148
37018190,0.05825507282361907
37018194,0.058012265219091426
37018195,1.4932365487420565
37018197,1.4346888229164345
37018198,1.5219437211873696
36987569,0.2304093404935086
36987571,0.11038626005159687
36987572,0.11604727204062355
36987573,0.15071429614366236
36987574,0.07909580014581698
36987575,0.22361125620276598
36987576,0.08188769595470165
36987577,0.14486229513871177
36987578,0.12806131383784528
36974779,0.19156948291747908
36974780,0.165989149641367
36974781,0.4713120112593077
36974782,0.211688824995604
36974784,0.25630765707711445
36974785,0.43565031816043914
36974786,0.16934865687826545
43431460,0.32691260653210297
43431461,0.3026401058786096
43431462,0.26879661209808653
43431464,0.30124897661248856
43431466,0.4864943492168706
43431467,0.6914751236653306
43431468,0.1700677201062605
43431469,0.40880475131263927
36989734,0.16808173721368716
36989735,0.6339843563020062
36989736,0.17006518240180532
36989737,0.13889437262121787
36989738,0.1572843587576258
36989739,0.11442203270606485
36989740,0.16998915066102516
36989741,0.14308665593047953
36989742,0.16066785767115355
36989743,0.125732273655166
43430493,0.13752072332650536
43430494,0.1764653498494605
43430496,0.17053192241085346
43430497,0.32298016221157944
43430498,0.11981451703239167
43430499,0.1240578943317951
43430501,0.17459948086830776
43422374,0.13563494047413066
43422376,0.08210478201450906
43422378,0.15403731396961004
43422380,0.13192947669067354
43422381,0.16090956466649403
43421107,0.23760638442828974
43421108,0.39589481010779715
43421110,0.192022690908544
43421112,0.1205680948854079
43421116,0.13206146672852476
43419892,0.20910052300949536
43419894,0.22215219760406538
43419896,0.1743911651302353
43419897,0.13371579422837354
43419898,0.5683995963092695
43419899,0.1646221749404938
43419900,0.13639332369595628
36974291,0.12305798148798311
36974297,0.10735048153777106
37022634,0.45798821833902925
37022635,0.08388227687911394
37022636,0.20401284809221598
37022637,0.20072821506387353
37022638,0.11728466983477791
37022639,0.11164499422909614
37022640,0.1517914368709258
37022641,0.07118082473006788
36985519,0.12568965778385577
36985520,0.06460946937716014
36985521,0.10994995861273914
36985522,0.03589143364183376
36985524,0.091149616012672
36985527,0.2719944528022314
36985528,0.09304017261450036
36957509,0.1805152120196301
36957510,0.21540051784130562
36957516,0.13300646077931944
36992119,0.0617746128407771
36992121,0.06143151953384602
36992122,0.05880686646017998
36992123,0.10054472036800247
36992124,0.055764015741778854
36992125,0.05406513540250404
36992126,0.05816686738047697
36992127,0.06429359564173942
43419640,0.42057566996923146
43419641,0.18551222529445882
43419642,0.23116192803557048
43419643,0.14949360036968673
43419644,0.24383075687835318
43419645,0.2433521393609114
43419646,0.22138735970076096
43419647,0.3746723945511273
36977279,0.3003082538641709
36977280,0.5448076389815467
36977281,0.29046707266642835
36977283,0.6813294923651628
36977284,0.38940876127138513
36977285,0.8092377065517389
36977286,0.2872042060228809
36977287,0.2900682242352761
36977288,0.2868419213241154
36980916,0.3769377830256374
36980917,1.3076359818760201
36980918,0.2911653952045164
36980919,0.5450266337010395
36980920,0.2966026738669988
36980921,0.3997689070608439
36980922,0.3326003866880674
36980923,0.32133968941457297
36980924,0.9662036662478212
36980925,0.3961915196478123
36998520,0.0886287234625376
36998521,0.08525179989356665
36998522,0.094342462305853
36998523,0.11244684746482954
36998524,0.08866321554237622
36998525,0.13448998571478
36998526,0.13633492488969295
36998527,0.08260382414588896
43430382,0.262061155896677
43430383,0.20870702409710623
43430384,0.2136919199993438
43430385,0.6747760827457832
43430387,0.179236911864025
43430388,0.35896382805660815
43430390,0.1705282062339644
43428072,0.5864928586870486
43428073,0.328061221301996
43428074,0.6539025356877257
43428075,2.6582592728192314
43428076,0.8298709552948849
43428077,0.3800043557746365
43428078,0.7274352029314974
43428079,0.6755572574011998
43428080,0.8569306085107408
43428081,0.42906845793323933
36981148,0.1324667868655506
36981150,0.12163390546364587
36981151,0.14680662674198644
36981152,0.18315294677469154
36981154,0.10853233323505695
36981155,0.22210488887440558
36981156,0.13959542622869778
36981157,0.16848308271084797
43421820,0.14722781933902923
43421821,0.11356723683298092
43421822,0.21918102852148108
43421823,0.1487048863266592
43421824,0.13066524734502769
43421825,0.20475674149086545
43421826,0.12755164118922718
43421827,0.0811903134760678
43421828,0.08574186957923867
43421829,0.07801258723873561
43431138,0.19854735004668111
43431139,0.06922016943140816
43431140,0.07081818747848509
43431141,0.7311708596945463
43431142,0.304537506175227
43431143,0.2745421310406505
43431144,0.27272661401735004
43431145,0.41274151397121134
43431146,0.2924509741455522
36996499,0.1135379253115406
36996501,0.11414318267013863
36996502,0.07585144613593152
36996503,0.07708900663062629
37011470,0.19536103453026862
37011471,0.30178491329728574
37011474,0.2976786583640547
37011475,0.19535977185701878
37011476,0.19096001581782385
37011477,0.2039775913090464
37011478,0.3471896541593675
37011479,0.32780212641166373
36993199,0.20770896806164493
36993200,0.3813666679714842
36993201,0.164665994423531
36993202,0.33695559660348123
36993203,0.40642155922949924
36993204,0.14729799920315093
36993205,0.4639270757842918
36993206,0.9129814594743766
36977333,0.22004997049085742
36977334,0.3666100988519854
36977336,0.26259779678776757
36977337,0.5140037505915384
36977338,0.18137608456237553
36977339,0.338441673195949
36977340,0.5002235312948844
36977342,0.17180502303667936
43431147,0.46958506943366696
43431149,0.4155932377531271
43431151,0.16755220161178824
43431152,0.30736080594799486
43431154,0.12918495195282942
43431155,0.1461117013455124
43421480,0.25926856904863993
43421481,0.20527630361761331
43421482,0.18163588105796294
43421483,0.24421165153932445
43421484,0.18850913106871378
43421485,0.1801195589720644
43421486,0.182834100713817
43421487,0.21161551533184197
43421488,0.2213629426869114
36974224,0.4033990502943603
36974225,0.3707681698375652
43430347,0.20235993600636776
43430353,0.404778417348038
43430354,0.16634721609057104
43420808,0.162537976296042
43420809,0.4288280844660332
43420810,0.22694081116831047
43420811,0.2972204037884797
43420812,0.2119430342071238
43420813,0.4215817861370412
36969953,0.13244631826253528
36969954,0.12046703777337765
36969955,0.21997982375788233
36969957,0.13172326383588887
36969958,0.1728659715460219
36969959,0.09917499985418123
36969960,0.38081505348864203
36969961,0.11609038850142993
36969962,0.17546578823843687
43423626,0.20102278147842392
43423628,0.21394647248596096
43423629,0.256858280627139
43423630,0.1536530131162792
43423631,0.15321503968743957
43423632,0.13520543509755362
43423633,0.20961870396847246
43423634,0.1600011966497721
36977497,0.12715961028659395
36977498,0.13019401853969875
36977499,0.11948885912512308
36977500,0.1647824275287491
36977501,0.24470473730705897
36977502,0.2799735211505875
36977503,0.10973981441186721
36977504,0.6301695597590938
36977505,0.10812098690306784
36977506,0.6235429722634415
36986545,0.4814673657816568
36986546,0.12056202463359267
36986547,0.5599025959046207
36986548,0.17484436767720002
36986549,0.08822365698999823
36986550,0.32911725885148385
36986551,0.14082794251309744
36986552,0.6242777149848991
36986553,0.2327764646950892
36986554,0.22289207836689526
36957305,0.17812432656456548
36957306,0.1829248412605958
36957308,0.07932954534383137
36957311,0.20966700100743543
36957312,0.08961888335917743
36957313,0.22727228170953787
43423452,0.16439250631042898
43423453,0.14657572279558767
43423454,0.2578470868306511
43423455,0.1145407434299738
43423456,0.24102711389010772
43423459,0.1195167746658921
43423460,0.0779771117842908
36978451,0.07960066465873926
36978452,0.43789962316303954
36978453,0.3115980003026991
36978454,1.1408931307763797
36978455,0.19065122014828187
36978456,0.2042982521564803
36978457,0.1794878676929153
36978458,0.11393865893741761
36961721,0.33275119126744845
36961722,0.2581454513569159
36961723,0.2208502165391466
36961724,0.17357486385711812
36961725,0.1541066547306017
36961727,0.152176838638193
36961728,0.3866474958898455
36961729,2.1779331397083985
36961730,0.17409426996866997
36979522,0.208867397808554
36979523,0.11358317670684279
36979524,0.07403944828795155
36979525,0.08913420423832856
36979526,0.17842440188813685
36979528,0.19094605650882995
36979529,0.08569179721684207
36979530,0.11331826654541442
36979531,0.20157824660854315
43428320,0.2567869419258352
43428321,0.21941807545413772
43428322,0.32671003057315745
43428323,1.5726538726277126
43428324,0.20992304787873442
43428325,0.2890674654223072
43428326,0.3269197490564588
43431266,0.5591835347739275
43431267,1.197996548478952
43431268,0.2873370570398905
43431269,0.356197538137506
43431270,0.48340868613115806
43431271,2.237950016001351
43431272,2.576973384168518
43431273,0.512553466745624
43431274,0.41563935948710184
43431275,0.8542151441202467
36993068,0.2039522781861787
36993069,0.363423762270948
36993070,0.2243156634310511
36993071,0.33416057348807976
36993072,0.38700591352354907
36993073,0.1907557789779163
36993074,0.381300697949512
36993075,0.21424604599933456
36993076,0.27572744281579764
36993077,0.3691800400612922
36968154,0.46801896141387606
36968155,0.3219489419281226
36968156,0.3703767304450202
36968157,0.3139785014976061
36968158,0.24733246382323734
36968159,0.2702006588813351
36968160,0.21852239463928888
36968161,0.31196344279970695
36968162,0.2460312522486426
36968163,0.12726631032532268
36994848,0.07280989453182325
36994849,0.06911729412752432
36994850,0.09368968203756821
36994852,0.0668137666316413
36994853,0.06400267482584891
36994854,0.07788081399907829
36994855,0.057476617811849165
36994856,0.09609276062963859
43421401,0.29351562481305016
43421402,0.2365856820291515
43421403,0.30724018553361954
43421404,0.41561604779195904
43421405,0.3144794034169358
43421406,0.7151106315263506
43421407,0.2074062475775925
43421408,0.29038212571900585
37008360,0.2236432894382348
37008361,0.1157733723295869
37008362,0.11207832709635006
37008363,0.6699335739684124
37008364,0.24522573604964518
37008365,0.39986323008485347
37008366,0.3420893135119085
37008367,0.22192217938076264
37008368,0.3058813706465979
37008369,0.1362567581544015
36987816,0.14959649863800867
36987817,0.0774202083131774
36987819,0.16204596142757044
36987820,0.1616229330550346
36987821,0.07831074692791075
36987822,0.11541453404810362
36987823,0.12887735793986702
36987824,0.07117545246936942
36987825,0.09393916356096366
43428107,0.37974270432773205
43428108,0.2716720268774635
43428109,0.20249819221235335
43428110,0.13910602052930157
43428111,0.3436805902788425
43428112,0.345251882958514
43428113,0.4505914805687402
36989138,0.27893893569337985
36989139,0.2193400941606057
36989140,0.18768297293013347
36989141,0.20407766565950775
36989142,0.12379188733077416
36989143,0.10678399328959923
36989144,0.19755063170233356
36989145,0.11331222992971424
36989146,0.4139047523711757
43432960,0.15609852493961332
43432963,0.4848608769847189
43432964,0.17773326806540643
43432965,0.16075515910286362
43432967,0.4481718322421081
43432968,0.38166752657969366
43432969,0.14605197006213325
43427625,0.363555416283314
43427626,0.5079901051951046
43427628,0.4060919849872449
43427629,0.14351700924765928
43427630,0.3869693130922248
43427631,0.3915528710753135
43427633,0.13114774036803642
43420860,0.32293859515554135
43420861,0.20159101997213377
43420862,0.22507197007971508
43420863,0.31264033592494483
43420864,0.28146723688861913
43420865,0.2621127051417906
43420866,0.2518364065134957
43420867,0.18872495748857457
43425871,0.1731633549599582
43425872,0.14951540472188146
43425875,0.15101608056514432
43425877,0.19089073013592348
43433002,0.30220877441843125
43433003,0.41496881664686264
43433004,0.24423342790770133
43433005,0.32518747696847106
43422222,0.1821437868240388
43422223,0.2579825330274681
43422224,0.1720209987195142
43422225,0.22988442463066527
43422226,0.276088992088975
43422227,0.1660108218351166
43422228,0.21628703315614606
43422229,0.19042327510502052
43422230,0.16828934071207197
36982645,0.08440927955086967
36982646,0.0667294200707443
36982647,0.09325192170609245
36982648,0.4625097804802353
36982649,0.09033286766598803
36982650,0.09551958374423582
36982651,0.11480023370493508
36982652,0.08590280721614946
36982653,0.07823579873924778
36982654,0.3657408400140343
36983219,0.08214338703448805
36983220,0.08548720517107382
36983221,0.07670616007660246
36983222,0.09765104947729787
36983223,0.07641064068447011
36983224,0.09231723882399726
36983225,0.24323722253439894
36983226,0.08611157688122796
36983227,0.1257807489106751
37019324,0.10091286543293744
37019325,0.13137853468814342
37019328,0.13105038942129518
37019329,0.14669191010239438
37019330,0.10050334237098438
36962640,0.11836652869497129
36962641,0.23182944073927492
36962642,0.2406163073620892
36962643,0.5830616752468182
36962644,0.1678462555028331
36962645,0.2396180141401297
36962646,0.13159643272327673
36962647,0.13604321351293336
36962648,0.2902487073806954
36972955,0.3017977716052051
36972957,0.15673884575011798
36972959,0.16560280101244712
36972962,0.16025280473716813
36972963,0.13587203219222194
36983803,0.3094304348319984
36983804,0.36445834664278903
36983805,0.18914471424482293
36983806,0.15062473327862988
36983807,0.1342550537369049
36983808,0.09226798700353711
36983809,0.21898130942480112
36983810,0.09370798481243213
36983811,0.19452709345766248
36983812,0.27690790121150577
37014619,0.2045814397145912
37014620,0.18435771808136012
37014621,0.22842730758754357
37014622,0.39604767174337935
37014623,0.25892581901401296
37014624,0.2129470161320975
37014625,0.41372793827577725
37014626,0.20324001255573224
36997152,0.07773481833560188
36997156,0.0983766322107897
36997157,0.09895991963330099
36988674,0.06532624085743383
36988675,0.060189981851872264
36982340,0.2605304661100305
36982341,0.26948503467542767
36982344,0.26095182241272163
36982345,0.2670203658637558
36996801,0.1790476173564726
36996804,0.12543996655908776
36996805,0.15203593528846007
36996806,0.1329887299843828
36973963,0.2484670541474004
36973964,0.4459654802715182
36973965,0.276795993547161
36973966,0.4808477293057782
36973967,0.24057539532301295
36973968,0.48453583416310625
36973970,0.2570846307122787
36973971,0.45909400303483555
36987084,0.07555958594214708
36987085,0.21589051883258734
36987086,0.1905434648600294
36987087,0.18191548468113916
36987088,0.1610857601527681
36987089,0.06851158987776171
36987090,0.2280249421720083
36996172,0.16577100719793322
36996173,0.3097485155457096
36996174,0.18120651160183876
36996175,0.28953499632422625
36996176,0.1874266643741093
36996177,0.08519499104816389
43426334,0.39182954030188283
43426335,0.311724428841515
43426336,1.4282672515458827
43426337,0.25445129529547383
43426338,0.2830534950469853
43426339,1.0078309705014297
43426340,0.16577388045302346
43426341,0.280125733142587
43426342,0.5595913364542581
36955641,0.31631873986547987
36955643,0.11451280301683298
36955644,0.3198911639013221
36955645,0.06457794219610487
36955646,0.311969887651936
36955647,0.10940085166064009
36955649,0.123238818690167
36955650,0.11870495482840909
36971570,0.24422137741388372
36971574,0.3606839587671504
36971576,0.8568848994110628
37021295,0.6368397969695986
37021297,0.5837874713254311
37021298,0.8056693078977072
37021299,0.22588166167232818
37021300,0.13334456596438213
37021301,0.3280519333848552
37021302,0.847776841275697
37017193,0.08832435853320118
37017194,0.07755276070359628
37017195,0.08110875236305348
37017197,0.06284995004862254
37017198,0.05348140328923703
37017202,0.061092440816298166
36975269,0.1702113486834363
36975270,0.1979079238318462
36975271,0.49230732201011934
36975272,0.7120256747626246
36975273,0.24645712468268482
36975274,0.3633454846807199
36975275,0.32977310124617354
36975276,0.6247234310548938
36975277,0.2341547004435757
36975278,0.2258308205814086
36997515,1.6238986188376598
36997516,0.7695624863439101
36997517,1.2210879887075996
36997518,0.6389425764466597
36997519,0.3979749004221938
36997520,0.44203696862973046
36997521,1.2293001955344975
36972153,0.09822659566293065
36972154,0.20656805282435833
36972155,0.23449987451034388
36972156,0.42660935716736303
36972157,0.17460477218982529
36972158,0.14642956247526714
36972159,0.12724462244564377
36972160,0.11518011192701436
36972161,0.18140283808861674
36972162,0.20923596305080877
36958484,0.2822529829456288
36958485,1.2340669423401147
36958487,0.44108537478757187
36958488,0.19098227973367882
36958489,0.19999527512052426
36958490,1.3066560184727305
36958491,1.278541170088008
36958492,0.2882771838151643
36958493,0.18302366259514244
36986412,0.3736136953585355
36986413,0.16306918127738307
36986414,0.13602366543163916
36986415,0.15878919592864998
36986416,0.21097853813492903
36986417,0.11236070835731357
36986418,0.13431977482078208
36986419,0.15752439329865026
36986421,0.16195167805247557
36967512,0.0939785987322964
36967513,2.5434032552431045
36967514,0.4027733548667111
36967515,0.13516089417824217
36967516,0.515942246915258
36967517,0.17185831143374447
36967518,0.18762036585197128
36967519,0.4593933803698363
36967520,0.23692456365358164
36994873,0.15397018993483755
36994874,0.1254640520806559
36994875,1.224445861959028
36994876,0.1353640791055138
36994877,0.2357940929716864
36994878,0.22039136833843184
36994879,0.13603677978401338
36994880,0.21477680947390956
36994881,0.23818129085239786
43420745,0.41988178741700133
43420746,0.16365842000894976
43420747,0.39792409753002583
43420748,0.5037087076638805
43420749,0.29957052701780984
43420750,0.10650315932325236
43420751,0.4430470286735789
43420752,0.5743343689507193
43420753,0.5246076640685262
36979780,0.08467404677010797
36979781,0.2936360280039892
36979784,0.43187976693097935
36979785,0.04481537863449748
36979786,0.35639132582772975
36979787,0.06635553329880226
36998293,0.41394251357356104
36998295,0.5656648044605556
36998296,0.3310117343371332
36998297,0.35817900533011243
36998300,0.34567399396103377
36998301,0.2658879639355383
36986715,0.0874252396355826
36986716,0.12669697955772274
36986717,0.11285891428189747
36986718,0.18150260252796002
36986719,0.23626760535582336
36986720,0.12493225205545654
36986721,0.13407864271401826
36986722,0.1227143891755926
36986723,0.1464642886777843
36979812,0.4972851971181454
36979813,0.2802606025519045
36979814,0.24101746102389324
36979815,0.8358716724138681
36979816,1.6359776449533023
36979817,0.34466501833221774
36979818,0.20585017438345704
36979819,0.42385481469244213
36979820,0.3887930458272899
43424902,0.9102184347573298
43424903,0.6490836963195157
43424904,0.1637102374193719
43424905,0.15109978335641577
43424906,0.29128149676727944
43424907,0.6022605488744631
43424908,0.6297866507531195
43424909,0.34455673690151717
43424910,0.19522304651525338
43424911,0.3204429368955421
36960658,0.3334611928960159
36960659,0.0788883296096424
36960660,0.07950740200535444
36960661,0.2612712967763188
36960662,0.19010592557672207
36960663,0.04194847018934973
36960664,0.05554617168964406
36960665,0.7903965573581568
36960666,0.0542349364577699
36960667,0.07654123918091542
43423391,0.4142695252496253
43423392,0.27220424647063896
43423393,0.2617904235952552
43423394,0.08224911100624688
43423395,0.08195938101470351
43423396,0.6104926152780591
43423397,0.32624162223138375
43423398,0.4325534671460354
43423399,0.5728093938945458
36977573,0.10756671923784775
36977574,0.12109970225688271
36977576,0.12050500237343874
36977577,0.13535365323828807
36977578,0.10144547659344676
36977582,0.16505887193837604
36955489,0.13046866890427897
36955490,0.10025305234340322
36955491,0.1167803550788085
36955492,0.16381461098036418
36955493,0.13128748014667144
36955494,0.29389060589104854
36955495,0.08440531603503523
36955496,0.4549975858395429
36955497,0.26751866421630843
36955498,0.1373736192130184
37024106,0.1449852437445626
37024107,0.19624526366200704
37024108,0.18921073015411152
37024109,0.13290940475848687
37024110,0.07240521022911109
37024111,0.18191148852276665
37024112,0.17876454809148629
37024113,0.15474047540176716
37024114,0.1508819725249115
37016088,1.299793939842611
37016089,0.3769479038689429
37016090,0.670122534732745
37016091,0.39644567735045344
37008623,0.18891878381364616
37008624,0.1813650618472545
37008625,0.1742284457227832
37008626,0.14398897247759473
36984010,0.17840541428103995
36984011,0.06876017811286099
36984012,0.2851587179170694
36984013,0.1315643072283087
36984014,0.09900896425850413
36982780,0.2753914930356853
36982781,0.11422757874754884
36982782,0.16197670170148018
36982783,0.14502330138529995
36982784,0.33390331473371243
36982785,0.18873185860698324
36982786,0.14605040896257768
36982787,0.4391798502976234
36982788,0.17460452273848506
43424722,0.1626872136909326
43424723,0.5044081213132804
43424724,0.49656875564685643
43424726,0.5537995016655601
36995897,0.47044762253536637
36995898,0.09131183633579644
36995899,0.14325083781146392
36995900,0.16485025444265655
36995901,0.2334778733339125
36995902,0.22152117929515902
36995903,0.24422838142720948
36995904,0.07378177260517223
36995905,0.35968754408970566
37009558,0.2777127979841264
37009559,0.14017520494352126
37009560,0.18942595807884188
37009561,0.14365105028611005
37009562,0.14396014931891363
37009563,0.22409196097044037
37009564,0.22678564974407545
37009565,0.1096474976141058
37009566,0.13090849112146055
37009567,0.22757549062427349
43419032,0.21302267268985742
43419033,0.27998847761849543
43419034,0.14435608441857575
43419035,0.45951619395333654
43419037,0.3184393237884486
43419038,0.3664402922280506
43419039,0.18701606435902848
43419040,0.13780448502458206
43424921,0.22792189200092366
43424922,0.15869640351331457
43424923,0.4207081896393748
43424924,0.2907332818108833
43424925,0.1685524794986154
43424926,0.16127838396222802
43424927,0.49370047234474995
43424928,0.33207861613735734
43424929,0.4857247554729299
43420868,0.3860477490248238
43420869,0.2957958546377641
43420870,0.3869242963724337
43420871,0.556370345793331
43420872,0.6026864196135295
43420873,0.28721639332931626
43420874,0.33624613428169026
43420875,0.28927351563722004
43420876,0.16647991776208548
43420877,0.6128608268712558
43429895,0.1422813687514345
43429896,0.376106837756149
43429897,0.14858296446679076
43429898,0.13629645001435117
36968998,0.0502312424248865
36968999,0.03874515957081111
36969001,0.09726186458585301
36969002,0.10553136790284652
36969003,0.1035088214259117
36969005,0.10059159415773176
36969006,0.048798452340500446
36968305,0.21506278188694986
36968306,0.4146065560919435
36968308,0.4032886507725615
36968310,0.9333252317545763
36961590,0.05121909942699617
36961591,0.10908737969202453
36961592,0.11430764316023852
36961593,0.053434345886720885
36961594,0.20939681648279523
36961595,0.05746828376830294
36961596,0.05595043173593012
36961597,0.09461278464279078
36961598,0.05895318952421364
36955137,0.1713883548007217
36955138,0.09722041169408227
36955139,0.1499172986605614
36955140,0.22663494307961618
36955143,0.09437383342427258
36955144,0.19810271847828334
36955145,0.09403847269652357
36955146,0.14264445512136184
36955515,0.15912069761836678
36955516,0.3801907355250998
36955518,0.07472122039695905
36955519,0.1554578114072078
36955521,0.14583025228674681
36955522,0.41502511266025494
36955523,0.0921353356262218
36957752,0.16269955129222044
36957753,0.15659072466863022
36957754,0.10798816025162236
36957755,0.43671943834966176
36957756,0.1532464417905625
36957757,0.4032024320563951
36957758,0.15718003712708872
36957759,0.0869026093670209
36957760,0.15367919681622327
36955110,0.07938453194324313
36955111,0.15167498818675007
36955112,0.17263348601333633
36955114,0.0868621670939929
36955115,0.13175404406321858
36955116,0.4161417660642028
43432117,0.10844829739932936
43432118,0.14869740100366033
43432119,0.9705182413622814
43432121,0.18786776213785283
43432122,0.1517383376300664
43433129,0.21092162986313137
43433130,0.24655168776843608
43433131,0.23204044589952333
43433132,0.5435529425137937
43432887,0.30211420926350246
43432888,0.33727744771333906
43432889,0.33264840790314604
43432891,0.2705604735107942
36959519,0.1700790958627099
36959520,0.16322176639697744
36959521,0.1589363502382272
36959522,0.17796898991103707
36959523,0.1513131687764398
36959524,0.179537690785822
36959525,0.16705438708660497
36959526,0.17027990857758463
36959527,0.11085591246549188
36992198,0.08209531205689359
36992199,0.16566036978372634
36992200,0.12089565085200737
36992201,0.09473536936491822
36992202,0.2049607265058784
36992203,0.07770663986320585
36992204,0.10837104505799675
36992205,0.18506870023805447
36992206,0.07453999633764645
37022937,0.18194604018911578
37022938,0.7279036058937709
37022939,0.7834720943949082
37022941,0.13068800389406404
37022942,0.20965028191575735
37018453,0.10913474321996834
37018454,0.18043160034319103
37018455,0.14432886913948373
37018456,0.1464676762770839
37018457,0.11462090768940403
37018458,0.16332133011075575
37018459,0.1466583702943936
37018460,0.15745555296556463
36970451,0.119666526889281
36970452,0.09869782256520167
36970453,0.21632063705229118
36970454,0.08896917854121057
36970455,0.07680204861640173
36970456,0.09349576936373241
36970457,0.14857637586701142
36970458,0.1463324794653974
36970459,0.11045748613034313
36964686,0.42905876749773386
36964687,0.1664525922675353
36964688,0.1208704087695598
36964689,0.2991854342316306
36964690,0.26426418199016904
36964691,0.1713047001317196
36964692,0.12945293297935564
36964693,0.13507918820017892
36964694,0.2152364312233016
36964695,0.2998336104395391
36990758,0.14226849618558454
36990759,1.0596263470806688
36990760,0.3134362022550191
36990765,0.1367480242748605
36990767,0.1587962239834376
36971589,0.15325988362559054
36971590,0.48183381326513314
36971591,0.1436242637110285
36971592,0.24451807889605773
36971593,0.16385149372912688
36971594,0.24830320050726218
36971595,0.1652130957376061
36971596,0.28681301617525395
36971597,0.168205826714912
36971598,0.6420350061163747
43431071,0.17339979919663734
43431072,0.13288902058716068
43431073,0.25720090285582886
43431074,0.148583624810805
43431076,0.16203985903392884
43431077,0.10837735104020532
43431078,0.17297940972131737
43431079,0.225842824497791
36992427,0.125823208229517
36992428,0.12506812329445716
36992429,0.18906819164873678
36992430,0.11599585464664532
36992431,0.16377295455500102
36992432,0.12220762901598597
36992433,0.07955603662301403
36992436,0.05794644210508266
36984097,0.2309996844311968
36984098,0.35496190105109177
36984099,0.1193920935468189
36984100,0.10237799386307318
36984101,0.27423227839275544
36984102,0.22776317811909533
36984103,0.19357462412441015
36984104,0.10393032142562532
36984105,0.1472903316725166
36984106,0.23165318793332865
43429575,0.11851077112388034
43429576,0.35988669226695147
43429577,0.05029788801116072
43429578,0.1097812987321695
43429579,0.20213880529044637
43429580,0.07806602904685753
43429581,0.4895677806047515
43429582,0.23131341866298066
43429583,0.049263634877462
43429584,0.07949905632538243
43420219,0.4965666607871075
43420220,0.25833344633446026
43420221,0.21397670178213793
43420222,0.274901092469925
43420223,0.3957093882911608
43420224,0.40919454619200957
43420226,0.5266571599452466
43420227,0.27474154703608006
43420228,0.32374654215013515
43432842,0.15213385767435375
43432843,0.14995008253448114
43432844,0.8291531715707428
43432845,1.2789999886588228
43432846,0.8409878228166355
43432847,0.13574463308085533
43432848,0.11244230123505165
43432849,0.11631193367922367
43424423,0.13358550733227353
43424424,0.4896037376807161
43424425,0.43274645008823537
43424426,0.12461324883092141
43424427,0.489973549045774
43424428,0.1287737292285957
43424429,0.1383666013508312
43424430,0.4020473034408458
43429344,1.29863844667474
43429345,0.2017972093062858
43429346,0.22116372049434446
43429347,0.15909187191994228
43429348,0.19986977646020163
43429349,1.2657609196160111
43429351,0.18012338105113787
43429353,0.15799079215520578
43421673,0.34746927617556944
43421674,0.3435758792442702
43421675,0.40209025126420284
43421676,0.4112422168632365
43421677,0.27135242090109
43421678,1.4523785236097357
43421680,0.24937035659432033
43421681,0.43682639951967667
36969530,0.07002427414076182
36969531,0.2293485227170961
36969532,0.2068407993653683
36969533,0.0789515073849577
36969534,0.04273522562272692
36969535,0.3104875868700843
36969536,0.3932621544388628
36969538,0.08780976390245901
36969539,0.06926062087169688
37017371,0.24424751985123605
37017372,0.254112773241138
37017373,0.18608086112089056
37017374,0.20726353430586647
37017375,0.18532073376039065
37017377,0.21752944652914127
37017378,0.19153644269965955
36977152,0.31686236472884965
36977153,1.1918067627161157
36977154,0.2274167916797953
36977155,1.2405223361256255
36977156,1.1454643811457654
36977157,0.27988824415053554
36977158,0.18077567351711554
36977159,0.601312454315353
36977160,1.7107107678912448
36977161,0.5398010038174436
36978469,0.07751349828680539
36978470,0.26699415596773285
36978471,0.4084664080932624
36978472,0.0732584349197303
36978473,0.08318028034779631
36978474,0.10011971439790132
36978475,0.12975139101136454
36978476,0.10144024512583628
36978477,0.15598787939971712
36978478,0.07864014026247591
37009768,0.1687707633179228
37009769,0.25682913759968246
37009770,0.29382480822434204
37009771,0.30685819111531765
37009772,0.2539276722555988
37009773,0.1548093043771029
37009774,0.13479984551839236
37009776,0.2879453111816609
37009777,0.32945806934868005
43419951,1.167792495257488
43419952,0.7530402787707957
43419953,0.8806388874522794
43419954,0.45595548459641994
43419955,1.2988785177095388
43419956,1.2305973901589944
43419957,1.384082206990487
43419958,1.1147511212265167
43419959,0.5271470805376772
43419083,0.4215240757823886
43419084,0.8567134689022969
43419085,0.1800079059849029
43419086,0.20212541297749298
43419087,0.6627941340947732
43419088,0.4167394038565555
43419089,0.7314319354404113
43419090,0.9947717947906632
43419091,0.428264796289757
43431902,0.16035997721679504
43431903,0.4026092603973978
43431904,0.17287974977424925
43431905,0.2241448792336873
43431906,0.27075921245506585
43431907,0.4372582558132915
43431908,0.19906761682307725
43431909,0.3466350452773375
43431910,0.5101604632140362
43431911,0.13330756687299958
36989489,0.2828681714022852
36989490,0.2125181144810977
36989491,0.5438105972336201
36989492,0.18640737858015577
36989493,0.5498798499399077
36989494,0.31120057016872543
36989495,0.37483289583078866
43418903,0.4803409570310001
43418904,0.3949210502127936
43418905,0.5144198533226162
43418906,0.16452797450668508
43418907,0.16968590274155182
43418908,0.15614159745552103
43418910,0.15831460475329617
43425702,0.2300464182710573
43425703,0.21186046767600666
43425704,0.0685052681462618
43425706,0.2672082592167004
43425708,0.1579359895086219
43425709,0.24091725550988982
43425710,0.2504224174655345
43425711,0.5791273827878857
43419461,0.2903566460557215
43419462,0.21256896091779964
43419463,0.10163694566310008
43419464,0.21067968718181246
43419465,0.12881782474903522
43419466,0.21832252280025374
43419467,0.12307029494695661
43419468,0.14987222404811412
43419469,0.0952647152672972
43419470,0.2661746623644993
36985333,0.2250114725039011
36985334,0.09207892925668491
36985335,0.3054899332055594
36985336,0.1521362644614999
36985338,0.7793080232499318
36985339,0.3381105430469879
36985340,0.19047078512443913
36985341,0.8414468708273632
36985342,0.3631029908090513
36984087,1.0229285120000084
36984088,0.22552105798028477
36984089,0.10721604784836024
36984090,0.26352224510849265
36984091,0.07150483809767164
36984092,0.085283126617045
36984093,0.10448304102843094
36984094,0.061058500608535744
36984095,0.28168313578260606
36984096,0.4049017795034659
36992773,0.31222969591685
36992774,0.13096391020523132
36992775,0.1361445180684134
36992776,0.2520016652153377
36992777,0.2560390360132827
36992778,0.23698725078929683
36992779,0.09399789987059035
36992780,0.1845323116597376
36992781,0.2610235655933754
36992782,0.25822772763620694
36993266,0.0759362050584582
36993267,0.06884137436215844
36993268,0.22245448332983228
36993269,0.07513476833090557
36993270,0.8304103974543886
36993271,0.1363774168801076
36993272,0.30878698450570163
36993273,0.2917842169510336
36993274,0.07450367114675491
36983145,0.1002911929388107
36983146,0.09989780202089932
36983147,0.09683013330298765
36983148,0.9958936794107265
36983149,0.11990441903504144
36983150,0.7220701491546716
36983151,0.12414547447497132
36983152,0.08980674510908056
36983154,0.09957755980298053
43428493,0.07142097154076653
43428494,0.7091426572469184
43428495,0.4974829538453458
43428496,0.11885289562823749
43428497,0.5116339838680204
43428498,0.08908339191598098
43428499,0.07446585412959716
43428500,0.2764601986776961
43422144,0.3421809037579022
43422145,0.42870462027902473
43422146,0.49435237377962327
43422147,1.1058195718811417
43422148,0.3394849221436474
43422149,0.3730764893987016
43422150,0.4614008763607548
43422151,0.2827603415823079
43422152,0.3893570799106561
36981290,0.12371086493996196
36981292,0.37513254954033864
36981293,0.3180636307853453
36981294,0.7377574010803588
36981295,0.35914416524052495
36981296,0.3071736253771062
36981297,0.3455272013546757
36981299,0.41009199486941256
43421803,0.3795383964498932
43421804,0.5755089523506342
43421805,0.20815370570156186
43421806,0.21583554575933317
43421807,0.2980265584283722
43421808,0.5930825053701987
43421809,0.2447168837066658
43421810,0.224894566680745
43421811,0.4398302790196388
43419358,0.18500234654263034
43419359,0.43811166553923714
43419360,0.2567001370873149
43419361,0.6429947952406655
43419362,0.23472620789518026
43419363,0.46018255360270166
43419364,0.3224613339656056
43419365,1.8882920643925003
43419366,1.904684096212238
43419367,0.2255491751202285
36986104,0.2568393497113658
36986105,0.32235163168947983
36986106,0.05937492788677522
36986107,0.05894538957225164
36986108,0.0548343435138308
36986109,0.058379297923121944
36986110,0.2516908877302604
43423149,0.08250124629816648
43423152,0.15345553057210004
43423153,0.10417133681199045
43423154,0.32780607395939115
43423155,0.5700492730650832
43423157,0.19875636354567366
43428276,0.29756170898204065
43428278,0.08945480243863928
43428279,0.16112936787588794
43428283,0.20111799797430388
43428284,0.49734708217965307
43426844,0.4134863900984712
43426845,0.4480167700411339
43426846,0.3909655416135578
43426847,0.3067273281059409
43426848,0.43336794149917457
43426849,0.23080118540146433
43426850,0.4665678030146096
43426851,0.1889319989714646
43426852,0.44236090350932467
43426853,0.7087998446728669
43431053,0.2546111238980086
43431054,0.21493306805494622
43431055,0.5355437678673405
43431057,0.5098304974518106
43431058,1.13480291851091
43431059,0.4215807050488066
43431061,0.3206182229092668
43423767,0.2615724736057856
43423768,0.6357955218928525
43423769,0.8137719543535298
43423770,0.5185772958055496
43423771,0.17494984540538663
43423772,0.47139382246021316
43423773,0.5952232238691897
43423774,0.41665571725182027
43423775,0.44285716780915074
43423776,0.518084624251623
43419229,0.11386167406381928
43419230,0.17626893549137385
43419231,0.412451276313427
43419232,0.12407209603432898
43419233,0.642696470752555
43419235,0.2778378702837501
43419236,0.569107944847264
43419237,0.11186985189515788
43420896,0.27590052028161893
43420897,0.19809116528911655
43420898,0.235793741042699
43420899,0.2072430095659912
43420900,0.2512181112888739
43420901,0.2329079793704121
43420902,0.22677722426621783
43420903,0.21519882195816797
43420904,0.23149655048318277
43433151,0.28848428483662764
43433152,0.2651498792427267
43433153,0.2571309726863911
43433154,0.27203988133667906
43433155,0.23987848895940725
43433156,0.3351062642444198
43433157,0.9861440501915074
43433158,0.264662368056746
43433159,0.2570955378452554
36987807,0.1737640000125289
36987808,0.9014001584635658
36987809,0.39529521035767734
36987810,0.7962343767707795
36987811,0.842213516159654
36987812,0.15812254480099322
36987813,0.8513498231248219
36987814,0.6644440132672206
36987815,0.41194982293799787
36987380,0.29614023182871596
36987382,0.21943289933016294
36987383,0.26088782259980947
36987386,0.22713717458845847
36987387,0.19104384147357467
36987389,0.2401407883853098
43429145,0.38886672071214107
43429146,0.15923757524095863
43429147,0.3452158719028713
43429148,0.28646012815323113
43429149,0.21782221034545535
43429151,0.43184412588737187
43429152,0.5553651450039288
36983590,0.09557709140928913
36983591,0.2508238013828411
36983592,0.07957570526127461
36983593,0.08354273573843052
36983594,0.14973054443689854
36983595,0.20754138666218774
36983596,0.125089235247893
36983597,0.15992554650539767
36983598,0.08089865876908277
36983599,0.17119129111423415
37024138,0.06841642623597884
37024139,0.06506820277374889
37024140,0.06579150405162829
36993697,0.15736289854734498
36993698,0.07772168022213854
36993700,0.09753040846811083
36993702,0.1666803533891871
36993703,0.32761290400252296
36998974,0.17267870059577717
36998975,0.1101623498439188
36998976,0.11790346776859024
36998977,0.09855522141913681
36998978,0.16539911889735093
36998979,0.5546802450877678
36998980,0.1543644153373643
36998981,0.10478088674349095
36998982,0.11825532424876999
43421241,0.9274643707645127
43421242,0.9808061409013487
43421243,0.14727402449236374
43421244,0.19791000874008643
43421245,0.94428214811993
43421246,0.2528550754423488
43421247,0.3396090220811349
43421248,0.28173503286619
43421249,0.08082058054650292
36967659,0.05113227546838279
36967660,0.23679005419138868
36967661,0.15363974605880307
36967662,0.06401687794332626
36967663,0.06167161933342466
36967664,0.0740625783518475
36967665,0.0576369827754672
36967666,0.14587815493511727
37014094,0.16938746103320645
37014095,0.22997816963616305
37014097,0.18387405505480667
37014099,0.13642219432395217
37010077,0.12435219365031365
37010078,0.178634839796062
37010079,0.14157855041482392
37010080,0.16201019836583733
36994486,0.6147180327919929
36994487,0.20556637788829057
36994488,0.25231968577666836
36994489,0.21570755601581174
36994490,0.1134694397982123
36994491,0.28292034042302955
36994492,1.2083854732598307
36994493,0.26626901211400084
36995611,0.1286869119103932
36995612,0.24853534629156074
36995613,0.37129989031222027
36995614,0.12346075528875768
36995615,0.2425438059893282
36995616,0.3122866472195207
36995617,0.22151471480346135
36995618,0.19114051906322985
36963067,0.08571390539208103
36963068,0.1708809775971583
36963069,0.16652798042825923
36963070,0.34715693983444323
36963071,0.5057034223781245
36963072,0.5430527435334636
36963073,0.09800963720585977
36963074,0.08126353460810874
36963075,0.2499383659661309
36963076,0.3288871479227348
36972264,0.10323392170266245
36972265,0.24779848315023592
36972266,0.08665780768874011
36972267,0.108519787692018
36972268,0.0604864498269212
36972269,0.06252477358267532
36972270,0.09984115226314809
36972271,0.07933052956069771
36972272,0.10486988027564105
36972273,0.06059073432153124
36981686,0.1432236658642601
36981687,0.196493551527733
36981688,0.22714001089026697
36981689,0.1288973170106714
36981690,0.22980119718471426
36981691,0.2337598214581765
36981692,0.1306898172306179
36981693,0.13193799319402855
43421885,0.1635657531236735
43421886,0.1401155168179324
43421887,0.2416864748543721
43421888,0.2141435665103782
43421891,0.24238382467755118
43421892,0.1719937450770956
43421893,0.2532726301495772
43421894,0.2184617744470978
36982302,0.17685393664002663
36982303,0.09386823585738897
36982304,0.0544758450623757
36982305,0.08211560793085919
36982306,0.1874985463367266
36982307,0.1991919157986064
36982308,0.0673406916183547
36982309,0.273819515434739
36982310,0.0642308186903991
43426892,0.46453308775661245
43426896,0.23451861848521527
43426898,0.15865424497695838
43426899,0.3636086268013935
36984172,0.4161222944730713
36984173,0.3600287403362161
36984174,0.12144365658514862
36984175,0.4441236969671093
36984176,0.354701379914711
36984177,1.4336644412325914
36984178,0.10486988675234496
36992872,0.35037059782390667
36992873,0.34244353122670235
36992874,0.4839491283169543
36992875,0.49040396162994565
36992876,0.5147384412735343
36992877,0.5720111914755809
36992878,0.5947557221746468
36992049,0.3549283280954809
36992050,0.3706076033747754
36992051,0.3202604518309883
36992052,0.1843735223947638
36992053,0.2245091067442
36992054,0.3707714969682218
36992055,0.18606866454316964
43430291,0.18354202807142309
43430293,0.14374188017740272
43430294,0.21868516119984494
43430295,0.20007959801660938
43430296,0.21028882200168547
43430297,0.15359313891469883
43430298,0.18382210223852036
43430299,0.17230231130896428
43430300,0.18649912810499716
36969845,0.24169861631786205
36969846,0.3344493508561524
36969847,0.15284522396267058
36969848,0.1921294574190844
36969849,0.3131462429433773
36969850,0.17782999990417758
36969851,0.4241777967327777
36969852,0.3685547653529573
36957088,0.4604631451807887
36957089,0.11218896901274807
36957090,0.18769820167821896
36957091,0.15068583515707476
36957092,0.37271898775116463
36957093,0.18702979842275455
36957094,0.40645622855528873
36957095,0.18003655847809924
36957096,0.12056617347667692
36989773,0.1859001637224246
36989774,0.42153433836669857
36989775,0.3276997556276123
36989776,0.3425852461835355
36989777,0.8499075814202501
36989778,0.164873570327591
36989779,0.2697853050269028
36989780,0.07989252111989134
36989781,0.32850780568576626
36989782,0.40317356759889555
36964063,0.4188980451977884
36964064,0.31724864151055926
36964065,0.42601980959422614
36964066,0.36404767531684384
36964067,0.5372504378816982
36964068,0.22892267072628494
36964069,0.326810499005148
36964070,0.6575867933969881
36964072,0.35747514842622247
37011526,0.21075433646625083
37011527,1.4400230172703614
37011530,0.5435775359981856
43426363,0.3735686634268456
43426364,0.19436879052196115
43426365,0.27441170090000505
43426366,0.7612715309369341
43426368,0.7949794811995953
43426369,0.7901162298390205
43426370,0.317684170906927
43423796,0.14247893946054857
43423797,0.10808699411655728
43423798,0.17860424750896867
43423799,0.23495600565798258
43423800,0.1850912312982186
43423801,0.20515315608033
43423802,0.06578130167203249
43423803,0.1325187786336243
43423804,0.09121673621480403
43425180,0.3806140013246866
43425181,0.20982709653704956
43425182,1.2855871158921173
43425183,0.6369531989980867
43425184,0.17967977188478781
43425185,0.6482371143444514
43425186,0.2707765205261015
43425187,0.2170897028821123
36988197,0.8309887389229688
36988198,0.695406383846357
36988199,0.3704729967325208
36988200,0.3247413590940515
36988201,0.5097953548560672
36988202,0.38624436344478597
36988203,0.711636559215338
36988204,0.3412027325177584
36988205,0.3798201017772361
36968898,0.15792419130099078
36968899,0.18016392719683447
36968900,0.11423927348825001
36968901,0.22548091058134004
36968902,0.19051657085942938
36968903,0.2783987311678754
36968904,0.3857547331511924
36968905,0.49233050335336764
36968906,0.2875692989592182
36968907,0.12489584786228679
43432568,0.11878915645469114
43432569,0.31623009039605
43432570,0.09049002799924522
43432571,0.25048751575654254
43432572,0.07406126519636537
43432573,0.11957237538755436
43432574,0.0750592835065136
43432575,0.0771446531695246
43432576,0.190627652330276
37007311,0.6805644640931338
37007312,0.7085931449643512
37007314,0.17820986131745886
37007315,0.12437296257396468
37007316,0.17913212870662415
37007317,0.14217537209818362
37007318,0.7808171979076007
37007319,0.16276367158411262
37007320,0.15710230475412404
36970823,0.14172544552731586
36970824,0.14885377610973782
36970825,0.13451298542963952
36970826,0.14149881926230257
36970827,0.12167559312668369
36970828,0.1477605540486089
36970829,0.11107881046088182
36970830,1.5019787772943969
36970831,0.11573663906415414
36978153,0.1288087992004846
36978154,0.05596971367448118
36978155,0.11311481909373311
36978156,0.11595363675035725
36978157,0.11273838828313026
36978158,0.19323824913004092
36978161,0.2184150841017918
36970460,0.07670808924422634
36970461,0.09565299924176165
36970462,0.18222231200262284
36970463,0.09384051736050743
36970464,0.07307029979694181
36970465,0.08450157591023968
36970466,0.10850737253437678
36970468,0.15147540401120213
36979339,0.07185783774230789
36979340,0.22042638564722136
36979341,0.2580618272058049
36979342,0.3607695129604799
36979343,0.08486442690089065
36979344,0.09750831665658781
36979345,0.09341912233350158
36979346,1.1044682791559894
36979347,0.10304162360765151
36979348,0.1834792494463753
36994975,0.541962877543596
36994976,0.10338847844348065
36994977,0.13715966308572977
36994978,0.806209154236923
36994979,0.23141384105362553
36994980,0.08325505993482264
36994981,0.4334765919531879
36994982,0.35784837656622465
36994077,0.08646772323557725
36994078,0.8770311217745287
36994079,0.12069412174005828
36994080,0.11811973259134888
36994081,0.35114240032252214
36994082,0.12202887757483681
36994083,0.09758021285984689
36994085,0.157480633751253
36994086,0.13923800567265598
36991318,0.09288603826143567
36991319,0.13530567700773563
36991320,0.19700306417452843
36991321,0.2427543687573799
36991322,0.2923401392123823
36991323,0.21461366613671504
36991324,0.25578917419472547
36991325,0.15860726703951225
36991326,0.10814996128023534
36991327,0.13816441905267704
36965034,0.0916004864269887
36965036,0.2127278396394193
36965037,0.1582616850559252
36965038,0.1459600568004432
36965039,0.09410332266423996
36965040,0.1229427666154437
36965041,0.2680965243981652
36965042,0.2393719794849125
36965043,0.188380898687989
43428674,0.5217289036260218
43428677,0.1378505927517486
43428678,0.6717192985309628
43428679,0.13444522346104432
43428680,0.46087584168407425
43428681,0.31545579178504557
43428682,0.6312740362345426
43428683,0.21773425834825608
43432219,0.20312611645124462
43432221,0.17144102552862978
43432222,0.11459544869764486
43432223,0.1945871929422466
43432224,0.40406874113495356
43432225,0.36222889159124866
43432226,0.22339115608343718
43432227,0.4060976725787343
43432228,0.4747493729682628
36957242,0.09852419781092372
36957243,0.0743807704689691
36957244,0.1378391435675768
36957245,0.2431869886386736
36957246,0.31571734642279375
36957247,0.26861259625565365
36957248,0.24667572666128687
36957249,0.2757787040902638
36957250,0.08475706063282541
36957251,0.08933465433371963
43420683,0.8908558685154832
43420684,0.3794441917232076
43420685,0.39700012571899146
43420686,0.4249496829166991
43420687,0.6578740756053866
43420688,0.4136315481244832
43420689,1.094938042815794
43420690,0.5936179955867408
36998347,0.123567115503327
36998348,0.24716033162100676
36998350,0.11343957074591882
36998351,0.09246999258371366
36998352,0.1071057746808115
36998353,0.10423435020447111
36998354,0.10615943765932519
36998355,0.1656904047338727
36998356,0.11135267996882262
36965273,0.5011912193645834
36965274,0.7484596742231019
36965278,1.1844619575128186
36965279,0.7647290791905677
36965280,0.04321319394497502
36965281,0.13992286113081343
36978479,0.158471334229585
36978480,0.295625356490284
36978481,0.41806874796040533
36978482,0.20618107755937554
36978483,0.15454717063526816
36978484,0.7194449065558396
36978485,0.16563712968543565
36996349,0.16075059086706306
36996350,0.09733798457833341
36996351,0.2711437413228974
36996352,0.1710837082511592
36996353,0.09167281480563533
36996355,0.09668134165903727
36996356,0.12602631018465402
36996357,0.14569979638821665
36996358,0.12836595725751365
43420313,0.3721099914911006
43420314,0.22478821044426509
43420315,0.42204136697257333
43420316,0.3371703584498201
43420317,0.14232366001950544
43420318,0.3633085474826977
43420319,0.2169979742546585
43420320,0.22792797847075158
43420321,0.19340919246235022
43420322,0.5224032980327319
43419024,0.1667024445599838
43419025,0.3482132152598827
43419026,0.27348043897628704
43419027,0.26917925668148623
43419028,0.23423433779141292
43419029,0.20606700019897312
43419030,0.17757936648018433
43419031,0.3430084555226736
43426209,0.16659576675573246
43426210,0.33611503841987167
43426211,0.4276370410116556
43426212,1.8045157346730485
43426213,0.29817585154496157
43426214,0.34195285975168
43426215,0.36954096903499506
43426216,0.5069030219247639
43429195,0.4145228089915662
43429196,0.3525739835038872
43429198,0.1568080958549017
43429199,0.2913468846829706
43429200,0.15721201070882865
43429201,0.3775141546108849
43429203,0.29373039042824506
43429204,0.5620040713627482
37009960,0.24527659211331074
37009961,0.15496941780283532
37009962,1.000029531950375
37009963,0.4424002770141626
37009964,0.36196926159597964
37009965,0.18160918000260912
37009966,0.1374092246323766
37009967,0.16692902452110978
37009968,0.09194779565540512
36994187,0.12931897679503596
36994189,0.08380457824329701
36994191,0.07295433233645507
36994192,0.17377551624965537
36994193,0.12957388564512345
36994194,0.08406310363539578
36994195,0.14735605801883042
36994196,0.10525382347537537
36996892,0.2210566538898059
36996893,0.8667273774082713
36996894,0.11691231893301869
36996895,0.1860212529900029
36996896,0.7899843223808949
36996897,0.28308091638375865
36996898,1.100617379515353
36996899,0.33868735325870875
36996900,0.0380090092838321
36996901,1.0029384819461928
37015278,0.04716954787646274
37015279,0.050144388807133906
37015280,0.23006972973509496
37015281,0.14641727194330745
37015282,0.4021843089876112
36987137,0.09207984926737578
36987138,0.08129467789073902
36987139,0.06611728653960376
36987141,0.059785173797114545
36987142,0.07766063266060957
36987143,0.19929621753789767
36987144,0.08701436855543115
36987145,0.19604640048771949
36996080,0.10627212299992428
36996081,0.11391858629687765
36996082,0.08479941487727745
36996083,0.045311465926671866
36996084,0.06983362330387209
36996086,0.14999512652389735
36996087,0.1365231836120195
36996088,0.1735012787214369
36963298,0.11136365065087545
36963299,0.13000976466597117
36963300,0.12547545797245124
36963301,0.3884185049001738
36963302,0.24928684119506608
36963303,0.35681888593717537
36963304,0.08830485524228343
36963305,0.2705315792180663
36963306,0.1475849057740484
36990190,0.7999953247240956
36990191,0.28361826801469675
36990192,1.8270882970425704
36990193,1.8656258068657132
36990194,0.765463730323934
36990196,0.21662283224810697
36990197,0.09704329488339425
36958670,0.11683063183406797
36958671,0.24740945340455237
36958672,0.1960462455204244
36958673,0.11449839748924039
36958674,0.14922840664687814
36958675,0.12870695247938754
36958676,0.23167735168305673
36958677,0.8847641113701006
36988414,0.15914457416438318
36988415,0.09459543280385733
36988416,0.08197128679145142
36988417,1.0939513789647803
36988418,0.2774335957086101
36988419,0.5197512154192399
36988420,0.3392621485218609
36988421,0.20567726623588997
36988422,0.0739298925982745
36986323,0.4740258023384997
36986324,0.07290091041698292
36986325,0.17256914158311593
36986326,0.0837540701247796
36986327,0.14053656198321862
36986328,0.1198456187206412
36986329,0.1636998529432865
36986330,0.10285286783808191
36986331,0.0979205385857671
43420504,0.6194599323627515
43420505,0.149951206609121
43420506,0.16066841637472115
43420507,0.2283736097025162
43420508,0.4482536301239133
43420509,0.31319549219623855
43420510,0.19292248303177761
43420512,0.3718013994767386
43432361,0.36525065064755535
43432362,0.1535797459170245
43432363,0.3459411346173112
43432364,0.687752777924947
43432365,0.35103783003210065
43432366,0.28046586477810226
43432367,0.1927987922942697
43432368,0.13050262349433372
43432369,0.30316597821709
43432370,0.24904837458649043
43427446,0.20903598518255553
43427447,0.55282915819236
43427450,0.30597379759205423
43427452,1.0007453042809777
43427453,0.425412394432915
43427455,0.3872116730436275
43420414,0.3723630412028636
43420415,0.18618105680471708
43420416,0.5535080432200183
43420417,0.35927141935999185
43420418,0.20185044935186608
43420419,0.2492183041467219
43420420,0.4842891885645514
43420421,0.2897900086604656
43420422,0.08724472241708192
36971120,0.23244851667967392
36971121,0.24897500015061147
36971122,0.17645080585404274
36971123,0.26261070669433045
36971124,0.15276417506794115
36971125,0.5954483206322861
36971126,0.21520078219442673
36971127,0.19517148068765539
36971128,0.284437353186956
36994692,0.13296485466689847
36994694,0.14147007949616078
36994696,1.0186534121322093
36994697,0.45792880784848516
36994698,0.28018884098717467
36994699,0.21109964874285284
36994700,0.2499255992073081
36973667,0.26764931096526573
36973669,0.2734924243094007
36973671,0.07377146148124607
36973673,0.3405051010714093
36973674,0.42687734280741885
36973675,0.07796522257363683
36972210,0.0848628862465601
36972211,0.162866484216288
36972213,0.15589423463372287
36972214,0.05799112876260413
36972215,0.09802701566141772
36972216,0.13632680363506272
36972217,0.08079374014332666
36972218,0.14166551996688534
36981729,0.24236305019883192
36981730,0.22438234660702716
36981731,0.7355742656654308
36981732,0.2901009483731581
36981733,0.1432185711099752
36981734,0.31224804852381977
36981735,0.24321494571965907
36981736,0.11785213190317312
36981737,0.8384636804291762
36974472,0.1399824143918363
36974473,0.28816739389532536
36974474,0.3814453651673977
36974475,0.26061089160391787
36974476,0.41680681777175704
36974477,0.1195380088122432
36974478,0.18981177118496004
36974479,0.2045158522632496
36979927,0.17589386018623787
36979928,0.08845295847758562
36979929,0.3343760505878896
36979930,0.07467281825404722
36979931,0.08143017588406086
36979932,0.2020057238197641
36979933,0.07845820615548428
36979934,0.08185857336042175
43432149,0.132543555659538
43432150,0.5990938423859216
43432151,0.14477367352901768
43432152,0.12982308209105584
43432153,0.2948617685670584
43432154,0.5022913612617531
43432155,0.21183071504944145
43432156,0.18110464812175298
43421702,0.08542536133097867
43421703,0.07937215305659191
43421704,0.12499553631757526
43421705,0.2496516290180865
43421706,0.08762199890596149
43421707,0.18750553507959106
43421708,0.09168449965209806
43421709,0.1552049731902584
43421710,0.106976045373493
43421711,0.10747472181623152
36972622,0.16108258163724481
36972623,0.1940653152133658
36972625,0.331715322869573
36972626,0.19757200280854761
36972628,0.17649853965030313
36966485,1.5981683725255007
36966487,2.3962254367086833
36966488,2.3580209206181237
36966489,0.14423602848033473
36966490,0.27413966171548876
36966491,0.06818071678967018
36966492,0.059916206961274754
36966493,0.047784239414939374
36966494,0.0554523187781574
43423046,0.1408596744383021
43423047,0.16286908726294164
43423048,0.13154611636066466
43423049,0.12762768584393716
43423051,0.16444065400455207
43423052,0.1378091240387372
43423053,0.16697483063375892
36996633,0.08798049360660169
36996634,0.564760125553922
36996635,0.7095476137739977
36996637,0.13603695150125988
36996638,0.08871811830924296
36996639,0.17450534736822257
36978781,0.32559220875067074
36978782,0.1294920091458459
36978783,0.5183826004217867
36978784,0.2812969465095942
36978785,0.31202837120669197
36978786,0.12564262026273598
36978787,0.3510755600006927
36983282,0.3939445143903703
36983284,0.20544467603533567
36983285,0.10122608077453495
36983286,0.20986915527380723
36983287,0.12529087357181334
36983288,0.16895534856772337
36983289,0.0655151692249242
36983290,0.31491525850377533
43433120,0.12980371258268325
43433121,1.538910433836005
43433122,0.3075266473221576
43433123,0.5864124521258236
43433124,0.3000595260361901
43433125,1.3101289115277035
43433126,0.2593978399418644
43433127,0.7480293900731972
36956330,0.5468028093737578
36956331,0.21142851800954904
36956332,0.2744842505503697
36956333,0.44330213639403
36956334,1.396763225920463
36956335,0.47367594178256966
36956336,0.5224149530074793
36956337,0.18156648456950653
36956338,0.2123636509209186
36978726,0.4978985949044013
36978727,0.14177033798043717
36978728,0.5913394492312919
36978729,0.25768439082844147
36978730,0.07260083039968057
36978731,0.3018337989753642
36978732,0.17385671213724133
36978733,0.24660447925436063
43430904,0.22934924250669333
43430905,0.06764495241599738
43430906,0.09990581515920641
43430907,0.17525199451592297
43430908,0.07761687069288876
43430910,0.1462633330762218
43428749,0.32110990504674103
43428750,0.1088516813390381
43428751,0.29358029039503286
43428752,1.032348735671582
43428753,0.0675748677731848
43428754,0.07875560492143974
43428755,1.0983938683264274
43428756,0.1108231986733116
43428757,0.771785172723143
43428758,0.07270803757032836
43426818,0.1344221061162866
43426819,0.16469607732244337
43426820,0.16218800651786236
43426821,0.09913670530419312
43426822,0.17284259568128385
43426823,0.06750256925940404
43426824,0.12907087873192066
43426825,0.48921658309186095
43426826,0.21212407452660928
43426827,0.1588474094589494
36991882,0.08360460517004774
36991883,0.07994622342181867
36991885,0.1010987751095358
36991886,0.20554692405727545
36991887,0.1637051732425079
36991888,0.2121513748290602
36991889,0.791075992630054
36991890,0.15483917152724386
36995126,0.47248982893298397
36995127,0.10490769058070055
36995128,0.6141278198226499
36995129,0.39349454654475735
36995130,0.2766835863018057
36995131,0.18800198826974412
36995132,0.08964386084199062
36995133,0.4362106031451728
43430301,0.4922188115302105
43430302,0.14751791625843372
43430303,0.1638622343200621
43430304,0.6364228435486893
43430305,0.4846525526508764
43430307,0.1297787663994055
43430308,0.7520075552285567
43430309,0.6953473421385816
43430310,0.5276159076459481
43427075,0.14367932671054165
43427076,0.1682608811567747
43427077,0.13550804209119102
43427078,0.6988862796011105
43427080,0.20072734733938974
43427081,0.13035688913220386
43427082,0.4273830484943626
43427083,0.5275263509508566
43427084,0.3094569060318872
43427204,0.390236223493251
43427205,0.5119441845727525
43427206,0.2588455873961349
43427207,1.4589098350061276
43427208,0.1865594074853379
43427209,0.2082751493918325
43427210,0.41510617003617023
43427211,0.1389734910662024
43427212,0.7784686078430652
43427213,0.24756363362641784
36992000,0.14775537372320524
36992001,0.1933171531300082
36992002,0.06609312308482217
36992003,0.036111079736969434
36992004,0.07280171297523613
36994753,0.31441445322720374
36994754,0.616804636319331
36994755,0.4232607023665938
36994756,0.4818862255759185
36994757,0.5510749805647873
36994758,1.3371536361728544
36994759,0.3475935109724679
36994760,0.06607192054336755
36994761,0.4363788329259715
36994762,0.27731936817640546
36981448,0.16286946831855373
36981449,0.1034117888945299
36981450,0.1084430916154177
36981451,0.17453484613420983
36981452,0.27109474844357745
36981453,0.156084222422657
36981454,0.15050262376719387
36981455,0.2446781585410474
36981456,0.1892953610908225
36981457,0.11569648979056939
43429271,0.34651814019823035
43429272,0.16202129493177597
43429273,0.15394752704373127
43429274,0.26362087451409316
43429275,0.18908499319523595
43429276,0.2804209326595649
43429278,0.5596676810419363
36978486,0.19494828319941546
36978487,0.8482253286087126
36978488,0.8343161555932377
36978489,0.188494055187119
36978490,0.6593803914385442
36978491,0.32736654532821674
36978492,0.5995314599389706
36978493,0.281961410944986
36978494,0.30249327363097034
36978495,0.4339319295399984
43419795,0.410735885955381
43419797,0.2755656903355155
43419798,0.20822106464655066
43419799,0.8936689458301097
43419800,0.9427527739682867
43419801,0.258975137351759
43419802,0.32298915821339236
43431516,0.08195994972171618
43431517,0.08266942387284879
43431519,0.15540189201395216
43431520,0.11106863765511246
43431521,0.07905091423157747
43431522,0.18900523636951297
43431523,0.11303971379208141
43419547,0.17750916580489118
43419548,0.5870576529364738
43419549,0.3385392291472313
43419550,0.4830770401282711
43419551,0.2976546288157277
43419552,0.33609888336090527
43419553,0.8180786244766205
43419554,0.44149620353104124
36991856,0.4923664024471564
36991857,0.6403202178150832
36991858,0.43983439267150626
36991859,1.2739098967566886
36991860,0.1477254051375543
36991861,0.12244548457784954
36991862,0.4514197675819623
36991863,0.4454478964058396
36978109,1.3538257127297382
36978110,0.08356182294924887
36978111,0.7417357440283084
36978112,0.08373909566512444
36978113,0.11013219832973335
36978114,0.5158380080848456
36978115,0.13271281469465523
36978116,0.15516271075373886
36978117,0.1579896194230649
36978118,0.08681905373102779
36976899,0.08472856679509695
36976900,0.724096829419251
36976901,0.14999370798916925
36976902,0.14245345244551072
36976903,0.10529468133031344
36976904,0.08985790699754129
36976905,0.7249827606543034
36976906,0.056897067106174724
36976907,0.16412501358617929
36976908,0.18142738516637996
36966367,0.1048211850941771
36966368,0.07002087752762905
36966370,0.10096376178131855
36966371,0.9723456999021896
36966372,0.0935605800293119
36966373,0.11407895700764957
36966374,0.06746900241529577
36966375,0.06548979110038354
36978278,0.2062414011634644
36978279,0.3084038396244712
36978280,0.3533597900284766
36978281,0.20520932974290232
36978283,0.11144742130117878
36978284,0.21052550591656988
36978285,0.27059855566387336
36978286,0.26029589799735287
36978287,0.18152255281070162
36981373,0.2559655166000612
36981374,0.5974871154779451
36981375,0.06763328899169953
36981376,0.7702282137966999
36981377,0.11843372162526584
36981379,0.07592380572913095
36981380,0.5653723280285875
43422231,0.1982404062966525
43422232,0.1283362274307188
43422233,0.485243694740917
43422234,0.1293833118302363
43422235,0.11426160896252863
43422236,0.15942888434078104
43422237,0.17726536456671776
43422238,0.17128934942716786
43422239,0.11967262726583261
43422240,0.12674140524248773
36986584,0.45026594359365707
36986585,0.18416867615341984
36986586,1.1338170648745758
36986587,1.170402850334184
36986589,1.0872216363835687
36986591,0.13816412861595861
36986592,0.4479352508216829
37013291,0.133189139870211
37013292,0.13713070870203797
37013293,0.17556911203894784
37013294,0.13564860279152513
37013295,0.12072744515790199
37013296,0.12423490649278482
37013297,0.1333572932178338
37013298,0.13072470400801625
37013299,0.1463448437248212
37013300,0.13065610066862096
36987769,0.12235968143938912
36987770,0.19119058118463722
36987771,0.11250211438998167
36987772,0.10125815099427175
36987773,0.1067390943913409
36987774,0.10188175304484502
36987775,0.15821254132528745
36987776,0.0764868189022644
36987777,0.10043330854214652
36987778,0.20823852345719882
36956106,0.335992592232475
36956107,0.15282222337868945
36956108,0.11934294105529349
36956109,0.12341661733707757
36956110,0.1302716630030232
36956111,0.07297872139340766
36956112,0.13950905213421394
36956113,0.12302702087444077
36956114,0.13090854087965514
36992632,0.07346827579174992
36992633,0.6196910132854485
36992634,0.7120005439607793
36992635,0.28890064223968975
36992637,0.07275717128295998
36992638,0.3278283791340635
36992639,0.059880204958012925
36992640,0.06124391901348757
36992641,0.7518185398076012
43426709,0.13625120990336503
43426710,0.13638318881177736
43426712,0.14142896525030244
43426713,0.14371956527591162
43426714,0.13010258385408877
43426715,0.19802172305453078
36978434,0.2223769458623286
36978436,0.06755276066554002
36978437,0.44381141135052427
36978438,0.13361724733632308
36978439,0.16442982317078342
36978441,0.36539233221618905
43429776,0.20647434585800464
43429777,0.13415560017706482
43429778,0.14934414274597277
43429779,0.1653134435649183
43429780,0.124940354718623
43429781,0.1363682272241382
43429782,0.3785225417913336
43429783,0.5706975861362684
43429784,0.4031867754828729
43429785,0.7207385625369176
43421624,0.15908691533914085
43421625,0.21637752647123115
43421626,0.13683397694233063
43421627,0.32055703996871454
43421629,0.13600970253860126
43421630,0.2236784680281565
43421631,0.15364159027444033
43421632,0.19908889401546442
43421633,0.14091739881324222
36964649,0.3533645311334853
36964650,0.29384051193868993
36964651,0.6053006196744217
36964652,0.22785731237054932
36964653,0.20586282996304184
36964654,0.48170275176333216
36964655,0.2725058006427178
36964656,0.21744603219545058
43423352,0.11928547932425741
43423353,0.649352263310887
43423354,0.21727280263888574
43423355,0.19165621018850187
43423356,0.2224939257581084
43423357,0.18735281282577101
43423358,0.16821488061856973
43423359,0.33880848664448643
43423360,0.16537235950531015
43423361,0.19413528130780183
36990666,0.1423890784458355
36990669,0.11273204676558239
36990671,0.11635707105749397
36990672,0.2659870141956323
36990673,0.15083091244603575
36990674,0.1345914041818814
36990675,0.11456957593974988
36957025,0.3598884390535849
36957026,0.5844962258705989
36957027,0.4869944310916701
36957028,0.3498687002041511
36957029,0.527349101280422
36957030,0.7045429484207727
36957031,0.7311877941098601
36957032,0.2994083364167972
36957033,0.54325475578588
36993346,0.18044431986301362
36993347,0.8412929558411856
36993348,0.34591662039786497
36993349,0.1495347008903433
36993350,0.15668430263971103
36993351,0.08280087873918554
36993352,0.11153556367936075
36993353,0.1043529622069229
43422326,0.22060871574613206
43422327,0.28662466018585736
43422328,0.16465418443574134
43422329,0.2074012135976996
43422330,0.24056626006747647
43422331,0.23749650639573525
43422332,0.534053618607361
43422333,0.16014261238179303
43422334,0.15648752673403205
43422335,0.6294253369697118
36993862,0.5774817589122818
36993863,0.23143411700261698
36993864,0.46546893752150686
36993865,0.48531721914040066
36993866,0.33207764340834034
36993867,0.3537949634092781
36993868,0.39890512208984624
36993869,0.20166510270496998
36958375,0.1258086658357111
36958376,0.09562852242044656
36958377,0.1322830126787981
36958378,0.13189324178971695
36958379,0.132178837998055
36958380,0.23088765775777134
36958381,0.13381612426655864
36958382,0.11646515045807201
36961937,0.378694712731625
36961938,0.5274529308556393
36961939,0.10009801641795195
36961940,0.5283317920835336
36961941,0.1189089828304463
36961942,0.18026066737093052
36961943,0.1358987749445645
36961944,0.22413866907457175
43425426,0.09525764336689324
43425427,0.22850338170101914
43425428,0.2062708529706435
43425429,0.1734781272045471
43425430,0.18001748396486686
43425431,0.12763687487455497
43425432,0.32602638784123406
43425433,0.2733665254740739
43425434,0.1903321579235422
43423671,0.16578473083195433
43423672,0.1545919017038301
43423673,0.15088077505598183
43423674,0.13633448889286398
43423676,0.3928396943196922
43423677,0.13129902705597354
43423678,0.2237478349773745
36996744,0.20245478670105446
36996745,0.20820497026373402
36996746,0.6631220984370588
36996748,0.4039580402878587
36996749,0.6503057097985305
36996750,0.6566254400005718
36996751,0.11623949630307782
36996752,0.16355200854454902
36996753,0.23173874207217748
36956065,0.15828340103572697
36956066,0.07508462440396914
36956067,0.15615204516249884
36956068,0.6091799861993112
36956069,0.13434636845027056
36956070,0.6001794534667897
36956071,0.18029370999569178
36956072,0.24785524984628013
36956073,0.09404683929740416
36956074,0.28453327789913396
36969234,0.1682598969499151
36969235,0.165343075200411
36969236,0.08336828577736231
36969237,0.08654488571360397
36969238,0.14286808431819512
36969239,0.10780329637199884
36969240,0.1055198530264645
36969241,0.19267821380597094
36969242,0.11366938786105327
36969243,0.05012963228114784
36967443,0.10321520566325464
36967444,0.2709933284209415
36967445,0.04527436405792216
36967448,0.10793180784083162
36967449,0.08567796143546302
36967450,0.04474441138629951
36967451,0.08897974914660833
37012990,0.3591753632933922
37012991,0.14666011373197232
37012992,0.15231036405767076
37012993,0.18820616041958835
37012994,0.15049185256875433
37012995,0.17776098155964068
37012996,0.14676365096307764
37012998,0.6601503365650884
37012999,0.399670509772001
37009133,0.29939457734796054
37009134,0.2308072749120842
37009135,0.1289239104990421
37009136,0.23838131400869947
37008451,0.2688107425363747
37008452,0.19600234747644027
37008455,0.1592940126000626
37008456,0.10702989359854585
37008458,0.11265262643790351
37008459,0.27463313889940005
36987940,0.1306673767492835
36987942,0.168816985308991
36987944,0.24210192314304327
36987945,0.18745561036007646
36987946,0.07528493732007997
36987948,0.07615580471262898
43425106,0.17591975606608132
43425107,0.19408781602406555
43425108,0.47281169519956456
43425109,0.24990248185442515
43425110,0.2814991311002279
43425111,0.2496370472039771
43425112,0.2494594455083041
43425113,0.17644269349485975
43425114,0.255944902466832
43425115,0.16445019550731843
36976201,0.13004416628352852
36976202,0.9022487110456595
36976203,1.75504292925176
36976204,0.11004580815062764
36976205,0.09532742927798278
36976206,0.13099361625335448
36976207,0.1136181284171763
36976208,1.622330719606019
36995346,0.2155503045260783
36995347,0.10597265094937579
36995348,0.09152744249166304
36995349,0.0811067548171811
36995350,0.06373396980528986
36995351,0.1315748008128165
36995354,0.08806325162147514
36995355,0.09139918923249406
43431578,0.08200849245501132
43431581,0.10182774116722629
43431583,0.6618616564501293
43431584,0.11195360947120975
43431586,0.16340844836386376
43427904,0.4510318187953103
43427906,0.4535257681762548
43427907,0.2711710722204062
43427908,0.30691708212224067
43427909,0.8668694117306571
43427910,0.5152911702439545
43427911,0.7732045894183471
43427912,0.4656033394482825
43427913,0.3689630742231639
43419518,0.21547906631849686
43419519,0.7563999342339405
43419520,0.12390888089128091
43419521,0.3226681122474271
43419522,0.14882120020159728
43419523,0.21741861399992865
43419524,0.2108844901354865
43419525,0.14788137037787596
43419526,0.20623965962469598
43419527,0.27418968928884446
43426864,0.2524641628887927
43426865,0.22382546594862013
43426866,0.18501729795563512
43426867,0.09706837187356354
43426868,0.15317818705203964
43426869,0.4893677955715149
43426870,0.3190708140842181
43426871,0.8168593453564612
43426872,0.42667717351279155
36991588,0.4286183273334673
36991589,0.41909731021045316
36991590,0.3871148214071152
36991591,0.19419147008432747
36991592,1.6117183021170862
36991593,0.46152640352271634
36991594,0.38960480839355066
36991595,0.3591882618618438
43427546,0.18020758259110153
43427547,0.5784630710346735
43427548,0.1013861103074647
43427549,0.07916933566588662
43427550,0.08157838615826944
43427551,0.07967702315467323
43427552,0.11284807811908457
43427553,0.2627478638627675
43427554,0.33125484907600794
43427555,0.10507029831709258
36968544,0.4187894811159856
36968545,0.15344884889206517
36968546,0.07700195926909088
36968547,0.09070980895564443
36968548,0.12727708968159496
36968549,0.11130152152138868
43433033,0.25873890700465524
43433034,1.5897587090515457
43433035,0.7581027636365701
43433036,0.7429613827794601
43433037,0.5360325191467101
43433038,0.43448646912488637
43433039,0.3055220066389122
43433040,0.1658201549069271
43433041,0.46940478095266885
36994821,0.27113597301400494
36994822,0.13569027200166695
36994823,0.38174130991981875
36994824,0.43772162919708957
36994825,0.06001175660978756
36994826,0.08249472108818182
36994827,0.18483359398116897
36994828,0.14289516081992626
36994829,0.2571527944426199
36994830,0.08804698879346853
36967352,0.1292603443952155
36967353,0.15922623799801447
36967354,0.182487821536183
36967355,0.13977107456038945
36967356,0.13822639562358324
36967357,0.502116714617344
36988487,0.17723054720100875
36988488,0.17252829076331727
36988489,0.1392360453179267
36988492,0.10479603871641409
36988493,0.08464857822712632
43431867,0.178004214741604
43431868,0.3258785935808785
43431869,0.38811100947172905
43431870,0.15572899201949933
43431871,0.4640521743600827
43431872,0.3335111057756638
43431873,0.7070174584402035
43431874,0.31669197212831673
43431875,0.7135504047995063
43424825,0.21036063617066503
43424826,0.2729886839482976
43424827,0.23736190776273852
43424828,0.2968558446808009
43424829,0.2716228995935516
43424830,0.23488455654008852
43424831,0.42081204956977714
43424832,0.19667756502468509
43424833,0.240668281803215
43424834,0.25816172309357005
43422768,0.18168666194314934
43422769,0.6309179034045218
43422770,0.09003753233498007
43422771,0.10221859066822774
43422772,0.2534324716537343
43422773,0.1395225965263926
43422774,0.11107695445767572
43422775,0.19016228399670562
43422776,0.09826563686795581
43422777,0.23495156520989222
43428639,0.379207801922238
43428640,0.14784207867899252
43428641,0.2836234348785801
43428642,0.3794791932561465
43428643,0.21111877749907865
43428644,0.19955560740328365
43428645,0.5137275157974495
43428646,0.177546823160737
36972391,0.20475437671588487
36972392,0.058558721150113104
36972393,0.07857048727975115
36972394,0.08077600183889593
36972395,0.049603993384681
36972396,0.07414441157583025
36972397,0.07387452466635944
36972398,0.0482269422266353
36972399,0.17487760002482755
36972400,0.08975384287114734
36965116,0.06846407361127936
36965117,0.0721603747084343
36965118,0.17097310773436064
36965119,0.07736862757393669
36965120,0.12769962385512784
36965121,0.22190874305996552
36965122,0.05762773205741818
36965123,0.09003110655368583
36965124,0.12380100165833757
36986293,1.486387283705555
36986294,0.09904054131705858
36986295,0.5853224448726511
36986296,0.06911685116016922
36986297,0.07497419732277887
36986298,0.07836651960929326
36986299,0.11162784166401142
36986300,0.7600945288693732
36986301,0.10598741671489506
36986302,0.8824185678066636
36958049,0.14052334073278314
36958050,0.09520603917868825
36958051,0.07853345903539873
36958052,0.12243427575004993
36958053,0.1552436657999368
36958054,0.0949196105260736
36976812,0.06808044306711677
36976813,0.2261240273643925
36976814,0.21595221671177875
36976815,0.4824920153488086
36976816,0.12466138094271849
36976817,0.3926048777094819
36976818,0.6143892995873471
36976819,0.143365573612533
37016246,0.14140337750608498
37016247,0.15310263763071497
36970772,0.09855957495564872
36970774,0.9584299183867314
36970775,0.07903952481763388
36970776,0.10141579363899372
36970777,0.16388117310911887
36970778,0.07583895976437777
36970779,0.13942114164558106
36970781,0.09319105030117342
36990749,0.14358934208370858
36990750,0.04279746282412995
36990751,0.0418284507744974
36990753,0.07028623300285101
36990755,0.08981438142460092
36990756,0.043786120247485724
36990757,0.18715157878169345
36983247,0.1392146683801446
36983248,0.13370363643673183
36983249,0.11633645785889003
36983250,0.12142157722894349
36983251,0.15864154275716463
36983252,0.10465760199200014
36983253,0.10669344823448414
36983254,0.11009483187022132
36983255,0.1227955057025123
36968915,0.1411919695470009
36968916,0.10817899595617032
36968917,0.13135915974194642
36968918,0.10736674618063761
36968919,0.09768323609628334
36968920,0.20266581253273008
36968921,0.21335744598272652
36968922,0.10642404144661795
36993822,0.10313058054903664
36993823,0.11882393542283068
36993824,0.10823347389527567
36993825,0.30384238506104033
36993826,0.09091829762276438
36993827,0.09011305040838398
36993828,0.5085261246612999
36993829,0.11523974129395033
36993830,0.16040510678419584
36975890,0.20788318824636853
36975891,0.2588292110927837
36975892,1.866893777285091
36975893,0.23637352593870714
36975894,0.05352319129894342
36975895,0.05402031970331909
36975896,0.08315565385020009
36975897,0.11435056652382934
36975898,0.08922747337678595
36975899,0.289987542604248
43420993,0.10283655654194088
43420994,0.1042550509691797
43420995,0.1130959341025764
43420996,0.08926895042714643
43420997,0.1397488947420275
43420998,0.08213537397298107
43420999,0.17224071781544606
43421000,0.13733674439198715
43421001,0.14797468784790618
36985473,0.6091646093158967
36985476,0.4886629464243877
36985477,0.4393142154828541
36985478,0.35573876392524945
36985480,0.3717023967912312
36985072,0.27170350610918087
36985073,0.15989739099264433
36985074,0.17016406624463223
36985075,0.17451105777558112
36985076,0.16654984832244504
36985077,0.27587978722121803
36985078,0.1987459392638378
36985079,0.19674490651329388
36985080,0.1829633588467805
36985081,0.1659502370147255
43430474,0.24744379323126872
43430475,0.05932104239139122
43430476,0.10761484387385707
43430477,0.1393729027592422
43430478,0.07218054672345668
43430479,0.19099564016947332
43430480,0.061684171777812886
43430481,0.3658578703346022
43430482,0.15598466903163874
43425928,0.46546486441626694
43425929,0.4449428467616754
43425930,0.8091600461613945
43425931,0.46922413655520895
43425932,0.11582105149876933
43425933,0.175370065815528
43425934,1.225942528110012
43425935,0.4681018267820627
36975174,0.2396842990094103
36975175,0.1724965321502458
36975176,0.29744333252126637
36975177,0.29910014963377524
36975178,0.46486907357647855
36975181,0.24040594333213267
36975182,0.22303043044336696
43429969,0.30482576550046964
43429970,0.23166311926996258
43429971,0.3096511515328099
43429972,0.24319269793881723
43429973,0.3120231429924146
43429974,0.2554626198244684
43429975,0.2414358547136892
43429976,0.34660924813551897
43429977,0.2076562508760865
43422849,0.2896606070877598
43422850,0.2646233624689129
43422851,0.1351517323023704
43422852,0.49600686455560533
43422853,0.32919421519920367
43422854,0.2932299252802318
43422855,0.3498682398789769
43422856,0.12906123204734646
43422857,0.33663692270911755
36963188,0.7515290496846948
36963189,0.10792403218306214
36963190,0.6996488296789738
36963191,0.19712487761137826
36963192,0.2867012399235483
36963193,0.10901616295884342
36963194,0.25756475696822423
43429252,0.3909734343636139
43429253,0.3693486014616588
43429254,0.3088311433643653
43429255,0.5183751275807637
43429256,0.15435731070120656
43429257,0.4205161821446408
43429258,0.13514555365685937
43429259,0.16888838682922516
43429260,0.061312895291589745
43422778,0.2233344398839449
43422779,0.4765774020786008
43422780,0.2514079520720441
43422781,0.22369023725295806
43422782,0.28311704557978795
43422783,0.6116998331745366
43422784,0.8631046463234381
43422785,0.17255106251890737
43422786,0.1869325778383176
43422787,0.21702224406775214
36979476,0.14131849496710225
36979477,0.2991800918351083
36979478,0.13972407800570785
36979479,0.3154417657089139
36979480,0.2179985876375355
36979481,0.07197685176762104
36979482,0.11170875643088897
36979483,0.3318655254661259
43419125,0.08989372672395021
43419126,0.2954903922753871
43419127,0.15403542241960763
43419128,0.08812204713704648
43419129,0.15206076876925473
43419130,0.2457680727150769
43419131,0.13514047834640638
43419132,0.2666741763097856
43419133,0.18528599858094957
43419134,0.1712756632812356
36956450,0.24611800350999397
36956451,0.3506697709421009
36956452,1.7948654227627248
36956453,0.16829854364186025
36956454,0.11276599162842134
36956455,0.27028264962407283
36956456,1.138177577227461
36956457,0.3531199770622813
36956458,0.17610390411868995
36956459,0.09542854493697543
43428238,0.18609501473568013
43428239,0.2180792676748324
43428240,0.3263186611368761
43428241,0.8344531484999378
43428242,0.3244838125050516
43428243,0.5633653331896861
43428244,1.0169089335208832
43428245,0.24609209709926477
43428246,0.3235342052236833
43428247,0.23456893047283242
36962318,0.14106468692245763
36962319,0.2949655537163914
36962320,0.12977062654504343
36962321,0.1354759938875378
36962323,0.11833036902235636
36962324,0.14321367473271818
43420933,0.15029650241825715
43420934,0.16556458819259562
43420936,0.13688100134950718
43420937,0.12322152205020874
43420938,0.18980357681070983
43420939,0.2342666687756796
43420940,0.1412014838928966
43420941,0.1286587609999908
43420942,0.22603429094652147
43421793,0.15309507800780867
43421794,1.4437166988748709
43421795,0.17774074375962706
43421796,0.17885995273432354
43421797,0.21175427868620583
43421798,0.1728222425497414
43421799,0.28300883081851747
43421800,0.20068886351334903
43421801,0.2999955447699143
43421802,0.9519996281535384
36974814,0.04314892548921843
36974815,0.07003452442541735
36974816,0.06493050353346881
36974817,0.04613879143100563
36974819,0.10849905385699934
36974820,0.08368627064422814
43428990,0.08758983737224747
43428992,0.09512705692083881
43428994,0.05856865347546814
43428997,0.057522412585767596
43428999,0.1433145274420331
43420619,0.18402286440722784
43420620,0.09709443383394824
43420621,0.3783315175504287
43420622,0.15154860501876322
43420623,0.13754735438116175
43420624,0.1548476601983012
43420625,0.22075620841261862
43420626,0.1906779979555943
43420627,0.2503149575080154
43430077,0.4218313574046645
43430078,0.2399828358997638
43430079,0.3513618083540971
43430080,0.07903230607394326
43430081,0.10299267219977773
43430082,0.34545710377114613
43430083,0.08669007169922183
43430084,0.4032920198904902
43430085,0.1388159864876845
43430086,0.23606138469147156
36985646,0.17816678326141488
36985647,0.14092959359849072
36985648,0.3018839642033432
36985649,0.16984743108882444
36985650,0.19541139582907643
36985651,0.34341324560206216
36985653,0.8012998135425229
36985654,1.3173650825637768
36985655,0.47293244969853104
36956402,0.31620970328104525
36956403,0.21055305475423083
36956404,0.25559222671172366
36956405,0.12266454446548955
36956406,0.16896827660948757
36956407,0.1273670074529057
36956408,0.30529016652394425
36956409,0.28858993245073794
36956410,0.186116325082962
36956411,0.11189821635708586
36976964,0.13741507408906278
36976965,0.2501858404773142
36976966,0.17521106447569224
36976967,0.7229045132300932
36976968,0.5796040518487107
36976970,0.20246672873945193
36976971,0.33125023422943534
36976972,0.13088449750053843
36976973,0.22513533552015713
43420628,0.19475232401486378
43420629,0.2206019825813656
43420630,0.18925134821655587
43420631,0.22388763760089372
43420632,0.3603442460538358
43420633,0.12210511482176314
43420634,0.490353159198063
43420635,0.17112552344895532
43420636,0.2033596027462946
43420637,0.22895713808637605
36984739,0.11497430324237928
36984740,0.19316526635347153
36984741,0.19424950307939856
36984742,0.23267954261801174
36984743,1.2111515283611332
36984744,0.28520640513146356
36984745,1.6944882016581697
36963413,0.14202740225743335
36963414,0.6834987085491562
36963415,0.17322978891139976
36963416,0.20348460226666565
36963417,0.14186903707518203
36963418,0.8620883754024058
36963419,0.6741561621616089
36963420,0.5244673935135777
36963421,0.18041752806583503
36963969,0.22775011599246472
36963970,0.1598324529012398
36963971,0.41662272371834463
36963972,0.15070943407903156
36963973,0.2015705471052615
36963974,0.8228733295180367
36963975,0.35192246779703246
36963976,0.17979220827337794
36963977,0.3528328861961193
36974026,0.172568404889899
36974028,0.21189769857953134
36974029,0.2743581458055076
36974030,0.19186279287978833
36974031,0.33509788734499396
36974033,0.231527913211712
36974034,0.21428511436537848
36956042,0.9398954193580284
36956043,1.2643772017003776
36956045,0.6798018767998928
36956046,1.113874830148238
36956047,0.40857625124780933
36956048,0.2339478167033757
36956049,3.167312306453486
36983163,0.5732254862867557
36983164,0.125491689887673
36983165,0.174471899261507
36983166,0.1470332623475199
36983167,0.6196900055307855
36983168,0.18463404416896864
36983169,0.16114090038643852
36983170,0.5983557820532582
36983171,0.7145184883746041
37019419,0.10337936586538893
37019420,0.2537826401058899
37019421,0.25404420763961066
37019422,0.09729727390625618
37019423,0.08418174163973359
37019424,0.4367675088063884
37019425,0.35988209448553776
37019426,0.12819377248469652
37019427,0.10709493527428394
37019428,0.9972924085546162
36955911,0.035534061089463234
36955912,0.02599040414851276
36955913,0.06622191794533039
36955915,0.02708778828711918
36955916,0.024921746632701764
36955917,0.29348030887278725
36955918,0.07504547869643582
36955919,0.038003503010203346
36985363,0.14814283318905608
36985364,0.08822976837704835
36985365,0.10747502824076145
36985366,0.24636192900292816
36985367,0.12314818283261249
36976233,0.21003873307982113
36976234,0.09131132143571795
36976235,0.12826630593112584
36976236,0.13832513476189287
36976237,0.10194681985862897
36976238,0.1281789633147686
36976239,0.0986653170795708
36976240,0.0783673502287739
36976241,0.08564083599251902
36965158,0.06829191667978639
36965159,0.22682932650929058
36965160,0.25811791030275627
36965161,0.12686168165616396
36965162,0.2646179440667648
36965163,0.2891875269763782
36965164,0.2670482820818357
36965165,0.22119107971832544
36965166,0.2162270781567731
36961229,0.09005375263916077
36961230,0.5981148392240566
36961231,0.0720939723206103
36961232,0.07597416608286003
36961233,0.28158983977709806
36961234,0.24601216834507703
36961235,0.1438866874257475
36961236,0.12704419797274635
36961238,0.7144477311521515
36982421,0.8285443241716394
36982422,0.4088550262539352
36982423,0.057782071337498714
36982424,0.26937934005536646
36982425,0.4985211274388056
36982426,0.34270614946338585
36982427,0.05865589003461359
36982428,0.5854787821010174
36982430,0.5527568801396272
36962951,0.09076242468603514
36962952,0.26043288125566044
36962953,0.05315955150859838
36962954,0.17876160936805915
36962955,0.19507380235815017
36962956,0.09901765125776381
36962957,0.056205537943886115
36969943,0.1512454758890189
36969944,0.9029456878508815
36969945,0.7307562431014863
36969946,0.14934831085905964
36969947,0.5365233859855617
36969948,1.0108456823658232
36969949,0.8300267866921409
36969950,0.8032567140423831
36969951,0.553284361801234
36969952,0.5515537019566653
37009950,0.16556791898349563
37009951,0.20158295210721147
37009952,0.09059256566707058
37009953,0.7444010640819401
37009954,0.12551225150471693
37009955,0.2672543838304888
37009957,0.09419173096068188
37009958,0.09369103681341087
37009959,0.13026293854249837
43422163,0.40936375299317523
43422164,2.0357818937322025
43422165,0.22267910660630028
43422166,0.1897719246855146
43422167,0.3724838284058509
43422168,0.8709014486594343
43422169,1.0105826151734716
43422170,0.6529394921365756
36978200,0.07510407125613182
36978201,0.11466444721017371
36978202,0.07696808248063487
36978204,0.07188871317581702
36978205,0.09122335248288851
36978207,0.12863797361310492
36978208,0.0809341892403232
43432786,0.31407545398644077
43432787,0.5381476988336195
43432788,0.5226204215147902
43432789,0.6204819113289056
43432790,0.5310192588686978
43432791,0.9320198535182518
43432792,0.5584256111772659
43432793,0.5253791741891909
43431487,0.43190171324682475
43431488,0.20123117629060214
43431489,0.2964115149882516
43431490,0.1559990605717061
43431491,0.18201785539408635
43431492,0.1451893861557044
43431493,0.12419387302114142
43431494,0.434680964175106
43431495,0.15014534852245934
43431496,0.25694675846876924
43429603,0.2316675820519239
43429604,0.15504773772075592
43429605,0.18240873638199798
43429606,0.12402813167173533
43429607,0.289975306634574
43429608,0.22123052408798963
43429609,0.09684293183743212
43429610,0.09620982807740344
43429611,0.1802608008966622
43429612,0.23921254455931984
43422738,0.1629620554893971
43422739,0.22600113864660915
43422740,0.19452948856883284
43422741,0.231876246634395
43422743,0.1999465483968863
43422744,0.21686715312208657
43422745,0.10167226224391337
43422746,0.23019161316012243
43422747,0.2279061572375161
43420823,0.27076745739510827
43420824,0.2700576903593493
43420825,0.2848398775998682
43420826,0.16958565153988456
43420827,0.2137245520229308
43420828,0.23077053510548381
43420829,0.22931219593193106
43420830,0.24102815193421437
36957807,0.24572107456412
36957808,0.2525525514438341
36957809,0.21101396773784992
36957810,0.3287196180352966
36957812,0.4605719643088436
36957813,0.28034893794275734
36957814,0.19845719095396047
36957815,0.279157207016225
43426242,0.11237107841295933
43426243,0.8191537987351222
43426244,0.25609639375918253
43426245,0.08222814083950539
43426246,0.3570741918851534
43426247,0.288992096452617
43426248,0.15341227095779453
43426249,0.8391751455985541
36958584,1.4489451083886755
36958585,0.29357651522212336
36958586,1.604874482102427
36958587,0.18111799726711114
36958588,1.1494813859474822
36958589,0.5204283161223929
36958590,1.4692912698767537
36958591,0.2096361087203666
36958592,0.1757213497362152
36958593,0.550486836856545
36979232,0.1199313683381471
36979233,0.09790829283440083
36979235,0.10979668209454749
36979236,0.06606561624874166
36979237,0.12272896122899031
36979240,0.13369810172493257
36983228,0.23507495490338823
36983230,0.3070394897817158
36983231,0.23324280893547678
36983232,0.13180340256680362
36983233,0.25644689128562587
36983234,0.22933978909058206
36983235,0.24020665243308814
36983236,0.1485351838102291
36984630,0.14025304674379588
36984631,0.13621592711258318
36984633,0.7129449158523865
36984634,0.15964260382150086
36984636,0.2090408537644232
36984637,0.09349184538687945
36984638,0.09534499583261236
36984639,0.07708376669313896
43420718,0.2364968790445742
43420719,0.3258401393252969
43420720,0.4809513308446983
43420721,0.4370178665278512
43420722,0.18421567396820235
43420723,0.26539862294815336
43420724,0.43002058531487325
43420725,0.25175139298847954
43420726,0.6514814158980168
43420727,0.2516564288592125
36979715,0.3709400739187669
36979716,0.28407689111737017
36979717,0.39435591219669786
36979718,0.4718032436360915
36979719,0.41954555624081274
36979720,0.30405664191336584
36979721,0.8419460632108361
36979722,0.42211712234998666
36979723,0.2871441822825621
36994743,0.3295352045385415
36994744,0.46702558871657224
36994745,0.4968222783937033
36994746,0.47882460212585454
36994747,0.3896387074063522
36994748,0.21138682841851836
36994749,0.1637889388055051
36994750,0.3148240250868825
36994752,0.2613135970129173
43425116,0.26188009595590217
43425117,0.16731863069177252
43425118,0.07396841702042385
43425119,0.08149091078577242
43425120,0.6093784669796768
43425121,0.301087592715523
43425122,0.13080414967181594
43425123,0.3033754044852024
43425124,0.17110930956051432
43429086,0.09969714175770321
43429087,0.43240898332216293
43429088,0.5364174933883255
43429089,0.13720523208074048
43429090,0.2752946463153116
43429091,0.23646958567191223
43429092,0.10731038548470631
43429093,0.1926021030084812
43429094,0.46574235115877677
43429095,0.42983649928638984
43427319,0.18641579888393883
43427320,1.062421483550699
43427321,0.2984161699599528
43427322,0.33879623474677956
43427323,0.3304159981797506
43427324,0.7511452970051078
43427325,0.8148493459082123
43427326,0.2664071498160631
43427327,0.4031896945737287
43424141,0.23670387411758295
43424142,0.47727633448380613
43424143,0.24135172867576682
43424144,0.3729946324770352
43424145,0.2253920751496158
43424146,0.19557971055407045
43424147,0.2432803739670153
43424148,0.25065906658011106
37022333,0.07504460538843546
37022334,0.24287148724425392
37022337,0.6511535808072103
37022338,0.525717486282403
37022339,0.37501108417476664
37022340,0.5147100140472447
37022341,0.17242829455348113
37022342,0.20318268799122371
36965491,0.3937743277003348
36965492,0.12901728615484462
36965493,0.0677074511454612
36965494,0.19672806366405104
36965495,1.2068287167728864
36965496,0.24092793032937818
36965497,0.4159331774027172
36965498,0.28139959916439594
36965499,0.1772858884253761
36972770,0.38902715060154774
36972771,0.3711084644845382
36972772,0.44820886416743166
36972773,0.3968995835850953
36972775,0.4435934529407711
36966865,0.38074136182723245
36966866,0.06057793273802114
36966867,0.13855042353897623
36966868,0.060693748205324145
36966869,0.19916435601275426
36966870,0.06269612243687829
36966871,0.10057203772230547
36966872,0.14519360533752534
36966873,0.14664450794634915
36966874,0.07318922011736068
43419135,0.11360202186089614
43419137,1.018954631241465
43419138,0.27151868482659086
43419139,0.6300582967445814
43419140,0.3093045109002796
43419141,0.21985128668754178
43419142,0.36719033891674374
43419143,0.19106515686946637
43419144,0.10693443390212788
43427011,0.5395188617745899
43427012,0.20684115027173489
43427013,0.22119555602473173
43427014,0.37620502663224253
43427015,0.36924253087665426
43427016,1.3019606889736817
43427017,0.4120033174336748
36969298,1.4834825569735839
36969299,1.195097185525677
36969300,0.14100803636218412
36969301,0.4547053861375464
36969302,2.2425572958975106
36969303,0.1144928606426873
36969304,1.2575385004373314
43425752,0.20515608261773105
43425753,0.5250760040803488
43425754,1.8136385160905015
43425755,0.3934234647909651
43425756,1.5519267447488634
43425757,2.8809195728401464
43425758,1.6889832157679388
43432050,0.6553823990015691
43432051,0.3492865034362504
43432052,0.6287836749597343
43432053,0.4168150847315226
43432054,0.521017746517594
43432055,0.45637038601300245
43432056,0.32187614468807463
43432057,0.549065067023076
36963031,0.5185366436976542
36963032,0.16737102440580232
36963033,0.26362340441349735
36963034,0.6140463146994791
36963035,0.19871417000653316
36963036,0.2603702357316926
36963037,0.31597488834856013
36963038,0.9388460205985621
36963039,0.14842979932793698
36975334,0.37361643693116026
36975335,0.6936476480860326
36975336,0.17219471965281302
36975337,1.1670403696688527
36975338,0.2866754384629888
36975339,0.71274363059188
36975340,0.15236099356342347
36975341,0.18659647589146802
36963747,0.08394305971833838
36963748,0.22758768968629772
36963749,0.6476398065129225
36963750,0.7143676659306714
36963751,0.7545354099127087
36963752,0.28883033351604726
36963753,0.12674040354512875
36963754,0.7216366304524141
36963755,0.08682376726499628
36963756,0.5513791734906812
43429402,0.1926495767461695
43429403,0.33992723521710244
43429404,0.2219900107548941
43429405,0.21964442367633616
43429406,0.4911115347410674
43429407,0.3269666458944097
43429408,0.261040161129149
43429409,0.5810129184184826
43429410,0.13483166487530546
43429411,0.4018443157767422
43430512,0.42723175864470553
43430513,0.4739692279558944
43430514,0.15518618420334296
43430515,0.30253069784684683
43430516,0.22675664456252395
43430517,0.32958481596192474
43430518,0.39726665827526747
43430519,0.6667734172766535
43432173,0.5385568905304352
43432174,0.206879363772747
43432175,0.24564736186437464
43432176,0.28283293453826175
43432177,0.2311110898795282
43432178,0.3136284492719219
43432179,0.2191877931766595
43432180,0.4109129265431864
43432181,0.623002478271907
43428151,0.1450889386458694
43428153,0.5676074418696458
43428154,0.7019661583198721
43428155,0.3458952714118808
43428157,0.5660983057586401
43428158,0.5234775312118382
43428159,0.13729865181521844
43428160,0.15556015866467449
36973264,0.1308370825524907
36973265,0.12694435241824834
36973266,0.17049963464332005
36973267,0.15847236090248049
36973268,0.16538170576401157
36973269,0.14867058069054553
36973270,0.08782805857908682
36973271,0.1553918887165364
36973272,0.07699252405511613
43422187,0.35872342597133006
43422188,0.22094562623725092
43422189,0.08704733709216757
43422190,0.1547510781239979
43422191,0.1993573262136903
43422192,0.27588293979326295
43422193,0.17997251297505176
43422194,0.09432867570438869
43422195,0.12145784751525572
36996281,0.3914876802938177
36996282,0.10593986264865746
36996283,0.12450040590802014
36996284,0.13074639940663965
36996285,0.14224739302306524
36996286,0.0720908144619656
36996287,0.39381366153582464
36996288,0.06250533514518186
36996289,0.15047970162580693
36996290,0.0773615543113808
43432624,0.06377849329908625
43432625,0.4106439106243989
43432626,0.39337128869030896
43432627,0.2915039147191593
43432628,0.08358536221373251
43432629,0.058024063208032585
43432630,0.5553306733824167
43432631,0.3023017893078719
36955470,0.18325045859159364
36955471,0.3181598554126705
36955472,0.20216462477257838
36955473,0.21209316583627574
36955474,0.40763664838957814
36955475,0.3859163182655648
36955476,0.23203974976258832
36955477,0.21295062472440257
36955478,0.17963569536695986
36963586,0.7683714955740099
36963587,0.5345093328555903
36963588,0.2280760601726546
36963589,0.2173650746877297
36963590,3.353850689518564
36963591,0.18396822574860328
36963592,0.45144903660247493
36963593,0.3517952574382048
36963594,0.18713164186647652
36963595,0.28336885111292914
43421333,0.10432513791869964
43421334,0.12970191602264894
43421335,0.12242687229586444
43421336,0.1872543241045257
43421337,0.2398034376493528
43421338,0.49188934111838106
43421339,0.20212051173461046
43421340,0.18330201821912448
43421341,0.22343009084354085
43421342,0.1678547227924512
43430746,0.6455350939215648
43430747,0.6165623258113103
43430748,0.7409481250874396
43430749,0.5832436610635265
43430750,0.1811557710392918
43430751,0.9119238061208741
43430752,1.2977184710418266
43430753,0.36944844213605604
43430754,0.8184474056489248
36993298,0.06084876544562465
36993299,0.06834407292449772
36993302,0.10356893204524936
43432190,0.63979372470954
43432191,0.22510455071681965
43432192,0.3942570065141333
43432193,0.1922266021992258
43432194,0.7048271972486109
43432195,0.3508143373338228
43432196,0.21924120641677733
43432197,0.41343101680139455
43432198,0.11755331284978676
43432199,0.35715073856712715
36962966,0.387355563932281
36962967,0.12452061121583892
36962968,0.0803678349090934
36962969,0.3213625076557237
36962970,0.11195542574601373
36962971,0.3317772578913825
36962972,0.08531147651093379
36962973,0.2788838092015934
36962974,0.2978050556143687
36962975,0.36902141945995387
36975744,0.14580132088959075
36975745,0.13571922694252628
36975746,0.0950505552578195
36975747,0.17531033825191455
36975748,0.15105607845987648
36975749,1.0116009942357749
36975750,0.14527911087372897
36975751,0.10697316725912119
36975752,0.25690441721923357
36962976,0.060414138442677456
36962977,0.23918973534640373
36962978,0.10465813131501048
36962979,0.19169895934837874
36962980,0.05430024227547209
36962981,0.07692360398040725
36962982,0.10988236543900685
36962983,0.13334908966386788
36960576,0.1916158734467894
36960577,0.16349111631482677
36960578,0.5021064783965311
36960579,0.6537318216914498
36960580,0.3628263685387609
36960581,0.49680948659700275
36960582,0.1319615661532811
36960583,0.12006115008583558
36960584,0.6296812536313187
36973543,0.10331377131275227
36973544,0.5777682250932771
36973545,0.1161861229687233
36973546,0.0908920302471168
36973547,0.113571589149896
36973548,0.2505041031255445
36973549,0.08308803823140568
36973550,0.18542799757076253
36973551,0.14440663681941707
36973552,0.2945272846208899
36998202,1.135019100591454
36998203,0.30240617752453275
36998205,0.6215235152344205
36998206,0.9828506994838204
36998207,0.6155800483086529
36998208,0.17137077940870565
36997291,0.1378777770075775
36997292,0.1945257683384076
36997293,0.153181305391281
36997294,0.10291679833539358
36997295,0.051272889562048375
36997296,0.37716548005845163
36997297,0.04961730592750073
36993604,0.18972726450400607
36993606,0.6416547594846755
36993607,0.23996843167473839
36993609,0.14631641583613714
36993611,0.30728101220698195
36993612,0.245956671644886
36993613,0.12224792950738937
36964328,0.3132716829541059
36964329,0.10923942684249854
36964330,0.07350333853327372
36964331,0.6903739289671115
36964332,0.24629770861498915
36964333,0.1056442470350038
36964334,0.35045128455513364
36964335,0.6060698743205823
36989861,0.16232309238805095
36989862,0.1509024251042574
36989863,0.1520622298833434
36989864,0.1295012920197412
36989865,0.15778865692779606
36989866,0.1359633300657391
36989867,0.12693515318614024
36989868,0.1035056834050173
36972274,0.1665705136046246
36972275,0.1806757277444467
36972276,0.1628319752665505
36972278,0.6271925356444663
36972279,0.42760504429957447
36972280,0.13127150700372137
36990351,0.05028857360345027
36990352,0.401657062147635
36990353,1.7062569376071794
36990354,0.33939742187493316
36990355,0.6161954020999232
36990356,0.12135856252891962
36990357,0.5524556063562511
36990358,0.3547081955219057
36990359,0.11180211291406184
43432229,0.47004907225447085
43432230,0.5450402779259937
43432231,0.498757480387092
43432232,0.3502334671061846
43432233,0.19130602518758438
43432235,0.19177323240465544
43425759,0.42616055829389865
43425760,0.4187335665484749
43425761,0.49122524843009946
43425762,0.31811015009066496
43425763,0.29676584069506606
43425764,0.49537596829662683
43425765,0.3030343967690439
43425766,0.5790652986177954
43425767,0.4529309625045557
43425768,0.48575187505736334
36965132,0.21518043658131794
36965133,0.35460786889068224
36965134,0.1649795313515188
36965135,0.24809337667798698
36965136,0.9202990986322294
36965137,0.18111297799548473
36965138,0.24453717727142504
36965139,0.20448509153029848
36965140,0.19513919470180394
36990246,0.09124520660971397
36990247,0.07149007012314595
36990248,0.07824932491128386
36990250,0.09157812029789789
36990251,0.12701485446232819
36990252,0.09552087580998432
36990253,0.09310097550043882
36990254,0.08517496495413987
36963478,0.09855457789139735
36963479,0.11661885876100667
36963480,0.20597764818842074
36963481,0.07880458490763945
36963482,0.5144373842147695
36963483,0.13777818158069868
36963484,0.17850090998774484
36963485,0.08163089747702189
36963486,0.08813112938474715
36963487,0.09987681071274375
36997459,0.20637299022612143
36997460,0.27001668403080664
36997461,0.5038258364648975
36997462,0.35726332948313383
36997463,0.21926155881393747
36997464,0.23394931601899804
36997465,0.2691220806612449
36991749,0.2142482056345431
36991750,0.2231667394696607
36991751,0.6352578958265336
36991752,0.30375180323903606
36991753,0.3212488309896784
36991754,0.3332950565038761
36991755,0.28254199984415845
36991756,0.28553944436674866
36991757,0.2150074254321124
36991758,0.36479071059908535
43428389,0.7649909356471777
43428390,0.16704796143500808
43428391,0.2149505035756889
43428392,0.2861238143906398
43428393,0.1906939510191928
43428394,0.1677050458678476
43428395,0.1363354599997829
43428396,0.12512771978517614
43428397,0.1618193540343736
36995653,0.2840792130757622
36995654,0.07535339111828365
36995655,0.10233524244000652
36995656,0.33120073269074884
36995657,0.16864911240434807
36995658,0.16969577242999176
36995659,0.16881487711874602
43421160,0.39713476507215334
43421161,0.6161715039242601
43421162,0.7964163172182707
43421163,0.5535440227137338
43421164,0.415541947312641
43421165,0.6369233777251073
43421167,0.585275221490943
43421868,0.09893763922584557
43421869,0.3730423471565361
43421870,1.2020937936148683
43421871,0.5337009611548177
43421872,0.2056901012190904
43421873,0.11991066397365614
43421874,0.378866534156437
36965197,0.1824383298728288
36965198,0.0795290167059571
36965199,0.2605131373150188
36965200,0.5525549160254413
36965201,1.2234128691023065
36965202,0.9244689634578965
36965203,0.16120601240858953
36965204,0.1768022257061251
43423515,0.5814668403637911
43423516,0.8229927085084492
43423517,0.6280720863006742
43423518,0.49990142500042745
43423519,1.6154486068512868
43423520,0.6373073730552401
43423521,1.17735849116699
43423522,1.043639637926247
43423523,0.29957041311696775
43423524,0.3330668212232444
43419930,0.8039413806495528
43419931,0.38550546892556503
43419932,1.6324053155977865
43419933,1.239778636420181
43419934,0.43271305692520334
43419935,0.6736681049928158
43419936,0.3008433929900363
43419432,0.3403914392777967
43419433,1.1097772626164142
43419434,0.1378124339727878
43419435,0.2550976251005802
43419436,0.9748881609113087
43419437,0.08178462729139271
43419438,0.21287066881452618
43419439,0.10433055884705902
43419440,0.2641119382982889
43419441,0.19843877489484238
43429909,0.15174050506875975
43429911,0.5630409992189719
43429912,0.4678462595226214
43429913,0.3751280486181991
43429917,0.32406612594852713
43421353,0.15776420452371348
43421355,0.08060674957106992
43421356,0.12807178548510714
43421357,0.48264157831929616
43421358,0.09981977792991913
43421359,0.11776043929237437
43421360,0.6077185567792321
43421361,0.18686084588179272
43421362,0.16707344566637455
43422711,0.1876367896413497
43422712,0.13365119605166423
43422713,0.34944591929217383
43422714,0.08536834715805908
43422715,0.11759954867365716
43422716,0.18878040880168084
43422717,0.5040656770415656
43422718,0.41643332875267736
43422719,0.14772006610099134
43422720,0.23057055359210255
43430017,0.40017679058842637
43430019,0.2913418619655012
43430020,0.5606738506609612
43430021,0.30959374780597776
43430022,0.3977951903928336
43430024,0.6541535898327622
36996928,0.16373378316145923
36996929,0.08512680262368798
36996930,0.04968762685543239
36996931,0.1614364778709733
36996932,0.0655835944459435
36996933,0.07038736707868509
36996934,0.03666861339734577
36996935,0.04542754005166069
36996936,0.05762373258980621
36978540,0.12620979683169034
36978541,0.12007327312759489
36978542,0.30809236143478563
36978543,0.30720391163693694
36978544,0.17639325113904242
36978545,0.19115791454342515
36978546,0.20484526670208214
36978547,0.26857160232389293
36978548,0.23425922615410066
36978549,0.06845521189246956
43423027,0.2889015464691285
43423028,0.3018917607408817
43423029,0.22250273686249875
43423030,0.21978686470220854
43423031,0.24442534670350444
43423032,0.3671845625710988
43423033,0.2507068024419434
43423034,0.7070087028989861
43423035,0.24916895144255893
43423036,1.0377220593467504
43430025,0.3370204836295186
43430026,0.484241281802078
43430027,0.9841086278833272
43430028,0.6521508827311434
43430029,0.08873047043471614
43430032,0.42158693870764824
43430033,0.17723710350655725
36991082,0.2497391215223568
36991083,0.0732987107331428
36991084,0.15557265992812838
36991085,0.3514811899596024
36991086,0.15596730320920002
36991087,0.11222100128710073
36991088,0.13820090131865645
36991089,0.3060205499734579
36985282,0.8359963569533406
36985283,0.8565030278800841
36985284,0.904673965794453
36985285,0.3836571757247493
36985286,0.9315025948406748
36985287,0.31405569070332073
36985288,0.7377754791301742
36965905,1.1894531869246023
36965906,0.18635739132932277
36965907,0.39419772388761354
36965908,0.8118777252983451
36965909,1.0201986959496798
36965910,0.3786448025621622
36965911,0.7290185199456757
36965912,0.9321583695336596
36960765,0.11913772348145765
36960766,0.10945538501662565
36960767,0.14620987239629624
36960768,0.16378340847866452
36960769,0.10087183525208175
36960770,0.06705527596698627
36960771,0.08647049423907326
36960772,0.17884363946278886
36958972,0.16250932824502295
36958973,0.5260719688414162
36958974,2.424433612342256
36958975,0.12811130485137373
36958976,2.644688497196039
36958977,0.2560016594164768
36958978,0.5154321710719914
36958979,0.31475346919638714
36958980,0.24667447401001608
43429952,0.37062584579831964
43429953,0.5051170180248399
43429954,0.2712553936062829
43429955,0.7558628120560026
43429957,0.47600823520714775
43429958,0.20575107448725086
43429959,0.7112915943204181
37010906,0.14323480970349256
37010907,0.23526718033102184
37010908,0.2038583684800091
37010909,0.48339524192275213
37010910,0.17396474060424394
37010911,0.14477877409193932
37010912,0.18399061112077128
37010913,0.21850509713148034
37011675,0.2526647062855067
37011676,0.39061234288370456
37011677,0.3909144146905728
37011678,0.21370013059292578
37011679,0.8488911155515324
37011680,0.8193497303550877
37011681,0.264271963939356
43426471,0.3297338924053488
43426472,0.4327055814600036
43426473,0.46227081749115967
43426474,0.430544272794384
43426475,0.4962332967106073
43426476,0.5333999308773182
43426477,0.5517535401484907
43426478,0.33088883566703775
43426479,0.31118493073934184
43428161,0.7377844101277499
43428162,0.4626605282020728
43428163,0.6064536240520318
43428164,0.3749946934211095
43428165,0.46572646472036866
43428166,0.4500005857819994
43428167,0.37670639124967314
43428168,0.42318903469832925
43428169,0.63797722724713
43419834,0.44881043170664325
43419835,0.3914557121200427
43419836,0.6628473366827259
43419837,0.536241514664021
43419838,0.6274079169639887
43419839,0.4362452945739302
43419840,0.4480467384842394
43419841,0.3413205520457005
43419842,0.3891800332899212
43419843,0.5587837317458201
43423761,0.6295110371697009
43423762,0.38570359376672175
43423763,0.4719484755880583
43423764,0.457588218377136
43423765,0.34368245265346486
43423766,0.49163352045540587
37009219,0.24053408916787863
37009220,0.3706784449506907
37009221,0.0883484360164845
37009222,1.1190682207129063
37009223,0.699730162797088
37009224,0.1439954077749431
37009225,0.13531412243006566
37009226,0.13406886541937546
37009227,0.13504572118460337
37009228,0.1647908948733906
43428788,0.1849779596056864
43428789,0.1122849236287113
43428790,0.10177108443831605
43428791,0.19450417020613817
43428792,0.10438169989500186
43428793,0.14279246006237964
43428794,0.2257990165691583
43428795,0.21226266919277875
43423917,0.14347179139044502
43423918,0.13011639223184746
43423919,0.29863137108101184
43423920,0.14424799012212733
43423921,0.11980354705868315
43423922,0.1399829459371223
43423923,0.24165358386596505
43423924,0.30972011849861186
43423925,0.12940914768526154
43423926,0.15808227756064988
43422115,0.12522142092709648
43422116,0.4464252270490834
43422117,0.1044470118402271
43422118,0.48361862842249836
43422119,0.18831311250298416
43422120,0.2920399582495319
43422121,0.126612143973626
43422122,0.23688378907528257
43422123,0.17739972482503882
43431976,0.44647640120539134
43431977,0.3710045187114323
43431978,0.28587862164685357
43431979,0.3808854594110909
43431980,0.435175293523868
43431981,0.47523464914814034
43431982,0.4127154418112077
43431983,0.733541866215577
43431984,0.35591979989809314
43431985,0.43794792530890253
36988621,0.49433166974863935
36988622,0.5626893087008288
36988623,0.5899921885158798
36988624,0.308626053902963
36988625,0.7675018965647541
36988626,0.4372850753404097
36988627,0.17596960156001765
36988628,0.43425181661184875
36988629,1.1111867191765523
36984597,0.23364453926412165
36984598,0.672035682385164
36984599,0.42091735437387956
36984600,0.4126540113120752
36984601,0.3904869090060669
36984602,0.24989570626894175
36984603,0.3478712565668468
36984604,0.35015278838089364
36980240,0.05512975102220205
36980241,0.41044325839083307
36980242,0.17600031016958337
36980243,1.1354498389238998
36998818,0.04772122104107115
36998819,0.1787945976667546
36998820,0.2346415637342047
36998821,0.05570397492033765
36955226,0.07146838805639223
36955227,0.10192298051583419
36955228,0.9434272031816617
36955229,0.2334335892005154
36955230,0.11100419871151981
36955231,0.17226164739868097
36955232,0.11774873162603322
36955233,0.1056016700494762
36994250,1.167741742236282
36994251,0.19705249502304786
36994252,1.1119062137350544
36994253,0.5569956178569512
36994254,0.0888841483661488
36994255,0.70665033022039
36994256,0.6589598208680238
36994257,0.3353821366123094
36994258,0.7718342682769553
36966099,0.2049785261108598
36966100,0.41826926068280684
36966101,0.08049008294167177
36966102,0.05626646817228082
36966103,0.040488395303649276
36966104,0.39940518255816376
36966105,0.09061189840208757
36966106,0.2631656534564006
36993035,0.06350710278875779
36993036,0.6218579462812489
36993037,0.8875968587581968
36993038,0.9335036387030149
36993039,0.13956133165271684
36993040,0.5774096001155743
36993041,0.595080425549556
36963885,0.23438567668766824
36963886,0.13220641865872068
36963888,0.2466615731729008
36963889,0.1829838609494307
36963891,0.12370871613222943
36963892,0.12087538249416664
36963893,0.15375538629969954
43427885,0.29990710726681047
43427886,0.187612635008359
43427887,0.3622710814480379
43427888,0.2138112605311655
43427889,0.28827686050797197
43427890,0.1739645666811489
43427891,0.21044218434078418
43427892,0.11278370970702487
43427893,0.14759069163458124
43419220,0.2403767060866414
43419221,0.32870344424972203
43419222,0.18795090160806557
43419223,0.20415850157190432
43419224,0.20124553033633025
43419225,0.1895474288421949
43419226,0.1637812041862968
43419227,0.2520688686978394
43419228,0.2768814567728039
43430317,0.1489069205780169
43430318,0.3683958848920048
43430319,0.11569858058779635
43430320,0.34131739322920157
43430321,1.1565484688092813
43430322,0.7942182766688849
43430323,0.2554265326880042
43430324,0.13397436033010862
43430325,0.307315225794852
43430326,0.16876260157702955
36983979,0.26056881754697997
36983980,0.4092287199264206
36983981,0.28520090066328574
36983982,0.3014733363363206
36983983,0.26496212428354027
36983984,0.060552302815461104
36983985,0.08389977423300522
36983986,0.03818052716827371
36996911,0.14220060535240994
36996912,0.23323104683770238
36996913,0.17615448924744218
36996914,0.07304440883376302
36996915,0.058015046581923115
36996916,0.05463967023121858
36996917,0.42088280674722894
36996918,0.05820936298207156
36982895,0.11414346139086529
36982896,0.6029914974840715
36982897,1.241961383579049
36982898,0.1560796681801748
36982899,0.5586646551713259
36982900,0.5430493832083426
36982901,0.1733794785730881
43423241,0.4119238179230138
43423242,0.5103459001536531
43423243,0.49610039314480936
43423244,0.36476887673089753
43423245,0.07998229056224695
43423246,0.23091526357650743
43423247,0.2689308754727507
43423248,0.1850293691406932
43423249,0.3350119658895053
43423250,0.38661376383085355
36998465,0.07860300222236681
36998466,0.08371473229968744
36998467,0.06127353151472023
36998468,0.06303296373127203
36998469,0.05400615073724454
36998470,0.07177541095289895
36998471,0.07830662799036484
36998472,0.19283999812573666
36998473,0.41752860868326064
36986622,0.09631692713742088
36986623,0.05860570469051373
36986624,0.06612655071698054
36986625,0.1276175751744863
36986627,0.19720586688196215
36986628,0.08074134602357769
36986629,0.07510391476061073
36986630,0.06136037439986384
43418866,0.23878450081984187
43418867,0.1356250450748156
43418868,0.20904480793109992
43418869,0.14093998388852128
43418870,0.15427490731866647
43418871,0.13080085592952306
43418872,0.11011280572318353
43418873,0.11905143887426402
43418874,0.176047438472718
36966605,0.19198652188882556
36966606,0.1453467342737534
36966607,0.11721860017943457
36966608,0.20407604212133906
36966609,0.12537064461693276
36966610,0.14094328097869757
36966611,0.1288886999767855
36966612,0.15139440898202694
36968751,0.09959920264570327
36968752,0.07685659308995435
36968753,0.12175828387548618
36968754,0.31322543103988737
36968755,0.07906058844137083
36968756,0.1241221433587239
36968757,0.1797994100438866
36968758,0.11147918216208658
36977703,0.2797306298143601
36977704,0.08195182387267738
36977705,0.07293411148841952
36977706,0.1878689276195213
36977707,0.36738689853388495
36977708,0.2920498131175597
36977709,0.11609080924414102
36977710,0.1702514481122613
36977711,0.20385377080576325
36985445,0.12184697282463915
36985447,0.2612481670891059
36985449,0.3719735621076931
36985450,0.27317614421255354
36985451,0.28604053694303055
36985453,0.25891851413832884
36985454,0.7340825887542312
36980527,0.06837719003846242
36980528,0.06815120855978028
36980529,0.06894451786201158
36980530,0.058160467039963686
36980531,0.060415287268025614
36980532,0.06655028620022978
36980533,0.06386253451709255
36980534,0.08510975792252883
36964174,0.09469621250660601
36964175,0.1095234739158444
36964176,0.12356549117014001
36964177,0.09583778372301371
36964178,0.08863278763220304
36964179,0.1323358358068913
36964180,0.11013826577437758
36964181,0.1493047287991703
36963221,0.22330881839813907
36963222,0.1122629659639572
36963223,0.1623903541800056
36963224,0.09791693823583365
36963225,0.10273710193182958
36963226,0.11928954322310761
36963227,0.12662279281608435
36963228,0.11854213924587412
36963229,0.10128456066311547
36963230,1.4455734624501706
36959361,0.07777666692783056
36959362,0.13539766549880883
36959363,0.09060650027639577
36959364,0.0891174716705327
36959365,0.19278945065421935
36959366,0.09629486203717887
36959367,0.08629935001145539
36959368,0.16646308151934827
36959369,0.09667865870900495
36986751,0.2930204357448657
36986752,0.6183163370976704
36986753,0.40880991803009425
36986754,0.7305814714390979
36986755,0.39257969329634895
36986756,0.4461919167065767
36986757,0.2890163861688189
36986758,0.620233118250363
36986759,0.38509461302676506
36986760,0.4174293598279149
43429821,0.32953801429699253
43429822,0.9019157490541072
43429823,0.303520678040147
43429824,0.6020717518678724
43429825,0.8485354667841534
43429826,0.48145017429132236
43429827,0.4363791007851059
43429828,0.5123578699273982
43429829,0.3195431269976972
43421732,0.95201489349142
43421733,0.32999780119016
43421734,0.3266759042265845
43421735,0.5939558070886471
43421736,0.4589525481526531
43421737,0.40019539018283984
43421738,0.3918328250443491
43421739,0.40861576746063405
43421740,0.43166407540753315
36997101,0.4303513545764075
36997102,0.328841042783088
36997103,0.35090579500612107
36997104,0.19957855127980353
36997105,0.2183380230846528
36997106,0.23771701171268733
36997107,0.20436629163392883
36997108,0.15725583446793998
36997109,0.21141156170894196
36994673,0.2610352009638247
36994674,0.18795831803865792
36994675,0.1641140814073328
36994676,0.31713569363796973
36994677,0.18655898700778545
36994678,0.17131799844736828
36994679,0.2543220127574432
36994680,0.23710733907843975
36994681,0.3144986400924565
36994682,0.740962646103673
43427427,0.1303005626766786
43427428,0.23937797208639222
43427429,1.4602656996774173
43427430,0.13553359267590037
43427431,0.23272294722061582
43427432,0.9771831249150531
43427433,0.20609207414112443
43427434,0.20685274305035062
43427435,0.14844584693356175
43427436,0.13312462304162348
43424705,0.3318046380184852
43424706,0.5300122321454229
43424707,0.5274852651718196
43424708,0.30737156935786597
43424709,0.4971664043335971
43424710,0.7200387304975029
43424711,0.79874555249833
43424712,0.44404860465024354
43424713,0.6227593364330396
43420914,0.5063104590855273
43420915,0.5346896798075728
43420916,0.49163232793533673
43420917,0.23828574435553254
43420918,0.4158120022324219
43420919,0.36171245500848653
43420920,0.6171729153393785
43420921,0.41991425498404383
43420922,0.6233686261802533
43420923,0.43663175704736146
36983493,0.2857448979934205
36983494,0.3917512892181041
36983495,0.3228233550879836
36983496,0.6971218353952711
36983497,0.5937909275192959
36983498,0.312213471593434
36983499,0.43641450559037964
36983500,0.37421110416546755
36983501,0.2495812803483442
43429796,0.30378476870929333
43429797,0.4104094066839757
43429798,0.2690750898751774
43429799,0.28627018635291496
43429800,0.2641728262914331
43429801,0.3038308699387127
43429802,0.2330991583257099
43429803,0.571788113273483
36958727,0.7708140887593291
36958728,0.11009855770896254
36958729,0.690852127571032
36958730,0.1494281019082941
36958731,0.11199631562255194
36958732,0.5085069936880492
36958733,0.43469366741582005
36959146,0.18576705124622678
36959147,0.07926733378948862
36959148,0.08415525151185393
36959149,0.5271741199521807
36959150,0.07884579573235224
36959151,0.15025158890209203
36959152,0.07515502185840234
36959153,0.14884911089631198
36959154,0.10720242816837786
43421070,0.27418815032545857
43421071,0.2616067252243649
43421072,0.7424490781068549
43421073,0.1538001069466221
43421074,0.7114296147109114
43421075,0.3659132314848938
43421076,0.28161001844288874
43421077,0.22427807635915561
43425217,0.9544859666250378
43425218,0.3516186363692731
43425219,0.36875692356375506
43425220,0.2806758345758812
43425221,0.08903692655502612
43425222,2.447216096473891
43425223,0.354991598717697
43425224,0.593791424783682
36974059,0.09457515441941364
36974060,0.12906521500136114
36974061,0.16989857735158784
36974062,0.12463168308618916
36974063,0.11756906983786568
36974064,0.0833568067870956
36974065,1.0683014101344748
36974066,0.1005879920660732
36974067,0.13352484839691503
36956589,0.07072187342701937
36956590,0.15956013539369462
36956591,0.28772228805542144
36956592,0.14161299955831672
36956594,0.13736763772901092
36956595,0.3561916951385357
36956596,0.10236192678378433
36956597,0.39686928791532144
36956598,0.12575065844007255
36979458,0.14962700613899627
36979459,0.16266882052560938
36979460,0.09616020925866058
36979461,0.21471425787036344
36979462,0.3582175816370242
36979463,0.07953516887668419
36979464,0.44193209033185643
36979465,0.07689751765334486
36996131,0.04695800983736745
36996132,0.5087762892399584
36996133,0.24825234357702836
36996134,0.062097726550755135
36996135,0.13005492339151992
36996136,0.11974595171074749
36996137,0.05491592289924822
43422788,0.24762517430276446
43422789,0.29478084690166534
43422790,0.40883563473619094
43422791,0.17752869354633433
43422792,0.39806958279285
43422793,0.25917580243245075
43422794,0.13244608735847743
43422795,0.32977166548602
36964869,0.1676220943967719
36964870,0.06662302487325177
36964871,0.08409252766447183
36964872,0.11758196372339055
36964873,0.21188730927140248
36964874,0.11062148620227276
36964875,0.17019027887055424
36964876,0.09623960924410309
36964877,0.5819945174835409
36964878,0.08215773547883136
36972291,0.11029949912233052
36972292,0.05801285934780598
36972293,0.15810621845613199
36972294,0.5111277115876627
36972295,0.08648041453221132
36972296,0.7515931755167155
36972297,0.09796538706891358
36972298,0.11600615722365985
36961327,0.19436197253061127
36961328,0.19744341936248297
36961329,0.1985250717079086
36961330,0.20749851464228503
36961331,0.1637828835519894
36961332,0.1536638288542298
36961333,0.36633510592982116
36961334,0.2486703110103392
36961335,0.35020780114107386
36977295,0.19292168303784027
36977296,0.2666799510869355
36977297,0.07891930698189038
36977298,0.11368040668624599
36977299,0.22802094321478247
36977300,0.22982067778432844
36977301,0.12988528946437553
36977302,0.08291830436370407
36977303,0.09356224091871554
36977304,0.466865029118015
36995952,0.09488297088477234
36995953,0.08683833749081862
36995954,0.6741188244441707
36995955,0.06588512028489173
36995956,0.13608299844555574
36995957,0.1171650367695739
36995958,0.08765339637840838
36995959,0.06207232632382828
36995960,0.06046947905920525
36973982,0.16730991839051543
36973983,0.4502630870462307
36973984,0.4856009243974128
36973985,0.25160839312384103
36973986,0.21360871927983185
36973987,0.16034606913159652
36973988,0.2912659868735484
43427475,0.14298574154479232
43427476,0.19868876301883628
43427477,0.17353156784311893
43427478,0.12018658271003363
43427479,0.14476153445745293
43427480,0.28483041167791445
43427481,0.4045313072901232
43427482,0.223099177166154
43426343,0.13283914424463433
43426344,0.20101424107061427
43426345,0.3708479340089367
43426346,0.5384519862262573
43426347,0.20386635572846956
43426348,0.6726098675355863
43426349,0.25034193909563396
43426350,0.2109576957314312
43426351,0.14053927182157058
43426352,0.8571578679892039
36965973,0.8240734632226977
36965974,0.5751957810322648
36965975,1.271950620192495
36965976,0.8294327962770978
36965977,0.4910536941232636
36965978,0.6780338335225831
36965979,1.2465804712724342
43426881,0.07489892083446745
43426882,0.10077511669931273
43426883,0.17969523280899038
43426884,0.11616004765752944
43426885,0.28221948699186206
43426886,0.15837456118121335
43426887,0.13717631927545024
43426888,0.12899919510968705
43426889,0.2682270726879861
43426890,0.13247158923838417
36991110,0.0517956655647178
36991111,0.057663657244176346
36991112,0.051636806784552305
36991113,0.07988967052794471
36991114,0.0796290910587405
36991117,0.0671655126630787
36991118,0.04820969639141218
36982401,0.26263655546624937
36982402,0.09265634389783355
36982403,0.38491893625887585
36982404,0.09421718893933555
36982405,0.30219774314911
36982406,0.0764483804107093
36982407,0.0817732141546987
36982410,0.125370733682535
37021731,0.20449771803644437
37021732,0.1131293190995186
37021735,0.09667945515507192
37021737,0.14797049735976942
43430896,0.15079708290240684
43430897,0.1573289260140932
43430898,0.28307702639004534
43430899,0.15920986644563487
43430900,0.23450096493825906
43430901,0.2922044990835456
43430902,0.19799975550986157
43430903,0.26730495191002174
36996569,0.31341736136129994
36996570,0.5128602114552082
36996573,0.07830712262012379
36996574,0.09283394718528498
36996575,0.056057937714962335
36996576,0.07644886171146988
36956310,0.11179435288684046
36956311,0.4426732626794863
36956312,0.1891820078919305
36956313,0.3068484551760624
36956314,0.12482820601548332
36956315,0.1130978404335395
36956317,0.21134674431429293
36956318,0.25134253097377335
36956319,0.18180916065684258
43424994,0.1579096828546796
43424995,0.26582839967055366
43424996,0.3045730467177557
43424997,0.2871797865737595
43424998,0.3952632359346665
43424999,0.29695594637831313
43425000,0.08391491582267752
43425001,0.19845878657457255
43425002,0.1603657174017821
36984519,0.4443025144853423
36984520,0.081732507877386
36984521,0.1786902653601872
36984522,0.10138412478162076
36984523,0.2324083359544756
36984524,0.11413581618943812
36984525,0.47698510911662906
36984527,0.15774123615528143
36984528,0.12880813231557758
37012010,0.43677013763729483
37012011,0.20289841070755432
37012012,0.44891619989525106
37012013,1.6436633210663243
37012014,0.8878211384679223
37012015,0.5769615038205977
37012016,0.6093676033163226
37012017,0.24350605621673807
37012018,1.3618304902439429
36967287,0.1589507399603514
36967288,0.20733720122191363
36967289,0.145440801851273
36967290,0.7802440779516315
36967291,0.19555141533070192
36967292,0.27908511960840976
36967293,0.26464399726792315
36967294,0.1259780208199485
36969861,0.13032949903116975
36969864,0.5167136047150712
36969865,0.08967933025129127
36969867,0.35112137230146356
36969868,0.5149894060306354
36969869,0.43252147106606154
36958401,0.1877690842167786
36958402,0.29762987018195397
36958403,0.2137289905033526
36958404,0.09966303144951405
36958405,0.10867510643533053
36958406,0.2179433846911887
36958407,0.09110746215328529
36990724,0.3007287001684961
36990726,0.14957769437972965
36990727,0.19759503946741774
36990729,0.10602122970712434
36956977,0.20536567100748745
36956978,0.19188698696067075
36956979,0.18801572186105156
36956980,0.23606089774752093
36956981,0.1176089080250186
36956982,0.1112533897725749
36956983,0.44809516824085655
36956984,0.35969071168680594
36983002,0.22792783939087777
36983003,0.49012057970138384
36983004,0.1213439330910759
36983005,0.1443818609115596
36983006,0.12539990285738647
36983007,0.13698538331394247
36983008,0.20597502501601
36970477,0.3760346465262106
36970478,0.25134651400530167
36970479,0.1799316226028753
36970480,0.1450890642232091
36970481,0.32702298248215617
36970482,0.1287050201503894
36970483,0.16851700120474072
36970484,0.11285786343122961
36991803,0.05111059972124038
36991804,0.08595310950350027
36991805,0.044640911837905
36991806,0.054123938412570995
36991808,0.058513252953979064
36991809,0.04153175533438453
36991810,0.0760942355824617
36991811,0.40430138257277115
36986818,0.15331024879171
36986819,0.1705037460362474
36986820,0.1759972970496811
36986821,0.5937403395042989
36986822,0.12331968446213844
36986824,0.09036494507845466
36958746,0.23684022713182573
36958747,0.6283938429972624
36958748,0.1398616470149308
36958749,0.15494155875268506
36958750,0.11435877433039783
36958751,0.15061659776983002
36958752,0.10256678128067677
36958753,0.0937536500372284
36958754,0.474976131744518
36956565,0.16083352735260364
36956566,0.25721931342693594
36956567,0.7896481787148126
36956568,0.22274257843904371
36956569,0.27769183955668436
36956570,0.25942774388224954
36956571,0.2746478735870815
37018425,0.06498339437680353
37018426,0.05569724683554996
37018427,0.13478991970056375
37018428,0.0933429306161877
37018432,0.12584521086795852
37018433,0.0901802623129805
36965772,0.1762519138254582
36965773,0.2118285669885217
36965774,0.2897199330374601
36965775,0.20912966934659327
36965776,0.19425035448932523
36965777,0.16664547544916591
36965778,0.24405087781042287
36965779,0.24668249315572993
36965780,0.23920652382589683
36965781,0.18950581475780104
37008244,0.45993691539338677
37008245,0.1115052387720517
37008246,0.11904569827251182
37008247,0.23325796072371216
37008248,0.11857659593771949
37008250,0.10750066536135826
37008251,0.10665798659883917
37008252,0.17182446922641115
37008253,0.2169297918953372
36966145,0.0766911955836515
36966146,0.06992473452930718
36966147,0.06087599736963464
36966148,0.11610011033420271
36966149,0.07759376426287824
36966150,0.15014010145652265
36966151,0.11502433826935707
36966152,0.13902412613766266
36966153,0.11838367681148146
37021540,0.3320981773813562
37021541,0.20680485870362694
37021542,0.5999543360013772
37021543,0.2339026710248078
37021544,0.23965114638117302
37021545,0.273788020602224
37021546,0.9284196770939582
37020028,0.07609720606748525
36963857,0.18376562655874762
36963858,0.17387633713998063
36963859,0.21990014161911375
36963860,0.17360209153576478
36963861,0.8530452779781246
36963862,0.17917889585511604
36963863,1.0368927993712775
36963864,0.2942860416545367
36963865,0.2186334893526714
36963866,0.17929975912555438
36985994,0.040420087291654624
36985995,0.7781798851963987
36985996,0.6206822394987019
36985998,0.055439168876506136
36985999,0.6164205515455266
36986000,0.6896388503653358
36986001,0.4625061343042287
36986003,0.5856513972353893
36968139,0.18987935889630614
36968140,0.21080392018878122
36968141,0.05008271637840828
36968142,0.06202323700419193
36968143,0.16914599109485617
36968144,0.0650889018031809
36968145,0.14901222798902827
37012259,1.1025705486729813
37012260,0.2727861908459071
37012262,0.6936627837209968
37012263,1.1481391032397987
37012264,0.11070442016928764
37012265,0.22882375979075728
37012266,0.11004816445524315
37012267,0.39709083002335427
37012268,0.2709940969878408
37013889,0.045372001938443415
37013890,0.046355148691493604
37013891,0.04613626548672777
37013892,0.04786979413821177
37013893,0.0470002717846351
37013894,0.046853918963754404
37013895,0.04594264672225261
37013896,0.13971038399243535
37014448,0.1471253946176406
37014449,0.15003334054911543
37014450,0.15606346089578702
37014451,0.1628988453681702
37014452,0.1683109695273524
37014453,0.2113151015143884
37014454,0.1694339929370843
37014455,0.17512043371973088
37021344,0.12169752121412887
37021345,0.22579957442363827
37021346,0.2634188421851398
37021348,0.10640159989489262
37021349,0.09865189554923295
37021350,0.13369954277210067
37021351,0.10771584418021882
37021352,0.10531839018410483
37021353,0.23655073795853632
36960952,0.19407729356267417
36960953,0.10028105387650774
36960954,0.16870560541858118
36960956,0.09412746039698237
36955329,0.1301725186022019
36955330,0.11144050092421587
36955331,0.10738753702130825
36955332,0.10537305656517934
36955333,0.1172088940817244
36955334,0.08240230281926
36955335,0.08103667154363735
36955336,0.10929744393608341
37012872,0.6999050811851145
37012873,0.20310153274804224
37012874,0.20152624769884755
36982902,0.07698878808327193
36982903,0.07713579375137046
36982904,0.06931062867494972
36982906,0.16042665602787334
36982907,0.06789084521960512
36982910,0.21668652387958362
36997719,0.15325457282850316
36997720,0.19725779541583432
36997721,0.1328121975251569
36997722,0.3948339412695339
36997723,0.40957638193622276
36997724,0.3409187028640176
36997725,0.1590566369716112
36997726,0.387406052294355
36997727,0.2400715098071376
43428572,0.26029051522387997
43428573,0.2567323334221816
43428574,0.26048863239350745
43428576,0.251973795820662
43428577,0.20772361897938596
43428578,0.26058590255949593
43428579,0.2413918418910392
43428580,0.24780890560893912
43426799,0.170850799198246
43426800,0.0976271395457392
43426801,0.16807071930232434
43426802,0.09589973131560105
43426803,0.2811138902458288
43426804,0.14717412649751954
43426805,0.1725554179261293
43426806,0.17528666548631658
37024435,0.06369544052094486
37024436,0.05185719579073508
37007219,0.20865624293695065
37007222,0.17119239172298156
37007223,0.19803449919618696
37007225,0.2999081547534745
37007227,0.4517886823216269
36981007,0.3800218245901577
36981008,1.8257447575828658
36981009,0.49398220127731335
36981010,0.38574465291604154
36981011,0.44073362534955746
36981012,0.35939339190317704
36981013,0.4008703854683239
36981014,0.42321036046780386
36981015,0.24585496698136328
36981016,0.3797323206229615
43421996,0.2110447085970915
43421997,0.1635862208014924
43421998,0.16945855991265898
43421999,0.3202009917982677
43422000,0.20412265214841668
43422001,0.21246407095185554
36970753,0.39069421584010583
36970754,0.1601844525491728
36970755,0.25090246447961184
36970756,0.2159062665758435
36970757,0.2115323947684921
36970758,0.1489267073675046
36970759,0.37208417961656004
36970760,0.16097542547935503
36970761,0.15605352896793667
36986962,0.16786173143053548
36986963,0.07284520670981076
36986964,0.06385852213478735
36986965,0.20138758464524092
36986966,0.0785634967217959
36986969,0.09575738329472354
36986970,0.22063920878452697
36986971,0.15770830973907796
36967316,0.20264915220820864
36967317,0.47524955752403997
36967319,0.8567479996067783
36967320,0.46170457031966644
36967322,0.743933346407455
36967323,0.25959662761866736
36967324,0.15600117024648977
36968732,0.13073877472609793
36968733,0.5672054807524374
36968734,0.10541445648457641
36968735,0.23549256859029147
36968736,0.10778106929768197
36968737,0.1449755994515459
36968738,0.14519287586075844
36968739,0.15049019228537164
36968740,0.12087485307520048
36968741,0.12956711990797315
36972891,0.0959572087054133
36972892,0.11929503353620423
36972893,0.16068380530137708
36972894,0.11225820780955703
36972895,0.07372155805409225
36972896,0.16065507213938324
36972897,0.10489219839600251
36972898,0.16633423751049334
36972899,0.11053477234692254
36979706,0.25821901426930005
36979707,0.6404052780777618
36979708,0.46095377836035
36979709,1.2968656782705938
36979710,0.5577020863743841
36979711,0.5196285094399562
36979712,0.3602747536547113
36979713,0.48192327552891917
36979714,0.3907937788554173
36970185,0.1810174021355851
36970186,0.19530073842812784
36970187,0.06840941107374268
36970188,0.17422702513563787
36970189,0.3192276419155156
36970190,0.13714383434592503
36970191,0.09248621088449405
36970192,0.08762275034254163
36970193,0.13845085153535255
36991220,1.8832401453468666
36991221,0.5509822934020373
36991222,0.598884893783286
36991223,0.789018244688394
36991224,0.6623678298274002
36991225,0.4577355052511612
36991226,0.6868319258608813
36991227,0.4804849891739465
36991228,0.35927473520466796
36991229,1.8452608919176303
36990698,0.23667248444474168
36990699,0.14533344457839437
36990701,0.3075610727511851
36990704,0.30938969857500803
36990705,0.2567015188629942
43427400,0.350322941568251
43427401,0.1297219350377925
43427402,0.3414844109898401
43427403,0.13120150899900684
43427404,0.31701976931048026
43427406,0.5171636266233165
43427407,0.3284967892624819
43427408,0.17332299929919265
37020682,0.2594569713878081
37020685,0.5972572702971749
37020687,0.2573517517090371
37020688,0.4683146911228779
36961768,0.10523467098471083
36961769,0.10754580685224649
36961770,0.08962242006351563
36961771,0.5343018345856252
36961772,0.3388962732473676
36961773,0.13588071022802586
36961774,0.1926656126326211
36961775,0.17330544716402704
36961776,0.5614276367498596
36958357,0.47191212461063176
36958358,0.7669614406337587
36958359,0.17089230369609873
36958360,0.4726144342977164
36958361,0.6675137348474269
36958362,0.31881937667255666
36958363,0.5136817856566543
36958364,0.18473394164598594
36958365,0.23431847612315906
36994137,0.20425358931620952
36994138,0.17414944503924817
36994141,0.27066891586506225
36994142,0.1614252820574182
36994143,0.2316657052486096
36969827,0.46567655014875786
36969828,0.43984030313262223
36969831,0.41650580668745946
36969832,0.4575688512719716
36969833,0.7317448896758014
36969834,0.8913530508587848
36969835,0.9945368259190214
36985545,0.2257577978854866
36985546,0.22416092022878104
36985547,0.4639884137652343
36985548,0.46020058330312075
36985549,0.46617794268095425
36985550,0.21293025009242653
36985551,0.44509471563924585
36985552,0.4773076424886566
36985553,0.48895343582864453
36971915,0.24449930697643923
36971916,0.2280554765399198
36971917,0.1794315122959462
36971918,0.22729663143225742
36971919,0.23152205727751504
36971920,0.2416652364566708
36971921,0.23699920992261056
36971922,0.31952087129685885
36971953,0.18359603971738594
36971954,0.15869374143358217
36971955,0.2233907918850233
36971956,0.1690085986699676
36971957,0.38482840406168634
36971958,0.24869167902540285
36971959,0.2298040186253221
36971960,0.2649823153966293
43430447,0.2539312569927896
43430448,0.22643000083383313
43430450,0.23318771193429544
43430452,0.2198768582973036
37021323,0.0822919584249611
37021324,0.08987175826777309
37021325,0.07801697679897576
37021326,0.09278680232653387
37021327,0.07725321425137995
37021328,0.0796895584860283
37021329,0.08822323704868748
43428851,0.07901016683679217
43428852,0.8593093710076972
43428853,0.8056083848476995
43428854,0.5563304490794377
43428855,0.11865959892391938
43428856,0.5266721725604205
43428857,0.07370580233417885
43428858,0.6542866765200808
43428859,0.6739053413477152
36968222,0.3335917085774862
36968223,0.22224811235672437
36968224,0.5295260569113144
36968226,0.14977008002362593
36968227,0.13319137264887274
36968228,0.14347037403498722
36968229,0.14050684181326034
36968011,0.2806682130541259
36968012,0.2892116295054357
36968013,0.5557857489203515
36968014,0.2231889420162399
36968015,0.13344139053707768
36968016,0.14057000606189027
36968017,0.30066945368393316
36968018,0.5357711421303565
36968019,0.14762128472542563
36968020,0.1329564164193455
36982357,0.37780885654343216
36982361,0.38333898798656985
43429233,0.08558384022359943
43429234,0.1253776547848659
43429235,0.11924125465696661
43429236,0.08727553029432462
43429237,0.09501608897291812
43429238,0.12944357761770206
43429239,0.11015524421908442
43429240,0.10573680886303644
43429241,0.08296744985403559
36987325,0.25446637833942226
36987326,0.2807550522290286
36987327,0.3728357304748094
36987328,0.278121309807503
36987329,0.4650497066686451
36987330,0.27924806185199
36987331,0.21863783621402336
36987332,0.3214426413353492
36987333,0.25652805726876704
36987334,0.5445870397347745
43428860,0.21131802053806834
43428861,0.15400753198198525
43428862,0.15283624378929495
43428864,0.17143960678036235
43428865,0.18820448697292758
43428866,0.13159626073624547
43428867,0.15218634432263634
43428868,0.1794078696649883
43428869,0.12779268176245612
43419247,0.2926575832702191
43419248,0.3204346738432234
43419249,0.6395727785777752
43419250,0.3473550067234073
43419251,0.31528530998211246
43419252,0.17811116207850466
43419253,0.38302056596637446
43419254,0.33325541983617196
43419255,0.19210319043887672
43419256,0.35930511474290083
36965670,0.15917953059346854
36965672,0.24805680642779795
36965673,0.0923703584416091
36965674,0.2809608940388269
36965675,0.6632835784989991
36965676,0.17868558964154002
36965677,0.2785820886620554
36965678,0.1601498916558396
36965679,1.0695923301819499
36994121,0.45621079009159615
36994122,0.3221963433490986
36994123,0.321478772479318
36994124,0.3711987861637696
36994125,0.4583355042160389
36994126,0.24087881522346177
36994127,0.5270434334639638
36985208,0.58969825244867
36985209,1.3343439902579108
36985210,1.4290625196696336
36985211,0.290702163989974
36985212,1.1131641900331444
36985213,1.6133856897886885
36985214,0.5542205442627838
36985215,1.5995749030324404
36985216,0.41675749425300074
36985217,1.009893347590127
36975624,0.540297894771321
36975626,0.5699535916244031
36975627,0.24239916214896445
36975628,0.2644469547735949
36975629,0.22614403393597263
37015261,0.153906585487859
37015262,0.20755788692481206
37015263,0.15027933924598974
37015264,0.13678089044946837
37015265,0.15611819549716308
37015266,0.10710933978126816
37015267,0.1431241074373279
37015268,0.09037012706368738
36978885,0.392612577422476
36978886,0.5004298583413577
36978887,0.40989452936386317
36978888,1.2511745281669826
36978889,0.4102278575711254
36978890,0.42100646007064035
36978891,0.24473678306235463
36978892,1.3239172938671382
36978893,0.39236891472972746
36979990,0.20236516067631133
36979991,0.24819974564049702
36979992,0.0998536264496989
36979994,0.16646853950674328
36979995,0.16333064581097254
36979996,0.17184433759500478
36979997,0.4025338379860924
36979999,0.19659364497056883
36955964,1.0900119940480388
36955965,1.8171430938430733
36955966,0.43402717986204553
36955967,2.942268018057604
36955968,3.4065510215743013
36955969,0.07273425035346598
36955970,0.6902550759913755
36955971,0.5047617538171782
36955972,3.050507931169583
43418947,0.15876626635498978
43418948,0.4631022041132202
43418949,0.12500100717316048
43418950,0.12260648651851828
43418952,0.3519121718498217
43418953,0.20739339511435556
43418955,0.45068291054801946
43418956,0.3427237272481713
43427328,0.1459193360051371
43427329,0.327356961943833
43427330,0.18913646713125734
43427331,0.3338048253206537
43427332,0.5630642522592194
43427333,0.36825493843504675
43427334,0.40192211089824637
43427335,0.15186769176890957
43427336,0.15020287995765613
43427337,0.3424801568694811
36968604,0.4990821542716314
36968605,0.6599670001459116
36968606,0.9434372051292788
36968607,1.7096806719492927
36968608,0.40406541560791104
36968609,1.107491505366392
36968610,0.24499651980042866
36968611,0.3873828019868502
36963821,0.1845656928123928
36963822,0.14683654536566182
36963825,0.18815679457055415
36963827,0.36956533453652446
36963828,0.14557013094207646
36963830,1.3041047430030506
36987402,0.9865249124715064
36987404,0.43369214781011095
36987405,0.04091278980300033
36987407,0.04692079367380785
36987408,0.2573514434307535
36987409,0.395858237558648
36975640,0.08650862726809222
36975641,0.1304112286657582
36975642,0.3807085625269753
36975643,0.14097445547642917
36975644,0.14663942464083995
36975645,0.06593918913825682
36975646,0.07279499977044715
36975647,0.07782993686127632
36975648,0.1509860779589925
36975649,0.06991360313469949
36998493,0.113083894588424
36998494,0.2106738918182676
36998496,0.2638931419973763
36998497,0.19553373984682665
36998498,0.23299509595698067
36998499,0.12730848216270796
36998501,0.1663855066466518
43421417,0.05815159848862113
43421418,0.3323419272643934
43421419,0.26285864070443227
43421420,0.032832506802207465
43421421,0.1218364273184007
43421422,0.1380284443926034
43421423,0.21697225065936818
43421424,0.0777847668252094
36989029,0.22119428143584163
36989030,0.2709981288978422
36989031,0.20820870068803832
36989032,0.42782173785695365
36989033,0.24670887377471878
36989034,0.38543925018638336
36989035,0.37122334944781854
36989036,1.3568007154503794
36989037,0.36441514736217395
36983009,0.11376676935939542
36983010,0.1191023741717403
36983011,0.12242038574674043
36983012,0.0833150256581438
36983013,0.08506703506922937
36983014,0.11448004095851462
36983015,0.08789458368576081
36983016,0.11428997890172998
36983017,0.09130443170380416
36983018,0.08012389410220627
36988769,0.24125104774004916
36988770,0.22838106800902913
36988771,0.3993533329502534
36988775,0.23873626890428534
43423869,0.2520972419455452
43423871,0.26419028802791056
43423872,0.8190391115564962
43423873,0.2908643894614165
43423874,0.266940125601681
43423875,0.17145781327761367
43423876,0.2755478556302175
43423877,0.7516662334839536
43423878,0.30510196882518464
43422392,0.4639705845116196
43422394,0.49505549353783895
43422396,0.21920159445920953
43422397,0.24969108326691158
43422398,0.4865035484836495
43422400,0.21401858314371447
43422401,0.28003315750067775
43431206,0.3571140888659054
43431207,0.14072743034910296
43431208,0.2799039984049714
43431209,0.12444324930978434
43431210,0.16761194186117753
43431211,0.2976383879781603
43431213,0.3028827268554195
43431214,0.28734058383791844
43431215,0.35692324117236235
43421231,0.3382591044185594
43421232,0.14322162218692247
43421233,0.14664523220076295
43421234,0.15653792646068762
43421235,0.38889979801487
43421236,0.1990574244416698
43421237,0.3057827436714714
43421238,0.15889464898603634
43421239,0.16026590567870438
43421240,0.4407386971726465
43431018,0.3784383185468697
43431019,0.24324540525747762
43431020,0.29507732831524836
43431021,0.3081160338209467
43431022,0.45917818799596155
43431023,0.341678740006585
43431024,0.3076834435319936
43431025,0.3596147092110747
43431026,0.21567170213775436
43431027,0.45864169192134513
43421267,0.24926704499349822
43421269,0.20108241416912334
43421270,0.24546435924103535
43421271,0.24962142880323493
43421272,0.18134196298117114
43421273,0.1631694606265387
43421274,0.20647826992449997
43421275,0.19761514962070906
43421276,0.14860275571289397
43431893,1.8937385157280768
43431894,0.1079534439590139
43431895,0.9453486924625849
43431896,0.14925427076123474
43431897,0.19075442785681415
43431898,0.20179811138326903
43431899,0.15157570985376956
43431900,0.1911820357491892
43431901,0.08392742255694616
43431686,0.33160301410969906
43431687,0.09532223425824135
43431688,0.15438115013729914
43431689,0.056977798815858516
43431690,0.13871869177238408
43431691,0.1976781029181718
43431692,0.4716268982427824
43431693,0.11135790769482393
36958055,0.13127398127344456
36958056,0.14384813488667614
36958059,0.4626728428172951
36958063,0.44815859239012246
36995148,0.23701152938847886
36995149,0.0635330864493168
36995150,0.41203958389002104
36995151,0.3102296865031466
36995152,0.2825899850651332
36995153,0.06482210919506617
36995154,0.10138271545340927
36995155,0.07217723612566493
36995156,0.3140420664593733
37015064,0.38601358072157393
37015065,0.4893678450594934
37015066,0.44540330532306205
37015067,0.8645129902435238
37015068,0.3851193449560192
37015070,0.425981044314906
37015071,0.3458913700024606
37015072,0.48823806591388025
43420638,0.47495594232697924
43420640,0.20940513980186684
43420641,0.11907230474442483
43420642,0.23474241082404376
43420643,1.2350478701350192
43420645,0.18189457881621107
43420646,0.9381129604450488
43431412,0.32535262972859963
43431413,0.22187112327573805
43431414,0.26236930256176155
43431415,0.18766767044075197
43431416,0.2477681620833292
43431417,0.4704484307241999
43431419,0.4213084904500167
43431420,0.25527780647688586
43431421,0.12995122651637964
43424634,0.16427062150878574
43424635,0.6560522931557551
43424636,0.3231153355244079
43424637,0.3104295573868322
43424638,0.5900035158673569
43424639,0.6152552356074176
43424640,0.19554164810665792
43424641,0.44597940384204465
43424642,0.11972730802563483
43424643,0.5600564772766518
37010273,0.7536045299030577
37010275,0.7388565099125138
37010276,0.24083928381861222
37010277,0.8820409927916976
37010279,0.9180401804515561
37010280,0.1405005555638043
36984454,0.14621582990183704
36984455,0.6144954652915992
36984456,0.6183091872484439
36984457,0.11447280889844084
36984458,0.16421937152036656
36984459,0.6685884685929586
36984461,0.1796196944655324
36975350,0.1551615504146043
36975351,0.15057957180694026
36975519,0.09435386210133265
36975520,0.21294269395832024
36975521,0.23277713800192812
36975522,0.11804258754789615
36975523,0.10559352526354863
36975524,0.13847012230112232
36975525,0.10516993845780528
36975526,0.12030083848720004
36975527,0.12932282132734046
36975528,0.13010759907432407
43431405,0.17251113791304026
43431408,0.1990745825598521
43431409,0.19354344701745044
43431411,0.19715451084350996
36986229,0.036471555350763955
36986230,0.03648572886410279
36986232,0.2844231258672906
36986233,0.07503882543616623
36986234,0.0376782083695627
36986236,0.035686181424106275
36986238,0.12377056355322295
43433199,0.27647381412575317
43433201,0.3024498575039058
36964227,0.26409335257889954
36964228,0.8167165786454921
36964229,0.2587644123522891
36964230,0.2519095135327742
36964231,0.641197635565473
36964232,0.8045779751323775
36964233,0.11431753860526347
36964234,1.4923589974429217
36964235,0.1389257013112378
36964236,0.19135497130346285
36981627,0.15330266400015868
36981629,0.18524275994512468
36981630,0.16965450964707032
36981632,0.11945151040347785
36981633,0.1737179800135055
36981634,0.1570584465187627
36983685,0.22926063522538503
36983686,0.3905042071189673
36983687,0.4451136375261805
36983688,1.0466645744634768
36983689,0.5333898077190552
36983690,0.2253015672909073
36983691,0.28726620155047766
36968550,0.08429169949081523
36968551,0.07668741107764267
36968552,0.09921743812701425
36968553,0.0837094356327319
36968554,0.09279046027448426
36968555,0.07737425336894066
36968556,0.1251330934689363
36968557,0.10968120809493599
36968558,0.1346826364902209
36957069,0.13391347082098712
36957071,0.1293948587792297
36957072,0.10118929671287413
36957073,0.12376492982124421
36957074,0.1308647498728959
36957075,0.18385918449078692
36957076,0.0919637886104846
36957077,0.06870711192620603
36957078,0.07383669197216773
36975938,0.05186387138642812
36975939,0.051152668754189196
36975941,0.051387898545244684
36975942,0.05033668995979182
36969267,0.12034541444840544
36969269,0.14247286286781796
36969270,0.07500924472771035
36969271,0.43355680622078174
36994638,0.32697498894925836
36994639,0.45659830791278694
36994640,0.27485099266614904
36994641,0.8175577449883661
36994642,0.3536332828828875
36994643,0.2890636229126983
36994644,0.714239522133383
36994645,1.4366144096815383
43427978,0.1946478216930779
43427979,0.2850896016299977
43427980,0.25813522315756254
43427981,0.3592669154420039
43427982,0.1432832937917285
43427983,0.3908394663772
43427984,0.4784846177505513
43427985,0.15368735975554543
43427986,0.163979058562268
43427987,0.3878155826396428
43422041,0.3369992069351515
43422042,0.7504410565977226
43422043,0.323037457946056
43422044,0.21498908024235927
43422045,0.3263340881519456
43422046,0.3247141632935292
43422047,0.27856040238163887
43422048,0.46859845573773284
43427184,0.2193432346519102
43427185,0.15468718499463488
43427186,0.17408161618475979
43427187,0.19911696595211048
43427188,0.20754608929511836
43427189,0.19411971524595323
43427190,0.20864271455186176
43427191,0.11315362385146217
43427192,0.2021629510243201
43427193,0.1879127735364433
36966198,0.24952807396964188
36966199,0.09293697974036008
36966200,0.679899768830252
36966201,0.1415391967273599
36966202,0.2520667265884996
36966203,0.10205511478368874
36966204,0.13579771364677332
36966205,0.6468545524964806
36966206,0.10984009243251901
36994392,0.4597800155712852
36994393,0.31691424835757526
36994394,0.08425362522094926
36994395,0.153983735151752
36994396,0.6610791891146305
36994397,0.4047199663581757
36994398,0.31292532778905036
36994399,0.28227596884978723
43432672,0.13298490374995892
43432673,0.28724451422955194
43432674,0.9091206813485572
43432675,0.30265787814945583
43432676,0.14883046253486348
43432677,0.12345641345588453
43432678,0.2252663537908416
43432679,1.2454427081161847
43432680,0.13131074204910917
43428896,0.28922654240314644
43428897,0.15601579872898516
43428898,0.24142546855925603
43428899,0.2950271448607802
43428900,0.16929417678502656
43428901,0.17594449747520824
43428902,0.2857621112206015
43428903,0.23043138360309706
43420536,0.23599736891826312
43420537,0.12378937077277138
43420538,0.4447388621031176
43420539,0.17109607785796255
43420540,0.7877990233512694
43420541,0.2756132934239203
43420542,0.26868156358301
43420543,0.17018664459474067
43420544,0.25384893350555476
43420545,0.37467350056822984
36963012,0.13483150640847796
36963013,0.08711060410354048
36963014,0.09257928845489617
36963015,0.508436126361615
36963016,0.6749296919416291
36963017,0.12197317655510569
36963018,0.15369880336205197
36963019,0.4193534610297393
36963020,0.1160674578378656
36984371,0.36791456850841137
36984372,1.005633040661094
36984373,0.6789577910369774
36984374,0.36318702064655217
36984375,0.33158741888603893
36984376,0.6310511774978246
36984377,0.4618161431739469
36984378,0.7611162431586179
36984379,0.911758707559808
36991259,0.08236287312186977
36991260,0.20085803035093786
36991261,0.07626782312398489
36991262,0.07081021873731272
36991263,0.08041646140193949
36991264,0.0905499163612516
36991265,0.15402110269708552
36991266,0.07556114051494049
36955147,0.10993946999676837
36955148,0.2554713824840094
36955149,0.054770917350969194
36955150,0.10830684121733554
36955151,0.3706815919154097
36955152,0.056069825396727356
36955153,0.05581102472873419
36955154,0.1298602787754012
43431224,0.1693146819390965
43431225,1.9067112709849807
43431226,0.4422492441963412
43431227,0.6386197654820172
43431228,0.3274152451984753
43431229,0.24773761669948616
43431230,1.4966496481934812
43431231,0.3405822953882236
43431232,0.7205340007085205
36968642,0.19866632403859433
36968643,0.12619927221893518
36968644,0.3842565702390813
36968645,0.35699958019800665
36968646,0.17934225953091437
36968647,0.370617940608912
36968648,0.45035308965791904
36968649,0.28653857995183796
36968650,0.11234707693207084
36968651,0.1025779812685807
43422922,0.15328663113374114
43422923,0.4055225750724328
43422925,0.13158814260877372
43422927,0.4463417363407477
43422928,0.12182979011338663
43427959,0.4016376655894673
43427960,0.2675441065277739
43427961,0.3245683143674987
43427962,0.1881840440133362
43427963,0.5692128383446119
43427964,0.36932297782154333
43427965,0.3181470304041678
43427966,0.23272465890213775
43427967,0.45604041740667245
43427968,0.4402173071521738
43433042,0.6450694454684849
43433043,0.5952717723604435
43433044,0.2824388995658873
43433045,0.17141898242727607
43433046,0.1930228404950782
43433048,0.3309671403629348
43433049,0.18605070048256744
43433050,0.2975856545724621
43433051,0.34372488598266454
36990579,0.1283403481317942
36990580,0.09470387683555284
36990581,0.3189815328976566
36990582,0.12519077414245827
36990583,0.11999477914704602
36990584,0.27362740491325455
36990585,0.19012279835936718
36990586,0.29391654678731793
36990587,0.10906788141555664
36990588,0.20979183855164926
43419697,0.11833122807730427
43419698,1.5962707456012348
43419699,0.5839190139951234
43419700,0.3025825665240377
43419701,0.2849916305111357
43419702,0.13699186527901547
43419703,0.3984552769109967
43419704,0.28611407970360336
43425654,1.0131680731261132
43425655,0.4342466816529287
43425656,0.36892897955624493
43425657,0.4581454659526594
43425658,0.4779288875730123
43425659,0.16334435237994885
43425660,0.2591653944556203
43425661,0.31779748733932683
43425662,0.2194885797514016
43425663,0.14959444893621632
43427065,0.27205304845276707
43427066,0.09294087826560969
43427067,0.26382954952747045
43427068,0.11603984215698337
43427069,0.10435495152529413
43427070,0.21139020448974316
43427071,0.09653700392424333
43427072,0.31396590627767174
43427073,0.13838136886767732
43427074,0.2013792659532259
36983888,0.19470880871985666
36983889,0.5903632360730964
36983890,0.2088907641285856
36983891,0.2573138072943288
36983892,0.258524532857867
36983893,0.12157654240821363
36983894,0.23075136704239704
36983895,0.14424981922188757
36983896,0.16994000205519721
43432539,0.18470162056812037
43432540,0.272618052711559
43432541,0.14216478225977225
43432542,0.14364374754854095
43432543,0.21136453910381706
43432544,0.1918702631509472
43432545,0.20057070954897926
43432546,0.2810193881406763
43430195,0.18613017713035865
43430196,0.16922294984938904
43430197,0.16211510831530374
43430199,0.21843004825460657
43430200,0.24372077010434165
43430201,0.17594286223237993
43430202,0.18009024585322492
43430203,0.20845875895335225
36969068,0.24373123476042252
36969069,0.05715825723862255
36969070,0.05237157817705421
36969071,0.07607960069155338
36969072,0.046216176842586186
36969073,0.07462398894244968
36969074,0.2085446856014589
36969075,0.23624545575028014
36969076,0.2355647070242217
43432970,0.2011233117805744
43432971,0.4172811289206685
43432972,0.762096570739494
43432973,0.24613086247773974
36969007,0.39475606905671623
36969008,0.15802313886773603
36969009,0.1568110967496862
36969010,0.3638557414517195
36989172,0.296336264539101
36989173,0.3511501233665341
36989174,0.07550458146828021
36989175,0.07040795778545751
36989176,0.14614941965862335
36989177,0.24539665729458168
36989179,0.16889593004981246
36989180,0.31385561665603984
43427437,0.2885089458927077
43427438,0.9281502040782984
43427439,0.1777048648913981
43427440,0.8448333775947112
43427441,0.35264204492957657
43427442,0.3028802834360668
43427443,0.27869135748411417
43427444,0.5543754591953487
43427445,0.16772459183109148
43422523,0.28712990149698014
43422524,0.29925843443991323
43422525,0.2793714095111878
43422526,0.7148262121499048
43422527,0.16818836596888354
43422528,0.7523373841802281
43422529,0.3840059693180179
43422530,0.40012390254016433
43422531,0.17854643754596305
43422532,0.40722721256059097
43426645,0.08307879518436273
43426646,0.12524028689976038
43426647,0.07923322593734364
43426648,0.20106139900010125
43426649,0.10742350063563134
43426650,0.13455108872786187
43426651,0.0764503812532079
43426652,0.1144466569509055
43426653,0.10677072752222161
43418841,0.21085312796413389
43418842,0.31997850960633883
43418843,0.19863421908209447
43418844,0.1935100413113793
43418845,0.17386186024351877
43418847,0.18864071168338575
43418848,0.18091293909976508
43418849,0.22272945578284634
36966128,0.7358576137637388
36966129,0.13350023036583675
36966130,0.15867107589467355
36966131,0.08617243562887292
36966132,0.5840687866943376
36966133,0.5908524814816055
36966134,0.1458271860573722
36966135,0.17756366591882244
36966136,0.141300855293632
43425779,0.29605886636026957
43425780,0.23139241356639462
43425782,0.2976033424609902
43425783,0.27705282060565933
43425784,0.3041949687804588
43425785,0.24893315937719368
43425786,0.25260669546845527
43425787,0.7233325904136787
43425788,0.6948671470365748
43423490,0.12253101906825939
43423492,0.15885088731286834
43423494,0.17459693683704325
43423498,0.20330127581190874
37023907,0.024670630922231793
37023909,0.05056724912061719
37023910,0.07256568439376485
37023911,0.1912645888236177
37023912,0.026075750854959806
37023913,0.05096666924894145
37023914,0.09368460097045667
37023915,0.30420505854752156
37023916,0.17688259515670599
36994385,0.07714379780944353
36994387,1.014909498519326
36994388,0.07400954242677116
36994389,0.577685331733868
36994390,0.12257658607769192
36994391,0.48934584847908125
36961135,0.40955091270196375
36961136,0.09436142471646569
36961137,0.15071941657673482
36961138,0.7112490257485085
36961139,0.6161279451658418
36961140,0.5221786153261224
36961141,0.7702956926604324
36961142,0.11253877410332468
36961143,0.11549577535408236
36961144,0.5037994026594615
36985353,0.1351162380024929
36985354,0.28227494117752344
36985355,0.16428282498909658
36985356,0.21558338234847388
36985357,0.16355813428861338
36985358,0.23697206136713655
36985359,0.3810238146732443
36985360,0.14763032652994376
36985361,0.4572702178833545
36985362,0.2128875492272577
43422087,0.5826007338908187
43422088,0.2537191628331782
43422089,0.5581569899287712
43422090,0.685067724383539
43422091,0.6285255157164902
43422092,0.3370841795979404
43422093,0.44592473701131263
43422094,0.14803145335955553
43422095,1.0629313449171514
43420294,0.41335258508245803
43420295,0.7623541416061147
43420296,0.6286040953804016
43420297,0.2023694303501334
43420298,1.421034969232773
43420299,0.7255295935204615
43420300,0.9053112675278533
43420301,1.5831329190558325
43420302,0.4068769001966354
43420303,2.619258972629346
43431729,0.10759304604046888
43431731,0.4476674099920558
43431732,0.11324600289524832
43431733,0.3627490203965554
43431734,0.5019370984483698
43431735,0.1271386957552346
43431736,0.6526552627924329
43431737,0.21118517386074556
43431738,0.5916840051105386
36969731,0.32871238363223504
36969732,0.24487410971996845
36969733,0.1757103051533624
36969734,0.09843847047817472
36969735,0.15154443979770943
36969736,0.17676196835702135
36969737,0.18200258533345207
36969739,0.36169259177400953
36974193,0.1404116635764737
36974194,0.12873013959449764
36974195,0.137088718355061
36974196,0.13230245546415453
36974179,0.1305810858260687
36974180,0.13179292661495265
36974181,0.13169013552267772
36974182,0.13694836629950197
36974184,0.13565480138948388
36991915,0.3341073879717495
36991916,0.30711839102259225
36991917,0.2834763848774814
36991918,0.22602240129331438
36991919,1.6896827536857557
36991920,0.37831604023433946
36991921,0.30066099871431046
36991922,0.8745677865297525
36991923,1.0689077201847652
36991924,1.6895038938197258
43429662,0.5265578536695433
43429663,0.17892549808567226
43429664,0.21167683448560742
43429665,0.15437933587107144
43429666,0.5333234701041323
43429667,0.27003772402856585
43429668,0.5841503834987574
43429669,0.2738676813714018
43429670,0.48944588381674625
43429671,0.1564815237986864
36985500,0.20819347984058995
36985501,0.19705520920817388
36985502,0.22829119041902407
36985503,0.3424817542073086
36985504,0.36342009742660036
36985505,0.3783976624802196
36985506,0.1799723053227404
36985507,0.7457367440563795
36985508,1.2348307944753296
36985509,0.3746784020985926
43418823,0.3912005670542385
43418824,0.3236954740740513
43418825,0.29854395713362586
43418826,0.19024910943559947
43418827,0.19838048939535285
43418828,0.18698159462824926
43418829,0.252375755028026
43418830,0.208232147323278
36956906,0.8082658555352082
36956907,0.25707009459431307
36956908,1.158412286766467
36956909,0.4796410344894605
36956910,0.1548042165556999
36956912,0.3625927405511019
36984823,0.10864706172227961
36984824,0.07550822282913675
36984825,0.16284614055310442
36984826,0.07064991423534996
36984827,0.07257511552678256
36984828,0.09422726074430517
36984829,0.07657857571871308
36984830,0.07895883409629116
36988776,1.8660622115705923
36988777,0.07878470452151806
36988778,0.1006295833751201
36988779,0.14584956793478449
36988780,0.26983705913498207
36988781,0.11869983185856661
36988782,0.18476242163827378
36988784,0.4238227674682872
43424957,0.11572645918514181
43424958,0.45526303987024885
43424959,0.14901335858311954
43424960,0.20107798815317512
43424961,0.13990648358080607
43424962,0.15780235762761116
43424963,0.38686233327883895
43424964,0.2228831818609147
43424965,0.4446861321131132
43426163,0.5193236893764898
43426164,0.1477031884891783
43426167,0.24863409772596354
43426168,0.18537558157653689
43426169,0.10731380950692421
43426170,0.3991367121789391
43426171,0.14659002055593628
36968470,0.3651231955353269
36968471,0.4073690001880643
36968472,0.1193354763935723
36968473,0.18663313026356296
36968474,0.4343837336633653
36968475,0.2239364303367857
36968476,0.18431582961148826
36968477,0.3654400026013912
36962451,0.09151726394396961
36962452,0.18350386964067586
36962453,0.20349650505363834
36962454,0.21059991109931242
36962455,0.3497867317922612
36962456,0.11445726961689716
36962457,0.19086538883314977
36962458,0.1878304672335336
36962459,0.7059937849441131
36962460,0.2006245474258388
36961889,0.26447149029535577
36961890,0.30747343052479714
36961891,0.6083400910082708
36961892,0.2908002171833107
36961893,2.2734200776721027
36961894,0.9546827289676627
36961895,0.2576936869928408
36961896,0.2947510161555392
36961897,0.3949214736528546
36961898,0.29018883325763645
36981111,0.11030362755013161
36981112,0.11428354629900736
36981113,0.17077205262468817
36981114,0.12003148433216028
36981115,0.11119147331778666
36981117,0.13281090712694668
36981118,0.13640906159496347
43423927,0.28250279899623904
43423928,0.15928446791375406
43423930,0.11765578401093693
43423931,0.16154102393154726
43423933,0.07869313267564566
43423934,1.304933630782288
43423936,0.07849905310042053
36976318,0.2525192466751804
36976319,0.17332461825749465
36976320,0.24582118154870933
36976321,0.1734065967225499
36976322,0.3493368854924547
36976323,0.29558647529867715
36976324,0.19358721275693816
36976325,0.28409159710618515
36976326,0.281056455948322
36987552,0.11516190200849025
36987553,0.13775919608164097
36987554,0.06492153202069717
36987555,0.3169256265001261
36987556,0.06669944986867016
36987557,0.09560297649984277
36987558,0.07555643819520667
36987559,0.18011871608488747
36987560,0.24007208146353776
36981746,0.08507754151990574
36981747,0.07707183659551167
36981748,0.14983910611180698
36981749,0.0772945718826353
36981750,0.4031931544526297
36981752,0.6708440945526506
36981753,0.07832403591363439
36981754,0.07197629452487898
36956672,0.48873382032819024
36956673,0.31243586119817296
36956674,0.4871557896852262
36956677,0.32836257378718536
36956679,0.3752524381707113
36956680,0.41458976728944236
36979771,0.0944683116755759
36979773,0.5774368158312432
36979775,0.15440671472421244
36979779,0.13789955379538396
43420380,0.13390170375698893
43420381,0.13459901195156226
43420382,0.14785513148739537
43420383,0.1332246892408388
43420384,0.14973150495866358
43420385,0.34954328313985406
43420386,0.18208447800332472
43420387,0.11242408433518523
43420388,0.10571646306342902
43420389,0.0836888790852086
43428716,0.3029552246309436
43428717,0.5017105370171342
43428718,0.6077239047011522
43428719,0.3236214498794366
43428720,0.29323386801032936
43428721,0.1592508485743145
43428722,0.5905287750046166
43429242,0.14915641850812525
43429243,0.21786925475722502
43429244,0.36738302936473904
43429245,0.37410997241729593
43429246,0.4543652820051977
43429247,0.3442469858341523
43429248,0.1809801256136719
43429249,0.34354916585242845
43429250,0.35917970316738396
43429251,0.21970809888532275
43424835,0.11378035183675125
43424836,0.08769909798564589
43424837,0.24593469327424958
43424838,0.15649900691161206
43424839,0.2503197667207283
43424841,0.06281078806108145
43424842,0.10471400607706026
43424843,0.2314146016474896
43424844,0.10403982103485424
43423525,0.1362766269818496
43423526,0.455646759622799
43423527,0.3265428143101207
43423528,0.3221023708293435
43423529,0.32880933074321755
43423531,0.2528300300126894
43423532,0.14240536418301086
43423533,0.1426728757295701
43423534,0.5378122713763536
43432725,0.26477303071844766
43432726,0.2961924851220653
43432727,0.5786645285110634
43432728,0.14858575461556606
43432729,0.2565238609796567
43432730,0.31810546125704287
43432731,0.38045794909282693
43432733,0.1667489227258024
43419074,0.7262997776221926
43419075,0.25201811270963154
43419076,0.5543663112217183
43419077,0.3588248824645315
43419078,0.324621561198448
43419079,0.47165973498180774
43419080,0.5614466980194346
43419081,0.6318714108793619
43419082,0.2939554686667953
43433078,0.4108783643144791
43433079,0.30661803780989016
43433080,0.20887329145643882
43433081,0.21837265785289184
43433082,0.9726167670562791
43433083,0.1991553554194087
43433084,0.13390828070953248
43433085,0.4059208147377964
43433086,0.1506304712950079
43430042,0.0409042195609783
43430043,0.19788416734645095
43430044,0.13773057272328212
43430045,0.1447144859165564
43430046,0.18833203757017106
43430047,0.18194781163939375
43430048,0.1863687150659603
43430049,0.7945923915017347
43421343,0.3665023041031287
43421345,0.17869158091638057
43421347,0.20731443660306906
43421348,0.1504600176599629
43421349,0.2535626703329913
43421350,0.17372544372525928
43421351,0.12954388073455755
43421352,0.2468155157671365
36999098,0.10868536449274968
36999099,0.10443999824522765
36999100,0.12474452629794973
36999101,0.07757933134406586
36999102,0.09728289681868407
36999103,0.09228478823330913
36999104,0.07761343644607308
36999105,0.1299122774847719
36987530,0.055468649598076555
36987531,0.06555122543503421
36987532,0.5210597882775055
36987533,0.5306894290126453
36987534,0.09530060208412182
36987535,0.06441536110712691
36987536,0.05841416904015886
36987537,0.05521358636204487
36987538,0.07217146794762012
36987539,0.14952050228883973
36959182,0.05687020767122261
36959183,0.053101757523136485
36959184,0.0426215732501434
36959185,0.05137491941235114
36959186,0.0515361912358475
36959187,0.04319283406599952
36959188,0.05313360460075304
36959189,0.04772446191823394
36959190,0.04324045291148506
36968063,0.8505918667099921
36968064,0.6999325298711045
36968065,0.8306411812635096
36968066,0.7488084053928753
36968067,0.8012615757696652
36968068,0.8085428635163747
36968069,0.851779343927115
36991934,0.15069270090638345
36991935,0.2694303199299958
36991936,0.14059854360732232
36991938,0.14459629546418104
36991939,0.1492314987268459
36991940,0.11189113602108486
36991941,0.195461716622852
36982446,0.11575399243038342
36982447,0.08119923037184802
36982448,0.34970366574262296
36982449,0.10350436847911748
36982450,0.11400139910915974
36982451,0.14065433791339474
36982452,0.0884151523054783
36982453,0.3354796578053972
43431775,0.5528505807050784
43431776,0.0488676750090137
43431777,0.49468723586874586
43431778,0.4558828020433444
43431779,0.07742471422299205
43431781,0.13104877642921414
43431782,0.04791720142921878
43431783,0.22441413130345636
43432662,0.2218689799298499
43432663,0.0777651460777958
43432665,0.10359346935233855
43432666,0.6098463348217541
43432667,0.08482418361744112
43432668,0.2522274437863253
43432669,0.09709675002937039
43432670,0.9682318645885288
43432671,0.1085364217265507
36955745,0.5557055534049415
36955746,0.08876039754580366
36955747,0.15966382511268273
36955750,0.08604877961511888
36955751,0.14163135166517926
36955752,0.1620466334657745
36983135,0.15838450353645425
36983136,0.13096774646691395
36983137,0.45625759581368386
36983138,0.15372297099784582
36983139,0.09900204600920862
36983140,0.5826781311384861
36983141,0.4976299438748232
36983142,0.15297267514262664
36983143,0.15213081614119517
36983144,0.2327396716013686
36968037,0.06400107079218127
36968038,0.11065431089666582
36968039,0.10448698060183159
36968040,0.12420747714103005
36968041,0.16289531768763338
36968042,0.05977459851409135
36968043,0.053651253627827154
36968044,0.12152414214407022
36968045,0.07034247337510795
36971798,0.08311129033333312
36971799,0.49720687093268656
36971800,0.15742197643435601
36971801,0.10084778106801977
36971802,0.0979574424593575
36971803,0.16441553006716622
36971804,0.11949395108729159
36971805,0.11551873432049209
36971806,0.10493140641923851
36971807,0.11876514161082811
36981356,0.0833004670991451
36981357,0.15967196186460936
36981358,0.057402342171572994
36981359,0.08536806883433064
36981360,0.15413534650660463
36981361,0.11440179795931342
36981362,0.11056082532177187
36981363,0.07733085761741187
36981364,0.09101676027377242
43422903,0.5806843007483975
43422904,0.3818624750113184
43422905,0.1465593415586957
43422906,0.18973717743133112
43422907,0.3483073453812068
43422908,0.37293293736483124
43422909,0.2544831740545851
43422910,0.21517083202712123
43422911,0.3905993675093711
43422912,0.25926453054952076
43428468,0.2932488975704429
43428469,0.27176139681932077
43428470,0.17333353472865906
43428471,0.1594463762317296
43428472,0.16916112661429303
43428474,0.15019664000615313
43428475,0.22692589162870538
36982524,0.259895835912456
36982525,0.709102183273388
36982526,0.22357524032136353
36982528,0.1373480695559745
36982529,0.30759389630656253
36982530,0.553415646099204
36982531,0.16687055863070807
36961212,0.3060848117858675
36961213,0.21320111807253522
36961214,0.6601663256652611
36961216,0.22638808133634816
36961217,0.21824337082687334
36961218,0.11555909486155266
36961219,0.06709822834795673
36961220,0.15915237910620883
36990570,0.059648485140079865
36990571,0.06040679616544232
36990572,0.7318413973929878
36990573,0.05771904036872741
36990574,0.102256900814849
36990575,0.8752362804271662
36990576,0.4652296033527869
36990577,0.09025435174851583
36990578,0.3508465113482827
43421785,1.6217912308895617
43421786,0.5178576113386262
43421787,0.7784162551354831
43421788,0.4310504225210287
43421789,1.9330457661914633
43421790,0.38399556968797016
43421791,0.19574174885266482
43421792,0.5710119079242549
43431121,0.1558605387716947
43431122,0.21663965719023914
43431123,0.18745606775115506
43431124,0.1342358636387301
43431125,0.16242753251918696
43431126,0.21001443809373171
43431127,0.15324205801983048
43431128,0.17103932297038707
43431129,1.3785875158548122
43425039,0.7582933903775628
43425040,0.7331020659747052
43425041,0.6374404508313778
43425042,0.7141958755799486
43425043,1.0332186285430547
43425044,1.5128030544144533
43425045,0.43328993150266604
43422616,0.5833955999695727
43422617,0.6630734361250015
43422618,1.5456335386143132
43422619,0.1640516513302933
43422620,0.699610470700638
43422621,1.1166672904900334
43422622,0.32119515846024527
43422623,2.334252798237345
43422624,0.2122013288787462
43422625,0.8210854364251859
36974868,0.19859219354425703
36974869,0.19037990139288974
36974870,0.21685021814269326
36974871,0.30570621071014265
36974872,0.32205319194161697
36974873,0.29521141438320786
36974874,0.18951074968895695
36970911,1.6857350327186156
36970912,0.250811479048772
36970913,1.148125420320426
36970914,0.13571052037234257
36970915,0.7618110759152623
36970916,0.13822032889679098
36970917,0.24908141713796975
36970918,1.1597736777559657
36970919,0.15087054434642666
36967840,0.15785037509677086
36967841,0.20235909460222534
36967842,0.1360145824269546
36967844,0.55499690917516
36967846,0.48033194746312985
36967847,0.5380121750344038
36967848,0.5593788459410176
36991837,0.5742652120212087
36991838,0.24991237406721203
36991841,0.394180803662777
36991843,0.10607409426953265
36991844,0.23998714938576454
36991845,0.35125455554217117
36972120,0.1535914756377385
36972121,0.20600488359126495
36972122,0.15098323247506482
36972123,0.28798589017480897
36972124,0.14059078443415698
36972125,0.15487591892604097
36972126,0.2840376817054456
36972127,0.15254433502979003
36972128,0.1798326886506812
36972129,0.15451062584045108
37012794,0.28937933526339654
37012795,0.35825342408852423
37012796,0.6631427365885622
37012797,0.3804740008298036
37012798,0.39565811009841706
37012799,0.29890795284415694
37012800,0.628913108273557
37012801,0.4024276068239259
36981418,0.3071893990875696
36981419,0.2922362690327202
36981420,0.237406909097662
36981421,0.27325201107194186
36981422,0.3813745402762554
36981423,0.3132995800840161
36981424,0.23145562649650733
36981425,0.35469622729575023
36981427,0.2700311519838216
43423842,0.19135267386585592
43423843,0.46240769421000005
43423844,0.4491621449940049
43423846,0.23325497406713153
43423847,0.3445751050208348
43423848,0.4401555363874929
43423849,0.36691237624178974
43428769,0.24796618203947993
43428770,0.2326825977071397
43428771,0.5165415000233399
43428772,0.3422280186178294
43428773,0.1608726288012039
43428774,0.18853493136764857
43428775,0.2905608495235411
43428776,0.31746453540425035
43428777,0.1566884533344863
43427791,0.16870592836688772
43427793,0.1644531138364733
43427794,0.22435370178629058
43427795,0.2304309279268157
43427797,0.1946803240555718
43427798,0.20414248697521892
43427799,0.17210491754437396
36963937,0.15529114023287344
36963939,0.106754418716819
36963940,0.11082689367757244
36963941,0.15638863639124156
36963943,0.12189582130378547
36963945,0.2208549047560154
36975753,0.04059018341868029
36975755,0.22283798613440556
36975757,0.04721165923478326
36975759,0.051893553828181185
36975761,0.04167312365873102
36975762,0.053055564043868825
36993877,0.34093737328764473
36993878,0.5812771076327974
36993879,0.6068243314479016
36993880,0.4295867872703525
36993881,0.094897830194805
36993882,0.510505922064858
36993883,0.3728293101279595
37012526,0.22110647761956387
37012527,0.21076118221286377
37012528,0.17075730946952264
37012529,0.18400007289146114
37012530,1.0375881707436714
37012531,1.0740852728969064
36989910,0.10099923047924092
36989912,0.07297013884700454
36989913,0.5603818372732265
36989914,0.04696331417587099
36989915,0.04579158363197834
36989916,0.08958630210496357
36989917,0.07957270020291965
36969029,0.6650109398529104
36969030,0.26816154456778235
36969031,0.07504114528782399
36969032,0.6490894846694878
36969033,0.1993419468638792
36969034,0.10612855070869086
36969035,0.10226108475194505
36969036,0.04731319240260262
36969037,0.08476106800594901
36969038,0.09080234730707594
36957635,0.11356918697934441
36957636,0.24663803438986054
36957637,0.4209681877255885
36957638,0.23611658647373987
36957639,0.1349979215409505
36957640,0.20910994273430944
36957642,0.18963519638825266
36957644,0.25636710776416155
43420333,0.09014188195163432
43420334,0.07715396522173497
43420335,0.1313725031210983
43420336,0.18461384983956974
43420337,0.12446171688916806
43420338,0.07919513048296932
43420340,0.10807617645654592
43420341,0.1338160140566816
43420342,0.11493382876739278
36975419,0.09135297138121061
36975420,0.0849901349992059
36975421,0.29766644440084983
36975422,0.22702358623734745
36975423,0.2662359648274533
36975424,0.08792167078136061
36975425,0.2895980996980672
36975426,0.10534832743480134
36975427,0.27185982190696706
36996216,0.7439216565226598
36996217,0.21748960609621099
36996218,0.07240548601256554
36996219,0.1187891052038213
36996220,0.04941774911407386
36996221,0.14793464455266628
36996224,0.3102363670884346
43421931,0.07634480258035833
43421932,0.07449074206968778
43421933,0.12860026515248935
43421934,0.12571734398440912
43421935,0.07342747572035177
43421936,0.08537361945382486
43421937,0.07395459635517761
43421938,0.08128270451669793
43421939,0.07384232210319333
43426554,0.2473471640578104
43426555,0.10877355178079699
43426556,0.10926136863380413
43426557,0.19311735103113795
43426558,0.1872708014925886
43426559,0.16779873665759062
43426560,0.10067725059189003
43426561,0.09293914147821987
43426562,0.2237238627601238
43424749,0.17350696844397076
43424750,0.12118705204283599
43424751,0.9054324912607232
43424752,0.2043190852445722
43424753,0.171913220490745
43424754,0.4176539894419499
43424755,0.18586430743048246
43424756,0.5239475091080706
43424757,0.34432190325419804
43433025,0.11983056800073626
43433026,0.13134776266045653
43433027,0.18782379731064192
43433028,0.1633083045371503
43433029,0.12978050019083573
43433030,0.1618585529161217
43433031,0.1349129986690299
43433032,0.13466370914983905
36987798,0.2991230148152357
36987799,0.30222228540313667
36987800,0.24388058736883736
36987801,1.0460294563048704
36987802,0.14137330649637583
36987803,0.25308906279486415
36987804,0.23518218168987795
36987805,0.19107342606193944
36987806,0.2502989306630183
36985897,0.6223518020938976
36985898,0.7999266518220122
36985899,0.14643711077313118
36985900,1.108809789222347
36985901,0.8967776835626202
36985902,0.5575720889408294
36985903,0.72192982764601
36985904,0.3641214830733307
36985905,0.19913499973827337
36985906,0.4633308780903492
36991628,0.07748602911828416
36991629,0.062333776206026106
36991630,0.07737488799926907
36991631,0.10083485593895161
36991632,0.07331857872560635
36991633,0.07619928721292159
36991634,0.09746715555430177
36991635,0.08649302263903418
36991636,0.07396483088637294
36991637,0.09647213842834737
43421967,0.18124309399913285
43421970,0.1369898507676088
43421971,0.17476627646684284
43421973,0.19409342164343552
43421974,0.13393736669048892
43421975,0.2149674286030039
43421976,0.14766118561449532
36971770,0.16277358678958828
36971771,0.09009124808528231
36971772,0.07644113858103815
36971773,0.16506358077705238
36971774,0.18676295686995428
36971775,0.09708216646917028
36971776,0.26041979919956976
36971777,0.16217319705093272
36971778,0.06432551473598974
36987718,0.10142986219117227
36987720,0.22089307805549768
36987721,1.1202336739710597
36987722,0.15594314579878799
36987723,0.09153928424057839
36987724,0.1674813595819521
36987726,0.27686613706362084
36987727,0.15512047544986868
36982569,0.8186306051935732
36982570,0.24652731981374928
36982571,1.2250543455710163
36982572,1.3854448531688903
36982573,0.29481354799467546
36982574,0.849857466237379
36982575,0.44659246537578556
36982576,0.27534630615271005
36982577,0.42325779208222114
36982578,0.29164642735817886
36956180,1.9307200796687505
36956181,0.26672969602221025
36956182,1.885019920561708
36956183,0.2387521798509814
36956184,0.24825240920381422
36956185,1.1695642807158118
36956186,1.7735708603354607
36956187,1.7197019378135956
36987866,0.14842657666725026
36987867,0.2681485144098875
36987868,0.34922531312875293
36987869,0.3267459669609162
36987870,0.32025250543468053
36987871,0.17588717334640394
36987873,0.3148564408952052
43424730,0.7024931777823877
43424731,0.18826837948347322
43424732,0.5483973599447441
43424733,0.3352617354512792
43424734,0.2548561147296194
43424735,0.4021187493636237
43424736,0.1769017689507872
43424737,0.7834698520632758
43424738,0.2803701681366348
43424739,0.12173390226060861
36957168,0.1607656078428704
36957169,0.16268522377859646
36957170,0.3061068057109145
36957171,0.2469264801635033
36957173,0.09092599155408783
36957174,0.150118765395773
36957175,0.3004987214988744
36963247,0.10649609990662469
36963248,0.10414379901839518
36963249,0.21805199438480352
36963250,0.6354489129346504
36963251,0.2114991193466934
36963252,0.14293884853750222
36963253,0.2148242101203511
36963254,0.10439314140853925
36957564,0.16585110199882058
36957566,0.1769963912605226
36957567,0.14437907355604146
36957569,0.1655212511528165
36957570,0.13729619011678484
36957571,0.1652932748486994
36957572,0.1314536797298905
43422959,0.319604838636159
43422960,0.10106713188112708
43422961,0.1188209570143154
43422962,0.12220985153349653
43422964,0.1506413685265325
43422967,0.12035736927407717
43431157,0.38118582600949363
43431158,0.2784349247952697
43431159,0.2863655445201047
43431160,0.21500857531620085
43431161,0.4827088577465819
43431162,0.28936549495888014
43431163,0.2152594574235619
43431164,0.20997978481918175
43431165,0.29768408469190094
43431166,0.22023011788315422
37007562,1.0695607137971908
37011846,0.3866168140723891
37011847,0.6341048114926096
37011848,0.5477724078338686
37011849,0.46247561450087227
37011850,0.3128565094289568
37011851,0.3668139950330741
37011852,0.39871264127797507
37011853,0.37211638200501995
37011854,0.6652523928079136
37011855,0.6942526673311123
43421277,0.9103251655848988
43421278,0.8618762798954317
43421279,0.4689325657017463
43421280,0.9487992139946655
43421281,0.3045841314630727
43421282,0.39957125892798845
43421283,0.8535080436775996
43421284,0.572875501135133
43421285,1.4726699232207412
43422721,2.863293201246259
43422722,0.5302558429263309
43422723,0.35180571544113753
43422724,0.6966463329285663
43422725,0.6401747070777036
43422726,0.7993077360349341
43422727,0.5830972391309205
43422728,0.15304983055786567
43432577,1.022787042576098
43432578,0.8503177638208188
43432579,0.7517871789141886
43432580,1.914109233432073
43432581,0.6132910512796507
43432582,1.070166011981517
43432583,0.1804705407208778
43432584,2.1061420521604197
43432585,0.1695592461753715
37010747,0.12128658060936857
37010748,0.23893133714722822
37010750,0.10035423615662803
37010751,0.19252879989759178
37010752,0.20874591995814698
37010753,0.27685843648499486
37010754,0.15912142018922007
37010755,0.10649205265106468
37010756,0.11211757334396223
36980906,0.07620955442333445
36980907,0.1614094003745204
36980908,0.06788787488639357
36980909,0.1374590043041054
36980910,0.04606334806682761
36980911,0.460851792014433
36980912,0.16902921333665633
36980913,0.06324595361177833
36980914,0.902576596773797
36980915,0.24198489411816895
43428706,0.14560364918416502
43428707,0.14052311337535126
43428708,0.1559671351299318
43428709,0.14641712973615992
43428710,0.1505327624894762
43428711,0.07448593279970803
43428712,0.15536755458426485
43428713,0.07413938392448223
43428714,0.10788320778330347
43428715,0.241836397110208
43419752,0.16534401425624876
43419753,0.6006890609923445
43419754,0.24455929439444224
43419755,0.2087228785947249
43419756,0.3779542227333066
43419757,0.31382523370829013
43419758,0.49910911447966616
43419759,0.38077199283670465
43419760,0.7992356313846034
43419761,0.26277565053534685
36981259,0.23696447410502822
36981260,0.19070975510262295
36981261,0.17335458557820282
36981262,0.12609512991341432
36981263,0.24110232144243182
36981264,0.19837862667355013
36981266,0.17066492450430837
36981267,0.19466326727408287
36981268,0.2944142467545055
36963040,0.16819513202815298
36963041,0.10279201823449763
36963042,0.10327896723086329
36963043,0.09714404781853087
36963044,0.11829908416617063
36963045,0.10379267179908618
36963046,0.1457105863493852
43432742,0.2435456793835371
43432743,0.11168211376037936
43432744,0.24384148080767537
43432745,0.17627492518272633
43432746,0.16504423617858177
43432747,0.08025733726423309
43432748,0.39626619032200056
43432749,0.14755295885059763
43432750,0.11596743834730132
43432751,0.09198567837488979
43430271,0.12421506197309741
43430272,0.2410596025274404
43430274,0.27588560725068956
43430275,0.29725550736390627
43430276,0.9937393223548134
43430277,0.13433822502269727
43430278,0.3698493735998028
43430279,0.11302131194239926
43430280,0.1586440843370181
43421830,0.09855851007049192
43421831,0.40314797779988926
43421832,0.11640044211555182
43421833,0.4979320707256506
43421834,0.22233424631930457
43421835,0.6108907993981454
43421836,0.4105959667299099
43421837,0.18854659595975534
43421839,0.37788907691687035
43426042,0.3349471442967316
43426043,0.6562130196975857
43426044,0.3764516595927749
43426045,0.286279545795155
43426046,0.39737956351503867
43426047,0.29273304850700466
43426048,0.2948226263792866
43426049,0.752527578308274
43426050,0.3754521467674712
43426051,0.37405981997001186
43420054,0.8712753479278182
43420055,0.5629511212893713
43420056,1.3252410615015804
43420057,0.398458539370034
43420058,0.4207839355413743
43420059,0.33198603412697003
43420060,0.6743641404406987
43420061,0.3049671073356161
43420062,0.3004161394779698
36997769,0.11221573236392744
36997770,0.12600629553991322
36997771,0.3060408119795176
36997772,0.8527812972732096
36997773,0.11596649964582674
36997774,0.1374079525019452
36997775,0.14993931434274183
36997776,0.11505507181793961
36976259,0.40449178191237484
36976260,0.7342237602827323
36976261,0.36652174639977547
36976262,0.3814327080236989
36976263,0.32013770431536503
36976264,0.34024010679422334
36976265,0.44886246212708003
36976266,0.37775876754654486
36976267,0.41631926170338207
36976268,0.3552758661011337
43424056,0.14568463120970707
43424057,0.23330066094708887
43424059,0.6781006903823478
43424061,0.0957120539849286
43424063,0.27809818159642447
43424064,0.6405992225021643
43419814,0.17339065429524295
43419815,0.21613689402091255
43419816,0.3506030835036654
43419817,0.19684809856548752
43419819,0.3131653677736887
43419820,0.15388167720838153
43419821,0.45619305722677417
43419822,1.8803368839761256
36977757,0.10537325314868572
36977758,0.41359546432005556
36977759,0.12431623138806454
36977760,1.7613667531067765
36977761,0.09866191871504888
36977762,0.17639450103548898
36977763,0.1552528143986504
36977764,0.11502372659121853
36977765,0.31123092498826677
36977766,0.12709376627869637
36975790,0.12174856240720817
36975791,0.10951890436746459
36975792,0.20120130086510082
36975793,0.06433216274591191
36975794,0.1144243716798813
36975795,0.1274418176566517
36975796,0.10340814726341407
36975797,0.07325649334644246
36975798,0.08093744787986631
43421840,0.28408173602898346
43421841,0.16705261880250422
43421842,0.2514219235051542
43421843,0.18111609644063548
43421844,0.13175954086697728
43421845,0.10910986116672422
43421846,0.09955750012740763
43421847,0.13903655054080868
36979349,0.1741639080558383
36979350,0.6860755784012247
36979352,0.06091829937954288
36979353,0.06103222223751797
36979355,0.2332300623998151
36979356,0.051571682253640394
36979357,0.4756563114914553
36979358,0.17933478946601428
43433101,0.15254693297492927
43433102,0.28094745569842516
43433103,0.2389506591032625
43433104,0.19064064116767898
43433105,0.24581444483949932
43433106,0.3423383460389498
43433107,0.15428989875224447
43433108,0.33763901381825834
37021335,1.1652744902352565
37021336,0.12156472521520512
37021337,0.2975741840414869
37021338,0.08294014213241555
37021339,0.12387068492474973
37021340,0.2374213381280145
43428369,0.12804103782909027
43428370,0.6206991696974246
43428371,0.20822762416082674
43428372,0.22066778563814976
43428373,0.07679251928518735
43428374,0.06533134634090766
43428375,0.22044781306774178
43428376,0.5035355650302894
43428377,0.5637565848002084
43428378,0.13840693146959623
37022019,0.41412652378608955
37022020,0.23168261792990438
37022022,0.18626219497726906
37022023,0.27750080544332023
37022024,0.14000966632807899
37022026,0.21797036964456803
37022027,0.1723690692300915
37022028,0.23316950693007246
36982099,0.1353329302383522
36982100,0.15710959324690074
36982103,0.15379756842413142
36982104,0.11762130701544721
36982105,0.15167255906001287
36982106,0.18330668922426593
36982108,0.17021754489637783
37014376,0.140783605409339
37014378,0.1783552652721075
37014380,0.23116065889090537
37014381,0.1704689313917557
37013973,0.16912329871610615
37013974,0.18781562140134792
37013976,0.1873790500501025
37013977,0.24316386946793964
36985343,0.8495766861065377
36985344,0.3062117686813169
36985345,0.7709266986480753
36985346,0.12675380652680202
36985347,0.24871751903141004
36985348,0.2168984905922379
36985349,1.3329876595696957
36985350,0.3397590964560489
36985351,0.22186990424109837
36985352,0.088523889512932
37015991,0.5148744922225101
37015992,0.48844520109496753
37015993,1.0865479985295101
37015994,0.7489863143696878
37015665,0.9684749498535781
37015666,1.893720780798952
37015667,0.5140843115815336
37015668,0.4516101419449603
37014462,0.1373230227385265
37014463,0.134932489915759
37014465,0.13355059123018
37014466,0.1420601035639143
36960203,0.07434670564351147
36960204,0.07248175489179984
36960205,0.23786237284286155
36960206,0.09703140406957576
36960207,0.14226420276400276
36960208,0.07806198567943072
36960209,0.10916795947515036
36960210,0.07625233393750683
36960211,0.13450138513987048
36990414,0.08959597063623082
36990415,0.35067357203092125
36990416,0.07374049220776184
36990417,0.10038106884330601
36990418,0.2615565989043955
36990419,0.11260296280153785
36990421,0.10840129404519766
36990422,0.15544417932850121
36976450,0.0834262525458011
36976451,0.16750149365519154
36976452,0.1978473513970303
36976453,0.19265323292953898
36976455,1.8779716142693603
36976456,0.4622980269054767
36976457,0.18284917285416044
36976458,0.08964881693819542
36976459,0.09172566389835854
37009859,0.10742602256193683
37009863,0.10442820848489039
36985564,0.2297126878523915
36985565,0.5429162297354404
36985566,0.19693118777571894
36985567,1.8663847449429416
36985568,0.49021130481512587
36985569,0.18231319577318902
36985570,0.23003215583959996
36985571,0.12792741376370115
36985572,0.26084865404138835
43428511,0.663918426550791
43428512,0.15338343944276295
43428513,0.20971270311273496
43428514,0.5154359517919522
43428515,0.20615499725548694
43428516,0.14375212141574253
43428517,0.19248955959187655
43428518,0.6973646327934975
43428519,0.1370548443225791
43422813,0.13482535138896548
43422814,0.17785155408898617
43422815,0.15824230054631183
43422816,0.9644523834042832
43422817,0.1583563477951742
43422818,0.2909289168963817
43422820,0.156138941841301
43422821,0.17858253546018454
43422822,0.14427993718141738
36976124,0.12765598361538202
36976126,0.13240137073134967
36976127,0.18737204471619576
36976128,0.16614916962924442
36976131,0.11270804201679067
36983841,0.2951239012187557
36983842,0.47121889062557043
36983843,0.74659079177822
36983844,0.2546493290268679
36983845,0.2533469626201896
36983846,0.9993059332921144
36983847,0.12764804075745007
36983848,0.18249395053749526
36983849,0.5421770577534843
36990443,0.1030896800533501
36990444,0.1332141841960655
36990445,0.08790099962554464
36990447,0.14164519671047193
36990448,0.5773459956617144
36990449,0.08214843235883802
36990450,0.09922827398295828
36990451,0.10285738977898215
43425235,0.12005272396041991
43425236,0.19130150457065523
43425237,0.08674395937557615
43425238,0.12869708577307346
43425239,0.07656116324755627
43425240,0.09219487547505886
43425241,0.08512683272989188
43425242,0.09609821539403922
43425243,0.09046676832219935
43424515,0.10888110091270846
43424516,0.13641774872593548
43424517,0.09251761209404401
43424518,0.08545381163955375
43424519,0.09019532006994707
43424520,0.10347969394255774
43424521,0.22893821790239996
43424522,0.09210813576249037
43424523,0.09723972522900799
43424524,0.13463535787961467
43424070,0.10610890872706548
43424071,0.11832093125581446
43424072,0.2037513446976638
43424073,0.13733066084857343
43424074,0.1619300352626188
43424075,0.3592568715729003
43424076,0.21718933999006987
43424077,0.4082407888068762
43424078,0.38478068222149997
43419154,0.5644944383564039
43419155,0.3674300561834775
43419156,0.22318060524009192
43419157,0.24863921157445854
43419158,0.5188598067543689
43419159,0.14008886303503826
43419160,0.21382735866498342
43419161,0.1503643842729705
43419162,0.32976237645069195
36986332,0.1573413836089175
36986333,0.13073325599206898
36986334,0.09797545230404295
36986335,0.08435388959892046
36986336,0.09768502861963325
36986337,0.08941098917310837
36986338,0.10807060525562405
36986339,0.1434820934762113
36986340,0.093347379603113
36986341,0.09474552407471373
43419480,0.12718668289213042
43419481,1.1536342341178267
43419482,0.14494687759550084
43419483,0.16373393454180907
43419484,0.09534272018975898
43419485,0.13107435480873988
43419486,0.06690782818720896
43419487,0.9067165196049809
43419488,0.05914100768342938
43419489,0.07180785622376071
43420595,0.17509837792367533
43420596,0.2579792754006655
43420598,0.15498098672650884
43420599,0.08583075622057007
43420600,0.24964575135278344
43420601,0.08458498364505884
43420602,0.11477139748740832
43420603,0.1793095864840896
43424275,0.11185932973445872
43424276,0.062254441363986446
43424278,0.2838295177319565
43424279,0.11017207544429422
43424280,0.11727651794811773
43424282,0.04336495390340467
43424283,0.22222421470284548
43424284,0.05020180504758
36992188,0.46040994123213297
36992189,0.5527079377116225
36992190,0.32186573849198585
36992191,0.21758663390163302
36992192,0.3935347950578647
36992193,1.424424326583472
36992194,0.5515184591076524
36992195,0.2777978766353978
36992196,0.3193166365459354
36992197,0.6139169754867022
36961945,0.14648729171244798
36961946,0.23945066107806695
36961947,0.13745221234979038
36961949,0.22185397284062067
36961951,0.2438252455355257
36965660,0.6877154280052767
36965661,0.1418591757191637
36965663,0.058199156459081615
36965664,0.13176092754269933
36965665,0.8947806018625633
36965666,0.41575966676418064
36965667,0.11621192689729362
36965668,0.19825895134959112
36965669,0.2805592606252794
37017556,0.11015499306687837
37017557,0.07036309318072513
37017558,0.12348324600890809
37017559,1.250339449705669
37017562,0.19693011013519918
37007067,0.13212719117835342
37007068,0.0706952443458947
37007069,0.07877436429327611
36980553,0.1207308508488171
36980554,0.10065913369370738
36980555,0.16049687460663586
36980556,0.1045252484577742
36980557,0.33742321684000065
36980558,0.17019523204115342
36980559,0.2740723954848939
36980560,0.06440651581667378
36980561,0.04460819690570627
36980562,0.29142487705656406
36986792,0.07479415369603439
36986794,0.29974684844282584
36986795,0.11571701266424048
36986797,0.40650287234637944
36986799,0.09207097787448937
36983103,0.08399983030716562
36983104,0.717228951656955
36983105,0.22180605503822445
36983106,0.21250935067621185
36983107,0.15467874558450329
36983108,0.08172892470230016
36983109,0.2334516450437443
36983110,0.11837381155165007
36983111,0.14597265434217843
36979697,0.46111803198546913
36979698,0.1945882305705119
36979699,0.19224339782949237
36979700,0.2545894507936361
36979702,0.6421833589972276
36979703,0.045946197996191894
36979704,0.48790021452694593
36979705,1.1982177416040862
36995323,1.3520611807195109
36995324,1.573304279199791
36995325,0.20017971958357234
36995326,0.1696078111434663
36995327,0.18238039883361462
36995328,0.16139084971458473
36995329,0.1632675852655027
36995330,0.22908311587054822
36995331,0.118431646292241
43422281,0.3459657615947242
43422282,0.09947753363157863
43422283,0.23186608089773067
43422284,0.5820741926802573
43422285,0.286534862847599
43422286,0.3276386102745917
43422287,0.12584516152825712
43422288,0.21076336506421178
43422289,0.6948261225704702
43422290,0.18768211354063255
36970692,0.09502963655425814
36970693,0.08645504372496872
36970694,1.0111623155534015
36970695,0.22404893239752174
36970696,0.07809051859481139
36970697,0.08468986341559015
36970698,0.06231224324430867
36970699,0.07082593073204205
36970700,0.07763877462971212
36970701,0.14619127412355815
43426573,0.36144301005665236
43426574,0.329370990321008
43426575,0.8482924871177561
43426576,0.2514676906210071
43426577,0.2866491104329192
43426578,0.2603825994161839
43426579,0.2581277765528365
43426580,0.26915095174322373
43426581,0.31473481967396894
36998417,0.35799773346179514
36998418,0.9274790823628692
36998419,0.9180380580284788
36998420,0.4014939911485551
36998421,0.3293525821893427
36998422,1.112966464060843
36998423,0.6262233054665934
43431952,0.08043804659634689
43431953,0.19735601832438052
43431954,0.1609165867791582
43431955,0.19351372334406805
43431956,0.24032143323574187
43431957,0.21932550747554042
43431958,0.22573808261887884
43429161,0.4655250282285511
43429162,0.3059055618704639
43429163,0.16611567898881027
43429164,0.3890230499348505
43429165,0.23963390165181037
43429166,0.1995750037658911
43429167,0.41066467297657044
43429168,0.21572887961573475
36976041,1.2184540529764056
36976042,0.14624249898968011
36976044,0.44294926907700305
36976045,2.419610750168959
36976046,0.47651514154503155
36976047,0.5438510420054524
36976048,0.05714788158958686
36976049,0.26722804716935566
43426582,0.15385781225488485
43426583,0.3014016276841995
43426584,0.31246637359871804
43426585,0.1650676211349259
43426586,1.147133336015993
43426587,0.19188988187410763
43426588,0.27712286740346886
43426589,0.10200673727269961
36989513,0.5083903561839468
36989515,0.09130454148246277
36989516,0.07465695297759177
36989517,0.20468712307051812
36989518,0.2433659567797471
36989519,0.14670295711775547
36989520,0.6729660894923591
36989521,0.2949219666886278
36989522,0.3779320753315338
43431376,0.17064081202553635
43431377,0.11834431451996044
43431378,0.21889727679505383
43431379,0.1271366718927997
43431380,0.21451756890025123
43431381,0.13351919623085187
43431382,0.16845357418480444
43431383,0.17546766841985045
43431384,0.11579586959170529
43431385,0.20482369310682133
36959130,0.18463398109364318
36959131,0.06327268366123377
36959132,0.2096906515136925
36959133,0.11903868172698967
36959134,0.08500234824272813
36959135,0.601693979405605
36959136,0.10721990277141634
43431876,0.09435982791628582
43431877,0.12166073312729608
43431878,0.21738185854586087
43431879,0.10557852493193297
43431880,0.13558333282001875
43431881,0.6354102244968025
43431882,0.15039676462937837
43431883,0.14848133065036143
43424687,0.13821648682157212
43424688,0.1493362459893576
43424689,0.12251898262861283
43424691,0.17606713334162163
43424692,0.1759613358151644
43424693,0.7936886714289081
43424694,0.20462293401066536
43424695,0.11244898295779808
43424696,0.3643552127201688
36961998,1.235736984125493
36961999,0.1854913537757854
36962000,0.5957688213060948
36962001,0.0573198676559374
36962002,0.43063371306857257
36962003,0.19998665800065657
36962005,0.16776987506457747
36962006,0.20302257089490913
36962007,0.16412694509767362
43425712,0.23338004899458534
43425713,0.24509631641429333
43425714,0.2049443012590494
43425715,0.311971704880252
43425716,0.19511204024839274
43425717,0.20398821369998257
43425718,0.23289374596346415
43425719,0.18180203658675967
43425720,0.23190751463472165
43422196,0.23574192886744788
43422197,0.14506297818588998
43422198,0.12111882772265652
43422199,0.15744729452326195
43422200,0.9316228232506901
43422201,0.37443218743943035
43422202,0.11764543132740658
43422203,0.12090868771325615
43422204,0.23327509055762694
43424569,0.3457785187399462
43424570,0.12826938173166516
43424571,0.10185102309357823
43424572,0.21608304364285918
43424573,0.11336000802297334
43424574,0.11601479080374699
43424575,0.1226010360266726
43424576,0.7602695209261087
43424577,0.4983348646801393
36987038,0.08830140532277371
36987039,0.16866055260624926
36987043,0.13651086790239284
36987044,0.139084907662055
36987045,0.13081523403275438
36987046,0.09324743083019733
36987047,0.0692806103491569
43418937,0.14695017998299562
43418938,0.3645437755254634
43418939,0.607620520681908
43418940,0.6682026704234323
43418941,0.25983684574015603
43418942,0.7057168041810848
43418943,0.28557755020333647
43418944,0.8399665136450182
43418945,0.28687543774650304
43418946,0.29243467276266616
43420814,0.2861452439151254
43420815,0.3801154854593153
43420816,0.32607436381903177
43420817,0.41019676929499255
43420818,0.6899918825335338
43420819,0.6357780860251132
43420820,0.28898479353700773
43420821,0.5263505688900035
43420822,1.3378054546793818
36958464,0.20885985744282656
36958465,0.2018051710267153
36958466,0.1493782174817796
36958467,0.2124560361354476
36958468,0.24956645987756504
36958469,0.14208860836722342
36958470,0.15123301931992947
36958471,0.2677513657838577
36958472,0.14458880517555087
36958473,0.10017919064220751
36982711,0.1750220580207212
36982712,0.07130796829623935
36982713,0.44518190343726505
36982714,0.12282442000527237
36982715,0.11045579778538198
36982716,0.11932728902020558
36982717,0.6209862777993101
36982718,0.09459550267901189
36982719,0.06962428094759766
36982720,0.1593160762926058
37011581,0.10617962554064811
37011582,0.16232904926148975
37011583,0.12969326863132954
37011584,0.20968031766422832
37011585,0.5903441902671519
37011587,0.16484798910937234
37011588,0.45144752591353765
37011589,0.12322681313309446
43419146,0.42407197971378807
43419147,1.5654965143760455
43419148,0.32069984904525034
43419149,0.23340706937698835
43419151,0.0649045962356815
43419152,0.13972024261857166
43419153,0.39735828855437927
36984936,0.44748592349079885
36984937,0.2599962514027199
36984938,0.216708001751595
36984939,0.09247635309844639
36984940,0.1927057883301204
36984941,0.15261390937901784
36984942,0.1975365150884018
36984943,0.08294714609835623
36984945,0.3772396020764365
43423635,0.3256061769970085
43423636,0.3238400548270071
43423637,0.22353053065847503
43423638,0.14961527837922795
43423639,0.11679689779568816
43423640,0.07463813695889619
43423641,0.07190832540222493
43423642,0.12111021014524646
43423643,0.3034061985178658
36967708,0.07613036865512879
36967709,0.09503920841882434
36967710,0.25185173370233227
36967712,0.10389377962417716
36967713,0.23747863241041592
36967714,0.08967223829358868
36967715,0.08342113243837816
36967716,0.08349959648364107
43420700,0.3486325220123671
43420701,0.23769941664975744
43420702,0.31289365915807005
43420703,0.44334161253002297
43420704,0.6107453075671981
43420705,0.20977392124981528
43420706,0.0730584913381905
43420707,0.19260103838581727
43420708,0.33097995312475165
43420709,0.21764216384878382
43419607,0.3039239704088622
43419608,0.42869268958379325
43419609,0.14600576045937816
43419610,0.5903338164416243
43419611,0.507454731358687
43419612,0.23659914255049133
43419613,0.32312238087549644
43419615,0.5934430213894241
43419616,0.20061578842760552
43428190,0.14531237195834412
43428191,0.28272881441482284
43428193,0.15559727859067518
43428194,0.9368858512169586
43428195,0.18986147616416002
43428199,0.13965084876915498
43427591,0.654186581691522
43427592,1.173717389229779
43427594,0.15342938801897757
43427596,1.1306747797781316
43427598,0.21314956037797628
43431694,0.3261015099725879
43431695,0.10248290003845252
43431696,0.10308235040767297
43431697,0.1304461913871878
43431698,0.11984915922394321
43431699,0.09766211782015392
43431700,0.21998903457832683
43431701,0.1247729866057658
43431702,0.10241587495445492
43432771,0.18663439576349788
43432776,0.11828836114060443
43431884,0.2200920614761914
43431885,0.1352552467118815
43431886,0.20609134493821632
43431887,0.07414129014598764
43431888,0.17973901310607673
43431889,0.061966410209197256
43431890,0.4190514830865277
43431891,0.2589986440154361
43431892,0.16997393250047935
43432486,0.10297943459289602
43432487,0.19493786742280506
43432488,0.24599885009903583
43432489,0.09242763998362544
43432490,0.1171709792663467
43432491,0.17020227045484773
43432492,0.17926762008362798
43432493,0.10133741148111847
43432494,0.07613023642457735
43426269,0.23592715431737332
43426270,0.13456137365243118
43426271,0.08559002688053641
43426272,0.1983913784746196
43426273,0.09886035438574313
43426274,0.18000986081076903
43426275,0.17426924404550018
43426276,0.08494801558531735
43426277,0.09424335125587054
43429298,0.2146346321911859
43429299,0.20280063862276573
43429300,0.15468789040089326
43429301,0.23319130434975238
43429302,0.18721647543689007
43429303,0.15982040923199836
43429304,0.17433843967071738
43429305,0.12252073596653205
36990037,0.2639245105175256
36990038,0.11467669399396434
36990040,0.1661355949623738
36990041,0.1655113954088507
36990042,0.19762795457163734
36990043,0.12369033643580636
36990044,0.1606003051003038
36990045,0.2747098668652921
36990046,0.23583448560167036
36993256,0.224540833568155
36993257,0.45673577732998416
36993258,0.18065024716754802
36993259,0.2597284952231126
36993260,1.734543249319964
36993261,0.14093804260958454
36993262,0.13351385527030396
36993263,0.2725380012612345
36993264,1.7534475947722774
36993265,0.4225729232251574
36957573,0.17458017913445834
36957574,0.2699876704659638
36957575,1.2406110243518402
36957576,0.3418333580073122
36957577,1.2076113239409452
36957578,0.9861678215365596
36957579,0.3383424712828814
36957580,0.23968348679009283
36957581,0.390273025904975
36986940,0.37353195658442917
36986941,0.2117439900133575
36986942,0.08421195426449885
36986944,0.10392704834698527
36986945,0.06873126075453741
36986946,0.2146137952553212
36986947,0.3728764328040566
43426790,0.12982794775839573
43426791,0.14354876485332255
43426794,0.18213002441572362
43426795,0.18356846406996857
43426798,0.1419404926239133
43432403,0.08354334291681889
43432404,0.08941573248553336
43432405,0.08805720181014318
43432406,0.07946979338016942
43432407,0.12104588213581337
43432408,0.09309759477522472
43432409,0.08603464643278995
43432410,0.0667150554224558
43432411,0.6877790327544722
43421614,0.29223926948442186
43421615,0.257025375712541
43421616,0.1292563374764114
43421617,0.1531560318102911
43421618,0.0997357112467326
43421619,0.2627731029314655
43421620,0.09421944821287517
43421621,0.31598277347482684
43421622,0.128375958147623
43421623,0.5092029942000513
36955416,1.1274204874312956
36955417,0.12779236899332946
36955418,0.1343944041669158
36955419,0.0734936026581865
36955420,0.10244190735655456
36955421,0.09822603604887507
36955422,0.09865942588285474
36955423,0.18058584801792296
36955424,0.24282616906874205
36955425,1.0759584594657587
43425636,0.17827630650193343
43425637,0.11351169619590482
43425638,0.10633226363956556
43425639,0.17696423910974574
43425641,0.14999994035122094
43425642,0.10857500760410342
43425643,0.20366322964938738
43425644,0.1096965952220288
43425645,0.20509818970187377
43421470,0.16412335288185795
43421471,0.16436355895972843
43421472,0.15080765827476697
43421474,0.16201465729493303
43421476,0.16568969241010376
43421477,0.306354546851716
43421478,0.25703492977545084
43421479,0.20763369005689858
37010393,0.49323638882336956
36991503,0.5737795165864301
36991504,0.13026421644956712
36991505,0.1804377899838376
36991506,0.19636850719293159
36991507,0.1622023385242533
36991509,0.14462187971679993
36991510,0.2775441910729228
36991511,0.3035056444735389
36991512,0.13925601461807982
36988279,0.34495877750798354
36988280,0.17958702742966368
36988282,0.31101311331705483
36988283,0.2035887579718064
36988284,0.4351975795283496
36988285,0.26495411628713933
36988288,0.14179308026566156
36976224,0.32490179667282193
36976225,0.6573783052437046
36976226,0.30124634114439003
36976227,0.28289819664741517
36976228,0.40015366104528166
36976229,0.5289502309452823
36976230,0.14836274496698285
36976231,0.17096510051410982
36976232,0.4912470289667955
43429000,0.5041114310069719
43429001,0.2109983862539964
43429002,0.7486796165147771
43429003,0.09503430166615612
43429004,0.08796826622678008
43429005,0.2214411451995704
43429006,0.07523739573823078
43425046,1.0170482098084601
43425047,0.09292479916205054
43425048,0.13439835964571528
43425049,0.1365528710172874
43425050,0.1365587922044387
43425051,0.10279521117439541
43425053,0.5125059307585889
43425054,0.28412486176550916
36994478,0.1471597543254364
36994479,0.1360989668050778
36994480,0.11915918209255472
36994481,0.06209119667148547
36994482,0.16523885133221444
36994483,0.055102913293580635
36994484,0.13767128276817076
36994485,1.4934052632776977
43425342,0.3546176076487202
43425344,0.3339966401403181
43425345,0.17935921513710443
43425346,0.31818814023756653
43425348,0.35939486722470904
43427002,0.264342874182348
43427003,0.2197803330373452
43427004,0.169220708751461
43427005,0.14457865553947008
43427006,0.2136955323614123
43427007,0.06432790718329919
43427008,0.21178552767666567
43427009,0.119546227285142
43427010,0.19027727152506155
43421323,0.2117370640098203
43421324,0.21082177269926816
43421325,0.15815157675482
43421326,0.06116141068928906
43421327,0.25262975467548693
43421328,0.2051189318675727
43421329,0.22925593939350178
43421330,0.3316139538922226
43421331,0.24953186829052046
43421332,0.09165953927957149
43423706,0.11963126919892159
43423707,0.18408062233308567
43423708,0.15575439572510966
43423709,0.23424510242944319
43423710,0.11503594945733268
43423711,0.19331191742176002
43423712,0.21387113524916496
43423713,0.21605597130049178
43423714,0.24722378677349338
43423715,0.17033050898907726
43432018,0.10135193364198467
43432019,0.09257512592457558
43432020,0.14799859363455692
43432021,0.31875016428182984
43432022,0.25453071573607305
43432023,0.9533677801322946
43432024,0.16070666732393435
43432025,0.11643761650007106
43432026,0.09664221054663417
43432027,0.13666356374917332
43423726,0.2213888442768177
43423727,0.13818952945312002
43423728,0.13334100935251253
43423729,1.0096320346863497
43423730,0.10116213733274433
43423731,0.26939879876105105
43423732,0.10008032486493311
43423733,0.1700044381678331
43423734,0.12121404821939218
43431043,0.38568605943300444
43431044,0.06538725963471947
43431045,0.05144568463988229
43431046,0.12732546613956766
43431047,0.08979599820631144
43431048,0.06274454484589319
43431049,0.9196602112291694
43431050,0.11132721061385475
43431051,0.28941562568536067
43431052,0.13862263056095098
43424698,0.07162468680667466
43424699,0.16288530762262368
43424700,0.08654200522806019
43424701,0.07650480740001908
43424702,0.10444669788429979
43424703,0.10746072136014227
43424704,0.16618011687594325
43420485,0.14717875025036647
43420486,0.20002422453481855
43420487,0.15710319797537037
43420488,0.17053624816223778
43420489,0.17432949210331602
43420490,0.21204824454330165
43420491,0.21153289668490313
43420492,0.19771865131799585
43420493,0.21611108503281184
43420494,0.20623781377390746
36985258,0.23847653645323794
36985259,0.09605678332368908
36985260,0.18586206917025214
36985261,0.09604524508567425
36985262,0.45952546923118515
36985263,0.3704106460261498
36985264,0.18920629211189138
36985265,0.18687490322028172
36981950,0.4118271502632237
36981951,0.14319121938695692
36981952,0.05308097360867755
36981953,0.1562568425671706
36981954,0.08382316729792832
36981955,0.0770841592625211
36981956,0.07501202368371766
36981957,0.15817190115875404
36975381,0.10803603077518535
36975382,0.09811352345441919
36975383,0.1346474452075646
36975384,0.1675555937577697
36975385,0.15908815208861699
36975386,0.13921290048837764
36975387,0.19644884155569362
36975388,0.09252615210695128
36975389,0.05413414937885769
36975390,0.10255590341834585
43432933,0.12642409561886184
43432934,0.29409521989446546
43432935,0.6508224742950758
43432936,0.3057137189444739
43432937,0.32582187388796907
43432938,0.5792546396469983
43432939,0.17108969905183255
43432940,0.6254177067632176
36997665,0.07759496068120174
36997666,0.21950862977294155
36997667,0.11714973894876511
36997668,0.11559774394770019
36997669,0.17940074740846726
36997670,1.1175464367770198
36997671,0.0917160768714558
36997672,0.13853674050691825
36997673,0.18575349418835235
36997674,0.18018548110836072
43432505,0.15043470565727823
43432506,0.08973805350111178
43432507,0.14476799262577617
43432508,0.1611249675337109
43432510,0.3623156232585834
43432511,0.17460642834923196
43432512,0.10965830007316447
43432513,0.1640037558195866
43432514,0.2854934586592671
43420977,0.1409492459796087
43420978,0.2729083993546605
43420979,0.12436290815714748
43420980,0.15971011284103817
43420981,0.3044425547549853
43420982,0.10164593020889695
43420983,0.17169747662701565
43420984,0.5989896157285474
43420985,0.10086248360182515
43423662,0.09729708551320476
43423663,0.08230303924969548
43423664,0.08196459941098506
43423665,0.35516355777207415
43423666,0.08780138238110675
43423667,0.12621848341629727
43423668,0.09154062791523954
43423669,0.07699730791053126
43423670,0.3214516150333663
36965877,0.1969955412567192
36965878,0.11181499673025377
36965879,0.09915626825916264
36965880,0.9637067617306968
36965881,0.11229285647842108
36965882,0.11818795903546418
36965883,0.26267203068344375
36965884,0.19083867700408788
36965885,0.23066674368626874
36965886,0.21400428766313376
36989800,0.07464355095516201
36989801,0.3207246314702855
36989802,0.05081344888257464
36989803,0.08153171491946853
36989804,0.05862036083717508
36989805,0.11836493030705826
36989806,0.0827555435159988
36989807,0.12544603754637423
36989808,0.8972819948423632
36960457,0.17342863798460967
36960458,0.09644868955897333
36960459,0.09371041299517835
36960460,0.05817672527643698
36960461,0.05924493961562511
36960462,0.047470485640341634
36960463,0.2024355693867705
36960464,0.09477047978176044
43419537,0.33490125986223196
43419538,0.19761356436286617
43419539,0.4236706613964534
43419540,0.18735801236137442
43419541,0.4341958389633674
43419542,0.14099554609497505
43419543,0.25776275305232754
43419544,0.4079450803877884
43419545,0.8459531909699285
43419546,0.2366768378284189
43423471,0.21326021727380043
43423472,0.22481430974684752
43423473,0.1657975772161985
43423474,0.26022353152439137
43423475,0.11791095081547635
43423476,0.1379635360679992
43423477,0.8056007843983053
43423478,0.1697343154312037
43423479,0.09638316078291821
36965520,2.3353693238615048
36965521,0.5130351752302659
36965522,0.5300258538949846
36965523,0.9117784029710598
36965524,0.9216751371084635
36965525,1.056980176689733
36965526,0.2698679812944859
36965527,1.0328930801246083
36965528,0.36984995501215656
36965529,0.15859523298508663
43422561,0.11948683816411597
43422562,0.3337183052525321
43422563,0.126075090370438
43422564,0.13885289494312922
43422565,0.24264616328808297
43422566,0.2787362125362367
43422567,0.23046235027861384
43422568,0.688559022139513
43422569,0.3268836365663653
43422570,0.1899988620431912
36961565,0.6845725400819
36961566,0.3586459746102793
36961567,0.16061735091102608
36961568,0.34085102946397117
36961569,0.18903301320626004
36961570,2.5362534605971923
36961571,0.4219049038898137
36961572,0.692750129907788
36961573,0.2688931019820575
36990833,0.11999109901960293
36990834,0.11848694126072
36990835,0.07989987587100907
36990836,0.058456038394909385
36990837,0.16092337200476964
36990838,0.17934947873553753
36990839,0.07262129478083272
36990840,0.19279280842403668
43433133,0.0539365623358751
43433134,0.3780849849777489
43433135,0.4654141887830557
43433136,0.24736082709448212
43433137,0.2471103646560139
43433138,0.2005092232753801
36964256,0.7425728993706588
36964257,0.23282022902106264
36964258,1.0622508761158158
36964259,0.27577414587064736
36964260,0.25136100185678545
36964261,0.6193577561128581
36964262,0.21445104322920677
36964263,0.39452546975352093
36964264,0.24931165967037042
43419312,1.0328199857807767
43419313,0.19595700511052364
43419314,0.9949222479136541
43419315,0.20744860861376388
43419316,0.23072666457471647
43419317,1.0140002859063468
43419318,0.37410833812798727
43419319,0.2046517853365634
43429261,0.0871001663504799
43429262,0.5879531250560823
43429263,0.4495566273636041
43429264,0.09962721124358662
43429265,0.44956217763881595
43429266,0.17951363024766384
43429267,0.3351736464134556
43429268,0.195292238373671
43429269,0.15486212311271028
43429270,0.36537825078602004
43420905,1.000219831177053
43420906,0.23983959351224712
43420907,0.4476123031863391
43420908,0.6771230498455192
43420909,0.44730141537577023
43420910,0.203272404237702
43420911,0.3789999755454836
43420912,0.25828332709031343
43420913,0.4211799434554106
43425798,0.448861037906742
43425799,0.29983806018514686
43425800,0.3641008081305641
43425801,0.3426875926820036
43425802,0.40028481051392517
43425803,0.5911309532634008
43425804,1.1539661214328796
43425805,0.3672405057202135
43425806,0.5617077255819886
43425807,0.17790400445487345
43425817,0.29497740438510395
43425818,0.20471502129536312
43425819,0.2570545481574837
43425820,0.35370026683353584
43425821,0.30586204566116737
43425822,0.2172564544159827
43425823,0.19662396039634386
43425824,0.2474986938932169
43430660,0.2485428153084912
43430661,0.6423813490439744
43430662,0.3682534213134508
43430663,0.6738142580271375
43430664,0.5044261267947616
43430665,0.39504793186975123
43430666,0.3880118094429879
43430667,1.1758252026394915
43430668,0.4872575036269989
43430669,0.5683717561828194
43426973,0.10537106270247276
43426974,0.08629953861649492
43426975,0.18290051073933736
43426979,0.16546173352535773
43426980,0.12482473719339557
43426981,0.1367592014617202
36982454,0.08357672241146571
36982455,0.1736037312520795
36982456,0.13292111268154355
36982457,0.05831186241273002
36982458,0.2025145112709913
36982459,0.05225005904806137
36982460,0.06421265011243739
36982461,0.06293005696783274
36982462,0.08643058296549076
36982463,0.050245212999774296
36973889,0.2811270552476028
36973890,0.15263195575703886
36973892,0.1533067375982591
36973893,0.25151348267924223
36973894,0.12363568833665514
36973895,0.08448026044085544
36973896,0.1361338575745666
36973897,0.2274700289586528
36988151,0.09034647554285288
36988152,0.13682253043409082
36988153,0.1546117676447843
36988154,0.14520182738900833
36988155,0.1870131843524689
36988156,0.15339380910686845
36988157,0.15429306925087274
36988158,0.11092068972731148
36988159,0.15183913315260567
36988160,0.08771164726333554
36959036,0.06879709564704686
36959037,0.10999794837935244
36959038,0.09453559158132145
36959039,0.1664479932527842
36959040,0.11656407118503159
36959041,0.07064431609167096
36959042,0.06951937740196315
36959043,0.08404127459301201
36959044,0.11024526272345661
36987709,0.3442460590618342
36987710,0.08080849510170916
36987711,1.0099759605545695
36987712,0.31083340044961566
36987713,0.8822701097257419
36987714,0.31995770188509215
36987715,0.10392508270261541
36987716,0.181290458204501
36987717,0.8760482812046227
36968536,0.09592092505449419
36968537,0.1619830125148366
36968538,0.14722078179567458
36968539,0.07958291366966949
36968540,0.09909886632814138
36968541,0.08262663111745504
36968542,0.08165078965835332
36968543,0.07957662085783139
43421519,0.22422601484605564
43421520,0.25229033282965485
43421521,0.14224415872281043
43421522,0.23532399989566813
43421523,0.26388997953540533
43421525,0.2183601401167869
43421526,0.42726477491192455
43421527,0.13356630807097888
43421528,0.15531718879340162
36975780,0.08589376773596322
36975781,0.14399570394704114
36975782,0.1717002464196917
36975783,0.12493544001857193
36975784,0.10138102036793943
36975785,0.13251625999755903
36975786,0.2087351329282443
36975787,0.1719893704396031
36975788,0.10798317549198205
36975789,0.1616488801272301
43425417,0.07765297154515798
43425418,0.1521008568856591
43425419,0.07578478782486618
43425420,0.13664009383580272
43425421,0.20745555645475938
43425422,0.10528515628636116
43425423,0.22119316687407461
43425424,0.08446479945924255
43425425,0.15425282797439258
36960047,1.69083612254855
36960048,0.9159395006025152
36960049,0.3950909783973343
36960050,1.3902509967149341
36960051,0.28090130475601893
36960052,0.22373701785442685
36960053,0.9221453120035298
36960054,0.4422515277013898
43429178,0.2357156688353969
43429179,0.23537288323340708
43429180,0.13553453257495712
43429181,0.24273085922396306
43429182,0.23605849540733745
43429183,0.25062916234735455
43429184,0.25189887095315755
43429185,0.20398673476848136
36972083,0.2483042898904999
36972084,0.07352473655967007
36972086,0.060919339145103946
36972087,0.14011602518399144
36972088,0.06045752369385046
36972089,0.0578222103580614
36972090,0.06753067810589324
36972091,0.09108887903350854
36970965,0.06334027116908902
36970967,0.09202296617480445
36970969,0.05758853347862617
36970970,0.06748028979090846
36970971,0.07394198932308545
36970973,0.08178117903334031
36970974,0.07220044229955386
43422494,0.13367436469775612
43422495,0.22419352676622703
43422496,0.1611523111621154
43422497,0.16184392793189037
43422499,0.1403329829415085
43422500,0.14137817993189655
43422501,0.1154359749623931
43422502,0.1316219086260677
36993061,0.18480222266991841
36993062,0.15046290209943003
36993063,0.14643640786751885
36993065,0.154956048757248
36993066,0.08387129916154125
36993067,0.1362849489041461
36983467,0.7721113390163106
36983468,0.049037465021705674
36983469,0.04914635790610516
36983470,0.0741792048129148
36983471,0.10744244314300073
36983472,0.07736748217421302
36983473,0.2560418749268093
36983474,0.05537225188187754
36996018,0.08498782251324494
36996019,0.13081284759984502
36996020,0.031887967621606006
36996021,0.18759916225520512
36996022,0.03123209333115896
36996023,0.08344131453037616
36996024,0.03296482572348613
36996025,0.0780030939763513
36996026,0.37919334800753474
36996027,0.08364243932365098
37010180,0.1923440892998467
37010181,0.10012185964867223
37010182,0.08441503742673499
37010183,0.14211331463415838
37010184,0.05870558480324078
37010185,0.11922134931614288
37010186,0.15558357351177393
37010187,0.3194340262489692
36955164,0.6258432046932787
36955165,0.2921107872956101
36955166,0.7476478008677572
36955167,0.2521359934040179
36955168,0.3749144327119787
36955169,0.29272945925304333
36955170,0.25554884373610165
36955171,0.22650528624382207
36955172,0.2355112887183745
36991024,0.14116838768515375
36991027,0.2744573407252171
36991028,0.2630572490524957
36991029,0.2607913554179863
36991030,0.1252578174934314
36983424,0.4307724951695496
36983425,0.1470955452555614
36983426,0.17227195468749965
36983427,0.13401697341073887
36983428,0.2066533370657038
36983429,0.1381976118463573
36983430,0.4025921782588411
36983431,0.5159575785625744
36983432,1.1891029107059934
36983433,0.19910477875450902
36957446,0.19125047324197986
36957447,0.21694032906170393
36957448,0.46402759350278105
36957449,0.31940057678442535
36957450,0.17768771014542745
36957451,0.19400433307770068
36957452,0.775545259976956
36957453,0.12566818453698136
43425878,0.4591403751743596
43425879,0.5573718166708972
43425880,0.8384709427771784
43425881,0.36549005299028836
43425882,0.28952233244694403
43425883,0.43682343033139276
43425884,0.4827163927364087
43425886,0.3112418027315159
43425887,0.41335774462428254
36968622,0.1810019178428664
36968624,0.2036743669792932
36968625,0.14920098180210378
36968626,0.19604088191777766
36968627,0.17759853515474225
36968628,0.3686108874959438
36968629,0.162307092567272
36968630,0.450816055327559
43430087,0.1900453571290514
43430088,0.18473140793853468
43430089,0.20876948166811937
43430090,0.18564680363552907
43430091,0.21194769393371488
43430092,0.2325412601438095
43430093,0.32702950183556245
43430094,0.16997153774781157
43430095,0.2245705383972141
43428005,0.1772008138340912
43428006,0.22511549757441457
43428007,0.19365258443902447
43428008,0.07710318220595916
43428009,0.2028602169343799
43428010,0.27409433609649886
43428011,0.17427385955601993
43428012,0.3041531839325448
43428013,0.23029919054069278
43426744,0.3069765447771095
43426745,0.2382911491509152
43426746,0.18384234627078933
43426747,0.20781894272436907
43426748,0.10658826759987224
43426749,0.19218175503852802
43426750,0.21070841696348036
43426751,0.20934530603725937
43426752,0.3130886139007154
43426753,0.2875243064881815
43419617,0.0745358648084586
43419618,0.11243360168942483
43419619,0.2970654347014614
43419620,0.18681241089875528
43419621,0.2607092144289538
43419622,0.23611738314351427
43419623,0.22776820012778173
43419624,0.21776360895167476
43419625,0.24620735280400224
43423129,0.24835136532007002
43423130,0.18540645571074885
43423131,0.18196511827207226
43423132,0.251742355997251
43423133,0.18773192514846657
43423134,0.11785225016563962
43423135,0.08104191885921985
43423136,0.31306964639144125
43423137,0.11375761647428319
43423138,0.1583781105701314
43421574,0.1781193876921076
43421575,0.10696655380220667
43421576,0.09422188042652621
43421577,0.22499424231503698
43421578,0.3722912331709579
43421579,0.1833208479381221
43421580,0.16654584051529694
43421581,0.18815431234989116
43421582,0.31914916812503263
43421583,0.21996693096992095
43419912,0.38601407224251816
43419913,0.4216911599534377
43419914,0.0994035747734856
43419915,0.40463250639639836
43419916,0.08633673431277802
43419917,0.07991960733108967
43419918,0.09104503186427333
43419919,0.17749476950751042
43419920,0.31604161018220134
43430755,0.23014281309240872
43430756,0.23355926521118378
43430757,0.20646248411653917
43430758,0.20212618643838867
43430759,0.2509225038719611
43430760,0.08801651612712275
43430761,0.2578580068056226
43430762,0.1738602440968937
43430763,0.3289188632145371
43428833,0.29767671576033505
43428834,0.10090858350275496
43428835,0.0978363685327095
43428836,0.12677135050857294
43428837,0.11428859684729752
43428838,0.1749356866521013
43428839,0.15519456127774758
43428840,0.09530979289499783
43423054,0.3543966490041758
43423055,0.17359189977703848
43423056,0.20676769687977362
43423057,0.09687491247324309
43423058,0.2109512365833205
43423059,0.07816544702480686
43423060,0.08569976268694614
43423061,0.12620028219758866
43423062,0.15689605549154356
43421187,0.1504137135859384
43421188,0.05908368443123523
43421189,0.16953604765596383
43421190,0.4228559320184479
43421191,0.47874148432032015
43421192,0.12446162628551914
43421193,0.22439347340411883
43421194,0.26686399745378586
36981242,0.06816270477126975
36981243,0.06469105779438997
36981244,0.0774694704992642
36981245,0.06131302912282007
36981246,0.32139648230817697
36981247,0.3212267295305048
36981248,0.08693261729402003
36981249,0.049194252746504775
36989669,0.1521271955681786
36989670,0.32878025077329814
36989671,0.39335313644896297
36989672,0.31333715800506684
36989673,0.25749154526478424
36989674,0.22668747559241834
36989675,0.42153210520179063
36989676,0.3119921977104504
36989677,0.2595289413387228
36989678,0.4554119772717338
36978405,0.3465671889359298
36978406,0.19856316979786648
36978408,0.3772700778778549
36978409,0.18196377769413924
36978410,0.8439250897460671
36978411,0.293414056645074
36978412,0.3937472294891017
36978413,0.37917367287737075
36979804,0.40777430608175885
36979805,0.6535302878718935
36979806,0.222649892118081
36979807,0.21711141537716117
36979808,0.39233620955864557
36979809,0.6540193057527176
36979810,0.31373531514811387
36979811,0.2885893017857559
36993852,0.5897957873567908
36993853,0.261767049132899
36993854,1.1321209812876787
36993855,0.6880003014856482
36993856,0.10849147710857682
36993857,0.16543141296696934
36993858,1.3185420847053715
36993859,0.17000778084797336
36993860,0.1889721159517902
36993861,0.18994615419053393
36975165,0.541834070621286
36975166,0.2533690193604894
36975167,0.13448649665986254
36975168,0.5931094507214686
36975169,0.44221341245021023
36975170,0.7176060212108226
36975171,0.8920972685774684
36975172,0.21508412478277467
36975173,0.9036480979024557
36967717,0.24931581367499428
36967718,0.36221855995631447
36967719,0.37591459184564596
36967720,0.3479114201676175
36967721,0.44291618646229824
36967722,0.5428683306986882
36967723,0.7358877455459121
36967724,0.19443781747510783
36967725,0.6664511458737495
36967726,0.27967171641009964
43428520,0.06252323176175316
43428521,0.09582244812185561
43428522,0.13585863051759534
43428523,0.08734657861039548
43428524,0.08960263008344314
43428525,0.12361821631954702
43428526,0.20951594938318127
43428527,0.13462539713038726
43428528,0.12894401512291964
43428529,0.19298006532863668
36992015,0.22244733770932368
36992016,0.17259419094826747
36992017,0.13958280731122513
36992018,0.7591313889148112
36992019,0.19555363674736154
36992020,0.3532768168574513
36992021,0.17232370180070855
36992022,0.1363965812568217
36992023,0.15838069113884828
43423400,0.1498953319047324
43423401,0.1975014398084572
43423402,0.11214489775579985
43423403,0.13072681915572448
43423404,0.22834691168414187
43423405,0.16415436562937427
43423406,0.12312002598906396
43423407,0.2854669112376021
36956050,0.2884613536214658
36956051,0.38267059522210806
36956052,0.13147380851794407
36956053,0.2241364660999785
36956054,0.12351727814073145
36956055,0.35547104393400136
36956056,0.37741603976275717
43424975,0.1887917648065144
43424976,0.11897556401473111
43424977,0.13289760570956874
43424978,0.49445612294442737
43424979,0.26251814875806984
43424980,0.18779289941477822
43424981,0.35350472500155516
43424982,0.2529188551137404
43424983,0.20219152780063668
43424984,0.17876303985946643
43431080,0.36834049382394873
43431081,0.5629008509742307
43431082,0.7151657404893064
43431083,0.3024300178809928
43431084,0.34835667338391424
43431085,0.9588230906345578
43431086,0.28478947420180634
36955606,0.4746051379672552
36955607,0.3910476187844734
36955608,0.5707396974343563
36955609,0.21028828135663674
36955610,0.12103607631053473
36955611,0.39763698697913813
36955612,0.21391103629721722
36955613,0.27400098874949175
36955614,0.19367936761586427
36955615,0.1501522771521831
36973525,0.15562286536130962
36973526,0.12331339454850761
36973527,0.18168686070416903
36973528,0.10693688983241707
36973530,0.11094180332649707
36973531,0.09149293862491802
36973532,0.1350763416929313
36973533,0.11241178669506983
36973534,0.1475910394093838
36963204,0.16973737307474424
36963205,0.1058990377188536
36963206,0.17407058042593015
36963207,0.08375252386249991
36963208,0.1546516019081583
36963209,0.43551696054200395
36963210,0.572900124804646
36963211,0.09900300977615084
36963212,0.1756288389564459
36963213,0.13302078338766163
36960284,0.19848788496506742
36960285,0.4523407203228576
36960286,0.26472515534450997
36960287,0.27126687283980366
36960288,0.20041630735015847
36960289,0.2551654879145478
36960290,0.19760575849216588
36960291,0.11839768340624385
36998080,0.3695082381083148
36998081,0.5271688383873827
36998082,0.42881952962341846
36998083,0.404266156657381
36998084,0.40189370845020367
36998085,0.3561656781828128
36998086,0.2409570087461395
36998087,0.5610825743731737
36998088,0.4863678473143651
36976551,0.17159163549495585
36976552,0.21440376372092051
36976553,0.4168583240924647
36976554,0.3090109467290655
36976555,0.11976312283058499
36976556,0.477004924831898
36976557,0.3200313330539364
36976558,0.26497733012527463
36976559,0.5357901886476597
36976560,0.20993051495977708
36969261,0.22725080793108882
36969262,0.5452666703091426
36969263,0.1561864352165829
36969264,0.31980121943540696
36969265,0.38961795165856866
36969266,0.5188892820267339
43430940,0.7016253765178626
43430941,1.0467589233583667
43430942,0.3715872940616542
43430943,0.3880315978646233
43430944,0.273092941820891
43430946,0.6029387103515952
43430948,0.11089662005599898
43423334,0.19690589218977697
43423335,0.10283396717384026
43423336,0.22816842434785312
43423337,0.20302663694018028
43423338,0.17499153359367484
43423339,0.16196480898038573
43423340,0.2078303906135461
43423341,0.13176136545276337
43423342,0.20379541322842296
37011148,0.19232649374241007
37011149,0.10541806665706849
37011150,0.08946767504865567
37011151,0.14377424114132395
37011152,0.15327854101163746
37011153,0.36319189386283734
37011154,0.25731175189884287
37011155,0.12014606014359598
37011156,0.24287760143476164
37011157,0.29439557051943804
36995601,0.20432774243815727
36995602,0.19242203847828515
36995604,0.21782988918363708
36995605,0.2156326477119176
36995606,0.20415117092817409
36995607,0.21455551290881042
36995608,0.20163144135594305
36995609,0.20039953720832937
36995610,0.19970888054400587
36979466,0.31570109644374406
36979467,0.32567559520813477
36979468,0.4383779919202831
36979469,0.41074318033442325
36979470,0.4223259507649694
36979471,0.47165189099245564
36979472,0.20777427754992125
36979473,0.9470290409454699
36979474,0.27023330785509597
36979475,0.4660873730376724
36990555,0.09657881953390866
36990556,0.17077494328284054
36990557,0.19944813437987705
36990558,0.09834371260337178
36990559,0.10234456650538315
36990560,0.14064351972765188
36990561,0.10308696220334916
36990563,0.1503004431192043
43429978,0.1103824803306284
43429979,0.3239812968394727
43429980,0.39670213203170324
43429981,0.17983592456791042
43429982,0.14740393438239544
43429983,0.08739250764951992
43429984,0.1260157881888215
43429985,0.15531991961093808
43429986,0.12580558787907553
43429987,0.13809648319655388
43419687,0.8717859904984637
43419688,0.1726929619089927
43419689,0.08912990313623166
43419690,0.4270654200931056
43419691,0.11156998602915298
43419692,0.2518783225058469
43419693,0.10139650041305984
43419694,0.4787850983489393
43419695,0.14170564629360133
43419696,0.07955374426545508
36958331,0.36580599887972437
36958332,0.24493169937858658
36958333,0.3309231715653116
36958334,0.5679373046785603
36958335,0.07256560762751862
36958336,0.06590637864561852
36958337,0.06461068766193712
36958338,0.06298320055703173
36958339,0.07598356517531164
36955436,0.1445794909916625
36955437,0.22731209210443692
36955438,0.26533974266423405
36955439,0.1665765423912608
36955440,0.1416893521856862
36955441,0.14348604967905396
36955442,0.19336142119239677
36955443,0.31777265111024616
36955444,0.7876300205455425
43424226,0.27229419023537166
43424227,0.36960056451098156
43424228,0.23027779827073583
43424230,0.09403844180421922
43424231,0.5203578874925983
43424232,0.3692340003039294
43424233,0.673244271143167
43424234,0.12039567698788264
37010939,0.09681629259926391
37010940,0.07833231565009034
37010941,0.29329355813503327
37010942,0.19127959972478062
37010943,0.13601003789346655
37010944,0.3676525149903346
37010945,0.15734579310380914
37010946,0.13074295456619714
37010947,0.1848736514512277
37010948,0.09909348005353763
43424001,0.512897955895837
43424004,0.3291610745619392
43424005,0.4415203366845334
43424006,0.25190533089458966
43424008,0.21233835893716146
43424009,0.25957030999818304
43425898,0.24742660593001073
43425899,0.3459112231522299
43425901,0.2774847638816326
43425902,0.27265061469048196
43425903,0.19379735863046182
43425904,0.3951297402231806
43425905,0.270763319153405
43425906,0.34883559869711506
43425907,0.2250752908845467
43423063,0.22487700422167467
43423065,0.27936907135946576
43423066,0.21275618751858333
43423067,0.3113273444587695
43423068,0.24175333467146395
43423069,0.28878193409146685
43423070,0.2737840915375042
43423071,0.2483507687040257
43423072,0.34377930662383527
36990101,0.7048942974140894
36990102,0.2034338120437564
36990103,0.7505096148483509
36990104,0.11615769132101256
36990105,0.2728953720471111
36990106,0.30955212109956176
36990107,0.36440856120309567
36990108,0.9756206150899059
36990109,0.436404281762374
43420239,0.10550734130296655
43420240,0.16726758855373985
43420241,0.9524324568921699
43420242,0.09629637099692712
43420243,0.1710843738159626
43420244,0.09055983165516798
43420245,0.18310636619522408
43420246,0.10352773515300112
43420247,0.09993120978426215
43420248,0.08249423825306897
43420201,0.11783206076485514
43420202,0.41461266985733813
43420203,0.21138804951132595
43420204,0.1012849012038264
43420205,0.16372360041036138
43420206,0.35586618076152426
43420207,0.1312499532049171
43420208,0.14213592158266083
43420209,0.2548401290300544
43430096,0.12460981838610992
43430097,0.25634956501645
43430098,0.06709774382893631
43430099,0.10779958974419813
43430100,0.1018853566268911
43430101,0.0949154410792519
43430102,0.08344023883526024
43430103,0.14057397743195885
43431350,0.11538325902075132
43431351,0.20625822420546439
43431352,0.08372126483509629
43431353,0.21866264120173157
43431354,0.13886307752810165
43431355,0.2777547913418791
43431356,0.11502924941263565
43431357,0.20127243441628204
43421775,0.13432724065565244
43421776,0.2061543796372463
43421777,0.21372188930603805
43421778,0.062481821578564196
43421779,0.28972721367427273
43421780,0.17948668564652964
43421781,0.10530196538203106
43421783,0.22773885420762863
43421784,0.10288268569604357
36983411,0.597262422752418
36983412,0.13854975637499736
36983413,0.1292213974114074
36983414,0.06316796054996329
36983415,0.6785874185713883
36983416,0.12269162959036299
36983417,0.06608084769181818
36983418,0.1470025719520561
36983419,0.6586522972249695
36995574,0.22191490765081875
36995575,0.35785285470705963
36995576,0.2037541262086755
36995577,0.4156112528379987
36995578,0.6325956589963256
36995579,0.29443618569271235
36995580,0.5808489869480726
36995581,0.35169571841024816
36995582,0.6243395306907789
43426507,0.18753650614742282
43426508,0.15232734166503029
43426509,0.14311130866406535
43426510,0.1484040792324003
43426511,0.13635215912200224
43426512,0.16989467296946933
43426513,0.2150844358942209
43426514,0.13715906567964833
43426515,0.10383710707306512
43426516,0.09477490384745782
43423382,0.7001340239039374
43423383,0.15615301882020494
43423384,0.28806791969880297
43423385,0.36874812219968905
43423386,0.36860506396139564
43423387,0.4048006973047419
43423388,0.28313512408850616
43423389,0.2827942589779168
43423390,0.310268105795935
43426735,0.3456105746433239
43426736,0.25621690300661737
43426737,0.3469888111095427
43426738,0.15903248659316344
43426739,0.28606986877248736
43426740,0.4158360451448282
43426741,0.150663481239085
43426742,0.3378988026240106
43426743,0.17982557148105743
36959603,0.1262593392553576
36959604,0.0750812467969986
36959605,0.1033684135613334
36959606,0.07624597138266896
36959607,0.055475838872504506
36959608,0.06136556989121773
36959609,0.06659435318827557
36959610,0.12073920924914688
36959611,0.09397731188849731
36959612,0.2907521287761029
36992801,0.16458955410184428
36992802,0.1858947765150127
36992803,0.14742011146808842
36992804,0.10155961096997772
36992805,0.2209339333183227
36992806,0.15007987802316655
36992807,0.24803228215505618
36992808,0.1298054913544294
36992809,1.1992302670493162
43425379,0.894874171524201
43425380,0.20916565409078594
43425381,0.16230351490730477
43425382,0.7471363576759268
43425383,0.2251063057538623
43425384,0.18588190225370976
43425385,0.25552032415013004
43425386,0.19041548294938793
43425387,0.17309629601845655
43425388,0.16513958589972066
36968667,2.7450438047288896
36968668,0.3486609352035504
36968669,0.9837401573345373
36968670,0.22137184391971002
36968671,0.1778364526396967
36968672,0.285747450546565
36968673,0.3351288319727297
36968674,0.43268249857412333
36968675,0.18308481332449783
36968676,0.2320557462375212
43425618,0.26070729347606686
43425619,1.0488318150204374
43425620,0.3120661701274552
43425621,1.748079924412051
43425622,0.3488437200469358
43425623,0.10051793160676077
43425624,0.22046691060366014
43425625,0.5259675777186769
36964450,0.1199925312333161
36964451,0.07906473380595494
36964452,0.2302303731795547
36964453,0.4932053490645112
36964454,0.5975165284649727
36964455,0.4848689248772561
36964456,0.6766256427556671
36964457,0.7317622397495357
43419116,0.5907742071389038
43419117,0.476246729250464
43419118,0.5760354416942098
43419119,0.36124185691758703
43419120,0.3288121237096095
43419121,0.4579633132094363
43419122,0.5056603592452429
43419123,0.4972440396150926
43419124,0.46000585603346944
36957661,0.2324906153462669
36957662,0.5987923393409716
36957663,0.2959573759614386
36957664,0.681267797593609
36957665,0.3468829382991002
36957666,0.13169813213885997
36957667,0.177766719182829
43421566,0.1017406744445145
43421567,0.10741168419423235
43421568,0.2056292540053935
43421569,1.058655023028097
43421571,0.09404741181959929
43421572,0.19044912491829133
43421573,0.08417577741635848
36986283,1.0932458314036437
36986284,0.4939914438179475
36986285,1.1035384301245064
36986286,0.13171319331572431
36986287,1.1940607843988644
36986288,0.18221627402804602
36986289,1.2857573034726137
36986290,1.001764491842641
36986291,0.15654834016500768
36986292,0.5989361069865473
43429437,0.27600594429183195
43429438,0.9622577412362493
43429439,0.10453904626675947
43429440,1.2972186815646076
43429441,0.8208868991153428
43429442,0.4119472885748265
43429443,0.639217979425666
43429444,0.11532153720509342
43429445,0.5366251525981337
36968799,0.08781896254572265
36968800,0.08918640037076592
36968801,0.1090901181886524
36968802,0.15107527877979657
36968803,0.08100886923376886
36968804,0.056504863037407274
36968805,0.07708389337413257
36968806,0.05415836546310921
36967929,0.12447040879413472
36967930,0.1896715470659089
36967931,0.0794640776346872
36967932,0.21433630713062918
36967933,0.08816536613453721
36967934,0.20854971800560065
36967935,0.12738994580773835
36967936,0.11275249800751351
36964543,0.19817326674339247
36964544,0.11387393376380216
36964545,0.09223471387026949
36964546,0.19085975050300458
36964547,0.20275965038109314
36964548,0.11399396570983089
43429186,0.1137814162992765
43429187,0.2449391078181692
43429188,0.08049770004595956
43429189,0.07477484404681317
43429190,0.10908022828708148
43429191,0.07312627524802726
43429192,0.18304053976719067
43429193,0.10566182627705736
43429194,0.09676842031488442
36963159,0.07098114728963112
36963160,0.0646075187323255
36963161,0.3605335583286578
36963162,0.07522790020449244
36963163,0.10364682581014534
36963164,0.12978947685899023
36963165,0.1190518991291817
36963166,0.1438577816692765
36963167,0.33404115126585177
36963168,0.07657293782052509
36957645,0.19608550064922553
36957646,0.22058148475667308
36957647,0.49007625861083065
36957648,0.19359096940986717
36957649,0.19910882492524215
36957650,0.23198110122491852
36957651,0.5292938855080976
36964129,0.1368714159635974
36964130,0.10394286223131709
36964131,0.09545916404561625
36964132,0.08949672785122043
36964133,0.08332502017404618
36964134,0.14921845174068749
36964135,0.11362110083823822
36956646,0.21756573300972168
36956647,0.2216329092949607
36956648,0.9212137942698715
36956649,0.21946522272167032
36956650,0.19062661702702313
36956651,0.3838371823929025
36956652,0.2073998169336597
36956653,0.3256488240384645
36975140,0.7465672804564011
36975141,0.11255927414041932
36975142,0.14273549116197232
36975143,0.2788889322861881
36975144,0.08694400924065201
36975145,0.23915363312576798
36975146,0.11416708214401394
36975147,0.16883500019264847
36975148,0.10062911540257158
36960100,0.11083413973208481
36960101,0.1876349630188591
36960102,0.10928292293738368
36960103,0.32001827029511887
36960104,0.21603928632111322
36960105,0.1099053381071852
36960106,0.2309772567807069
36960107,0.114341496291424
43421548,0.12304244841052418
43421549,0.2627980534580702
43421550,0.812414589805662
43421551,0.5103947801018067
43421552,0.07374904212779103
43421553,0.132534912662904
43421554,0.06277136784693477
43421555,0.2508693557529994
36964770,0.3133937611244907
36964771,0.8556319383450676
36964772,0.8260718459547165
36964773,0.20892123010311087
36964774,0.6758344629945165
36964775,0.14468683148852043
36964776,1.175010137109016
36964777,0.284696823621105
36964778,0.14846466837067807
43432468,0.3191063834868196
43432469,0.17727361475662318
43432470,0.13204048707735108
43432471,0.3024855176848325
43432472,0.32548158787059345
43432473,0.11548628449138593
43432474,0.16127305414527252
43432475,0.11981100550822438
36973393,0.23789509825426036
36973394,0.21250896019408588
36973396,0.18973812126683456
36973397,0.24565810568954313
36973398,0.23117525517928
36973399,0.1982314644968321
36973400,0.5648271359893414
43421529,0.41116942532835044
43421530,0.4001445185582705
43421531,0.11204525766870187
43421532,0.24589960368144204
43421533,1.0478031808725445
43421534,0.16524060252519687
43421535,0.18071187737025945
43421536,0.3488412297005642
43421537,0.23367771623284547
43421538,0.17955684777304257
36962657,1.6437099347941775
36962658,1.036132487311145
36962659,0.7566735161582873
36962660,0.4463059904687482
36962661,0.3880340228213094
36962662,0.44878862430064653
36962663,0.2334869967353653
36962664,0.7131518036241472
36962665,0.37267207375097783
43422796,0.09512719345095925
43422797,0.15324544067239626
43422798,0.09689143193236967
43422799,0.08754761968497617
43422800,0.11474639596832335
43422801,0.09310902680774348
43422802,0.12311030166933164
43424124,0.19050700696659634
43424125,0.2630925310711981
43424126,0.6058302353858344
43424127,1.1056606889498088
43424128,0.19343630451811203
43424129,0.21324896669175197
43424130,0.31074749759477316
43424131,0.35964361851377036
36975467,0.4941095977147625
36975468,0.5285988890620763
36975469,0.14047694105576544
36975470,0.2153728039142606
36975471,0.1321771090763586
36975472,0.2839705676574277
36975473,0.6187305608681363
36975474,0.10958165629584915
36959972,0.12925244685066323
36959973,0.07301438835777356
36959974,0.09553973181444925
36959975,0.09805896258791227
36959976,0.08145825973080091
36959977,0.19780883607159874
36959978,0.09226273314312126
36959979,0.15841042353894788
36959980,0.16132125074574585
43426402,0.5301674826370559
43426403,0.269365926967369
43426404,0.5980711744295886
43426405,0.2529056283409163
43426406,0.29500514323326615
43426407,2.2899776849715345
43426408,0.1726619093327529
43426409,1.8710686090675674
43426410,0.07621468460893817
43426411,0.3584550493881308
43421848,0.2894716892941001
43421849,0.4211296869550937
43421850,0.2631473874066295
43421851,1.0464447531186274
43421852,0.1960400502510812
43421853,1.4199835558370966
43421854,0.3602628164518519
43421855,0.28457413290419303
43421856,0.22673634394408432
43421857,0.3973093165602013
36961267,0.6464137047704122
36961268,0.19405820918733693
36961269,0.6261542336395285
36961270,0.25611969037441884
36961271,0.2535502362220925
36961272,0.14559886233550046
36961273,0.2095443245432892
36961274,0.9182403926271269
36961275,0.544247315445384
36961276,0.3181576933165871
37024044,0.1032899279808796
37024045,0.09214959903259098
37024046,0.04329567284131022
37024047,0.13203992200319623
37024048,0.06923659725580697
37024049,0.28970067342939426
37024050,0.24204695520538944
37024051,0.06545399436701888
36980402,0.08116456408442277
36980403,0.10663859622897937
36980404,0.16977812981912674
36980405,0.12102740255542867
36980406,0.1378838757983674
36980407,0.14974953761066753
36980408,0.061470735332043495
36980409,0.12024972746954737
36980410,0.10839661529057686
36980411,0.11856232226494307
36956731,0.1289573966656195
36956732,0.10500559929059834
36956733,0.16868804750401253
36956734,0.20321414451860503
36956735,0.21597930487348302
36956736,0.1386109124666558
36956737,0.1054290456158386
36956738,0.14611529525101083
36956739,0.17184885797086108
36956740,0.13157245463939088
36956638,0.1820023605165771
36956639,0.19936484230058676
36956640,0.21191713665242543
36956641,1.2696984349643843
36956642,0.19492174714004795
36956643,0.43157281716775614
36956644,0.1719583535357064
36956645,0.14384361230014225
37009989,0.25070062634822177
37009991,0.18500966566218094
37009992,0.2021439390690615
37009993,0.234546436952166
37009994,0.21554244518513535
37009995,0.20781326311181428
37009996,0.20701357790493943
37009997,0.20601597361999902
36961470,0.13600739687426547
36961471,0.21855904404380722
36961472,0.12445788471475076
36961473,0.3453794727064155
36961474,0.12427266405192379
36961475,0.11833008784116042
36961476,0.24561065143259977
36961477,0.16712313936700873
36961478,0.13015571564245149
36954956,0.4686914459275444
36954957,0.08980496748822808
36954958,0.22894441289413592
36954959,0.15047259727965306
36954960,0.34392376614217096
36954961,1.3365603414351488
36954962,0.2849725014128201
36954963,0.19306950332774217
36954964,0.07938941677508846
36954965,0.15441101379629604
43421949,0.14821163249643565
43421953,0.1595440202865682
43421954,0.10240874808778881
43423832,0.0813305261827896
43423833,0.21870301447380658
43423834,0.07389725459003703
43423835,0.3395186693366819
43423836,0.13771690567963057
43423837,0.1784734646264082
43423838,0.4020957329019662
43423839,0.45877593419739515
43423840,0.09003697999514537
43423841,0.26010816888361166
36971071,0.10324037205588309
36971072,0.21847535798411674
36971073,0.12792929262375655
36971074,0.4851138443808663
36971075,0.13089234439486577
36971076,0.16556108217677848
36971077,0.12955290532706334
36971078,1.2705498608733867
36971079,0.2065002235751962
36989895,0.19773235230606087
36989896,0.48192135700399313
36989897,0.4289947604018749
36989898,0.5044629714203636
36989899,0.22315947693582694
36989900,0.24946348711650032
36989901,1.0748281694240653
36989902,0.4059785333311486
36989903,1.7449427795121635
36989904,0.6685977261008627
36959006,0.3882621953365076
36959007,0.2299068676014385
36959008,0.15539372305662938
36959009,0.21530848763929927
36959010,0.19695402687613023
36959012,0.26651621387419655
36959013,0.7062669728865696
36959014,0.43958604753017
36959015,0.4266157294975749
37013301,0.38502761539411495
37013303,0.06663074936775769
37013304,0.30222987660958506
37013305,0.07241504783032343
37013306,0.12893575371503496
37013307,0.5954012432016607
37013308,0.08492695100865529
43430594,0.28755838590049093
43430595,0.7110680365044912
43430596,0.18552762206002835
43430597,0.4347273501738003
43430598,0.08944820956788643
43430599,0.09368023276601618
43430600,1.0712043583495021
43430601,0.11206138248885872
36982731,1.007357484644862
36982732,1.5480861464282993
36982733,0.8001371714955203
36982734,2.0810098171353046
36982735,0.2769599393803244
36982736,0.30783445993087294
36982737,0.20987009714647187
36982738,0.4335457457674661
36982739,0.981348807865775
36993412,0.12085178512988809
36993413,0.03582780746398831
36993414,0.24926319729411706
36993415,0.16338512977613032
36993416,0.05060588006991163
36993417,0.6305707708320544
36993418,0.04410700884421122
36993419,0.03770244218314899
36964594,0.16261316811109047
36964595,0.1448556249009492
36964596,0.14753808265572851
36964597,0.25177044959617456
36964598,0.13264914872698563
36964599,0.1258173590916422
36964600,0.1148233488494261
36964601,0.10067250281856441
36964602,0.5288107003504855
36964603,0.29668558144760626
36955003,0.126536811711417
36955004,0.33903204133558523
36955005,0.2972264403092476
36955006,0.6166216309765344
36955007,0.40753254828124247
36955008,0.16665429476739774
36955009,0.5544626909914825
36955010,0.16924181258325705
36955011,0.7766901698572342
36962985,0.32721679095861733
36962986,0.33648745257346613
36962987,0.46443459375992435
36962988,0.12369183880278085
36962989,1.908762878512156
36962990,0.7090173633784789
36962991,0.15887951500256645
36962992,0.14857905253877401
36963605,0.48477470730640787
36963606,0.1698947211667411
36963607,0.1794530112015602
36963608,0.18190236588370462
36963609,0.9126956263787549
36963610,0.3710101183619595
36963611,0.23582840415018855
36963612,0.30825465269812635
36963613,0.1877652985348712
36963614,1.023904882232196
43429680,0.1594260791622789
43429681,0.06046053257041672
43429682,0.2771130505542782
43429683,0.509832904856483
43429684,0.2105615923213048
43429685,0.45050556171301953
43429686,0.15658172366070536
43429687,0.17013093094578338
43429688,0.10112035581551473
43429689,0.1710316010967522
43425064,0.279823535216862
43425065,0.09709073538678564
43425066,0.304725914557853
43425067,0.2191999595385527
43425068,0.08968199428803587
43425069,0.1398415249509488
43425070,0.08698329093981677
43425071,0.6574235489293809
43425072,0.17882241084207745
43425073,0.10982853797932174
43429565,0.1633079703252054
43429566,0.2629497389222217
43429567,0.28408815305299706
43429568,0.31140335963129845
43429569,0.2010228273310907
43429570,0.5160541997346212
43429571,0.8481237280680066
43429572,0.09274191160157487
43429573,0.4530216086596356
43429574,0.13154796757027332
36976919,0.3159353182524916
36976920,0.16473069060989565
36976921,0.3175561546809823
36976922,0.19782672995099299
36976923,0.2544136084190772
36976924,0.30728954246683315
36976925,0.3176999243193807
36976926,0.30102301874964355
36976927,0.35462682722705685
36976928,0.3044732386402888
43421912,0.17861294469247543
43421913,0.18481820479773814
43421914,0.2345732043662813
43421915,0.22671150284910038
43421916,0.14219592260000408
43421919,0.8067119111233227
43421920,0.22721107804854718
43421921,0.2654397101746886
36959722,0.15325781073801045
36959723,0.12573668128190685
36959724,0.10136699509165396
36959725,0.11245654958176853
36959726,0.4318550776011948
36959727,0.10915024816252758
36959728,0.4845056599033059
36959729,0.13976413907004248
36959730,0.1268905172626439
36959731,0.09041560314121053
36997224,0.044372420636237184
36997225,0.04921822918990633
36997226,0.04332356171560178
36997227,0.04444923501826865
36997228,0.038453044098878
36997229,0.06912699670679229
36997230,0.043871799653043726
36997231,0.03765715077152979
36997232,0.03897431690006243
36997233,0.2790540382185338
43419330,0.1882548207734612
43419331,0.3437867819067774
43419332,0.16183290882697227
43419333,0.25838561816124617
43419334,0.3309336579377993
43419335,0.20535691693294036
43419336,0.27229860030979935
43419337,0.29435140949512084
43419338,0.2684224005246298
43419339,0.28971985792353044
36978976,0.043771056503918236
36978977,0.036686950592124165
36978978,0.13521233605754646
36978979,0.04819314261341933
36978980,0.04303009278609417
36978981,0.0466739692790989
36978982,0.048554925847641095
36978983,0.6696248057627865
36978984,0.04226018214994904
36978985,0.10544880898438366
36963952,0.09605911780785692
36963953,0.0971636348060208
36963954,0.09170046521528297
36963955,0.10054659908784916
36963956,0.5717790194948519
36963957,0.09819868899797576
36963958,0.10240055222478679
36963959,0.0813491022076001
36963960,0.09840066455415057
43431784,0.14800503276398377
43431785,1.6751262309156398
43431786,0.7090697246675017
43431787,0.2957929395985555
43431788,0.23599199744727067
43431789,0.1670846461877084
43431790,0.1802943511630484
43431791,0.1965367175333969
43431792,0.399373875421306
43431793,0.2763333194702654
36979260,0.09807918225526423
36979262,0.432622853971695
36979263,0.24384204946926755
36979265,0.09150027317483629
36979267,0.6493397628842761
36979268,0.09356520485974175
36979269,0.09968988816983487
36954887,0.4981705037740114
36954888,0.24760374345263816
36954889,0.14898162826400727
36954890,0.20395347254335913
36954891,0.21702391702933768
36954892,0.18440701592906902
36954893,0.5638509615013886
36982366,0.6152188651791085
36982367,0.10212049753393196
36982368,0.09495873423217141
36982369,0.04351193338936032
36982370,0.06405769238773779
36982371,0.1898406000589283
36982372,0.9306209768362818
43427390,0.18430204275978862
43427391,0.42542176800728254
43427392,0.3830943355642127
43427393,0.10355384639970877
43427394,0.11277458749381805
43427395,0.16440940194714593
43427396,0.07375687944013473
43427397,0.12833182113609282
43427398,0.124539802772088
43427399,1.217269063215618
36955651,0.08754650641567838
36955652,0.4511644530927063
36955653,0.23481365511422958
36955654,0.07975918595926143
36955655,0.1712957408819875
36955656,0.1322976328262817
36955657,0.23930329312650145
36955658,0.06840678824658235
36955659,0.17446079557671418
36955660,0.0916712889684266
36985388,0.40790242026312945
36985389,0.40347642652572
36985390,0.1870536024093671
36985391,0.44449914492768244
36985392,0.15203065924252163
36985393,0.13855690291120784
36985394,0.1494695862284753
36985395,0.4149550871840348
36955713,0.11654473576770928
36955715,0.22313101074506228
36955716,0.10170578319171193
36955717,0.15039154807483382
36955718,0.13057132781747485
36955719,0.23140718891583095
36955720,0.19420666833776465
36955722,0.10178930740180428
43420257,0.32471848743328285
43420258,0.12177746382708388
43420259,0.4082238687608777
43420260,0.1973741543822002
43420261,0.37306733583809576
43420262,1.139143824334376
43420263,0.13611216731300457
43420264,0.4950501309056115
43420265,0.6230655324704841
36957501,0.14549520173655928
36957502,0.13195386655831234
36957503,0.21807445981186424
36957504,0.16605896308183432
36957505,0.46307946567294617
36957506,0.5000607376524373
36957507,0.7016150989557663
36957508,0.1932858532802605
36960782,0.3306905257089309
36960783,0.21674043018806635
36960784,0.36908035370004855
36960785,0.14595633379867284
36960786,0.7762341569795289
36960787,0.157003335221761
36960788,0.21275292174102642
36960789,0.2092547283382771
36960790,0.21761942464688322
36965737,0.32120730369739775
36965738,0.6375662266424944
36965739,0.2586037378320702
36965740,0.4057788825977825
36965741,0.23352750608876086
36965742,0.2607535591476873
36965743,0.43581903371713654
36965744,0.47133187233158197
36967060,0.3041714078757511
36967061,0.3116266434162919
36967062,1.4826894399304293
36967063,1.200570738183435
36967064,0.20344054765660213
36967065,0.3183514363146162
36967066,0.4301491215717384
36967067,0.6115585397601466
36967068,0.6882224432350083
36967069,0.37908562284779446
37019813,0.15235823021381317
37019814,0.16449783424669598
37019815,0.10697395909090712
37019816,0.1180032069239739
37019817,0.1807242104473308
37019818,0.13215784841294467
37019819,0.8176929133122789
37019820,0.13613223715297978
37021814,0.12037748414268916
37021815,0.10435047944294529
37021816,0.08491210818321236
37021817,0.06573679868502996
37021818,0.09310855194580232
37021819,0.13421333380131595
37021820,0.09472886593868926
37021821,0.0874846232985782
37021822,0.13216385805777295
36957493,0.16792006961685246
36957494,0.18310906961561954
36957495,0.06894839516962145
36957496,0.514199600119059
36957497,0.2325794569022649
36957498,0.09681825099838826
36957499,0.09054257026648355
36957500,0.29963810660346996
37018173,0.14919955102719798
37018174,0.10440116536002471
37018175,0.10728655305459987
37018176,0.1469891355685879
37018177,0.1506292462911316
37018178,0.11074762729329322
37018179,0.15379762892642385
37018180,0.10432920442813799
36968336,0.2087314635250972
36968337,0.20330346711658487
36968338,0.16222953680670157
36968339,0.15819813676853517
36985405,0.17001991043636688
36985406,0.41267770303325624
36985407,0.1667677271790355
36985408,0.4225128208544441
36985409,0.14582320744145147
36985410,0.16767726784216186
36985412,0.1692557995126584
36985413,0.12305441998006786
36976001,0.23313275532075686
36976003,0.22275177511380606
36976004,0.2067212261591268
36976006,0.20932507890289123
36976008,0.2049771694966323
36976010,0.23644828957721292
36969684,0.07141088217877595
36969685,0.038017169738282244
36969686,0.08874679023120333
36969687,0.0378751112835944
36969688,0.25859582106300494
36969689,0.054466515375451226
36969690,0.05259424906418959
36969691,0.08577144789073858
36969692,0.074882343247202
37015927,0.025027368349713613
37015928,0.024585324935741934
37015929,0.02497734198732528
37007440,0.34481806723366726
37007442,0.2109544319718416
36990307,0.1327582391638929
36990308,0.11752995305412862
36990309,0.1127365452680795
36990310,0.068285549380378
36990311,0.1361519706728826
36990312,0.09415024590419868
36990313,0.07431579225127238
36990314,0.11673890667070634
36985853,0.13852579006576837
36985854,0.22571697881166095
36985855,0.21983983470593862
36985856,0.13248843891793785
36985857,0.13075309691690212
36985860,0.13719513727053403
36973204,0.15609743545923835
36973205,0.20692397576293672
36973206,0.13975181035874587
36973207,0.08118342882442393
36973208,0.22036697230548266
36973209,0.10440371120542956
36973210,0.1072473679532649
36973211,0.07830958423696179
43426143,0.1768611697939216
43426144,2.0269394772801004
43426145,0.17651985310385793
43426147,0.1980121238065187
43426148,0.40359365204533687
43426149,1.906295742128935
43426150,1.2106842048494004
43426151,0.25134137367880094
36980424,0.34700385725082405
36980425,0.28075915755214764
36980426,0.14886062269928
36980427,0.2749675049064188
36980428,0.28879832748526274
36980429,0.11301234467900936
36980430,0.16045539244252693
36980431,0.7960765022050008
36980432,0.3119719852606356
43429076,0.11182673743122973
43429077,0.10836927789662246
43429078,0.1285178784654247
43429079,0.10468188032940157
43429080,0.14676471738222027
43429081,0.10993315886898532
43429082,0.1069747415455088
43429083,0.14256762230674414
43429084,0.10235941097357683
43429085,0.13637129477557733
36995837,0.15233251345304968
36995838,0.10680395507301656
36995839,0.07208848650934474
36995840,0.11048420943067312
36995841,0.08930840061312348
36995842,0.07810573725551831
36995843,0.2522692333930039
36995844,0.13122498398940513
36995845,0.47460239680389366
43431924,0.3657587461664683
43431925,0.8812606731704368
43431926,0.16326088482096657
43431927,0.2888030609139797
43431928,0.16164846147396844
43431929,0.29756654031140767
43431930,0.3017176168065496
43431931,0.14499664007713348
43431932,0.4346981607698874
43431933,0.29169759493475234
36969836,0.10851797299690819
36969837,0.07355370346625159
36969838,0.09680089882153887
36969839,0.06839052504474435
36969840,0.09604301534022278
36969842,0.096720025833738
36969843,0.05756258484339685
36969844,0.10200866119441418
36983768,0.1356957479537716
36983769,0.11902707581056964
36983773,0.17296305258914138
36983774,0.20639949526285314
36958622,0.42482300498342584
36958623,0.5860256179212572
36958624,0.2057635154100941
36958625,0.1596858650528764
36958626,2.001432492706719
36958627,1.1238997370060055
36958628,0.21535224011918447
36958630,0.5038486219347472
43432691,0.4560730125038756
43432692,0.529978840687487
43432693,0.22882313536023405
43432694,0.40575649985417017
43432695,0.3717707365849547
43432696,0.28409412401986633
43432697,0.2795200154983452
37014765,0.08564997391581469
37014767,0.23065662710719767
37014769,0.2374035657046549
37012019,0.11814287113439341
37012020,0.08395482237408212
37012021,0.0872279907658423
37012022,0.07953873305112164
37012023,0.08020818384490608
37012024,0.0818015248031432
37012025,0.08748291931699477
37012026,0.1291776409190517
37012027,0.11415672168299715
37012028,0.10585206278936235
36993217,0.10490513866704242
36993218,0.18687784729399362
36993219,0.1760944232153987
36993220,0.10417615598400107
36993221,0.07532316040676951
36993222,0.16251302855055152
36993223,0.10722477348294426
36993224,0.07683374019706467
36993225,0.11762326999374777
43426297,0.11062728067888508
43426298,0.15378478097485587
43426299,0.11376493825482323
43426300,0.1298027231152729
43426301,0.1529509715310151
43426302,0.1101174006129726
43426303,0.11472271731376302
43426304,0.09976070293238952
43426306,0.09631483625874121
36982797,0.2912672000784297
36982798,0.1840703951357995
36982803,0.18040684885674751
36982804,0.334937175544182
36992527,0.3228490631266087
36992528,0.25019148703700517
36992529,0.26843827166980466
36992530,0.2803047765347635
36992531,0.08570207118392204
36992532,0.23360015475475193
36992533,0.23147156088420687
36992534,0.23581831908931067
36992535,0.2806059436545366
36992536,0.3435167294997365
43429653,0.29710893774853864
43429654,0.15792780598506412
43429655,0.2220189950647111
43429656,0.19903838302729718
43429657,0.23792308686507418
43429658,0.25047555319543663
43429659,0.6474448375100473
43429660,0.26277069150880705
43429661,0.28951808887296604
36992518,0.23538412066951167
36992519,0.20918186117379264
36992521,0.7853450150450081
36992522,0.18523308568748925
36992523,0.3163474976724453
36992524,0.16690601572125036
36992525,0.5920137342769798
36992526,0.3509145373384993
36970649,0.10368854457884637
36970651,0.13125654704229603
36970652,0.1330150681525435
36970653,0.11876799752285423
36970654,0.09526887699010778
36970655,0.07697192180880662
36970656,0.10832816368118416
43424104,0.09947425435360702
43424105,0.09382206770234752
43424106,0.6222072428871306
43424107,0.05559947489310494
43424108,0.10809073967136512
43424110,0.07271102204799916
43424111,0.12407774228835675
43424112,0.1572946579340754
43424113,0.08596494471389102
36991309,0.21281519892420347
36991312,0.27121632457304135
36991313,0.19445153516453764
36991314,0.17544632069258878
36991316,0.16247834404959155
36991317,0.2400623973165537
36982171,0.10729743336616342
36982172,0.46985223894177175
36982173,0.05279718683060956
36982174,0.026587587092539892
36982175,0.29993510068938967
36982176,0.416313443381404
36982177,0.050677455497618026
36982179,0.03431352344214935
36982180,0.8707836198139279
36989688,0.18587317558347383
36989689,0.1524199408257564
36989690,0.16372013792856974
36989691,0.14849583084249532
36989692,0.2147677352830514
36989693,0.36744497102259405
36989694,0.20894267145440587
36989695,0.42515761235880845
36989696,0.19342638272463816
43421306,0.09527027474423824
43421307,0.1293467790785149
43421308,0.1589697454151928
43421309,0.10407120545893923
43421310,0.16040787983338528
43421311,0.12190828703304281
43421312,0.10249018172114062
43421313,0.10321378161270477
43421314,0.1295712708371161
43421315,0.10164228088965306
36968381,0.6963916906758428
36968382,0.5218390313376648
36968383,0.44263149273054936
36968384,0.43062957512887917
36968385,0.26350810706815403
36968386,0.2271547994988922
36968387,0.11569562325811777
36968389,0.41954707252740925
43423716,0.7366290355571934
43423717,2.046515940800481
43423718,0.6035444487619047
43423719,3.0217063724560096
43423720,0.4503691897632972
43423721,0.9021554715371244
43423722,0.36440364498926126
43423723,0.6946753782086537
43423724,0.6898919187019742
43423725,0.38592852965372504
43432942,0.37153976377164544
43432943,1.0125901981334455
43432944,0.37232024505936023
43432945,0.4792568209531017
43432946,0.271952752532171
43432947,0.3995935899536157
43432948,0.33651897921032936
43432949,0.27828515684650457
43432950,0.5636940692286375
43420031,0.2400476298386923
43420032,0.27107773037440525
43420033,0.3619183316664966
43420034,0.3225236751310482
43420035,0.4999661719588012
43420036,0.3044777152758913
43420037,0.3553764364971809
43420038,0.4495963960059142
43420039,0.31411560257938914
43420040,0.3335451077391894
36989264,0.10348370457184816
36989265,0.1237406784202555
36989266,0.09648081631011722
36989267,0.1103042330253623
36989268,0.07512734129729391
36989269,0.10457939448844167
36989270,0.15400308026281967
36989271,0.1335260719785167
36989272,0.14704834771077904
36989273,0.10250498676525795
36978671,0.10648720755051007
36978672,0.13173256553765395
36978673,0.11869824719204877
36978674,0.18868305788127906
36978675,0.09673304537870057
36978676,0.7263497660653657
36978677,0.14596709208631228
36978678,0.09581021690219808
36978679,0.12388536464630176
36978680,0.5270123274172451
43419528,0.29884991435736846
43419529,0.3857205179208672
43419531,0.13060370722434497
43419532,0.4225486004608774
43419533,0.2784192821470758
43419534,0.19456092350110676
43419535,0.48224476411515743
43419536,0.33781267294771733
43426444,0.14080373273153682
43426445,0.6933244304463612
43426446,0.48746237965626915
43426447,0.41436564320809904
43426448,0.42977069114865674
43426449,0.40528874135131365
43426450,0.4763013195110628
43426451,0.7084726440909884
43426452,0.14260844792530203
36971307,0.06575496918590114
36971308,0.14120828787933692
36971309,0.07762734914366931
36971310,0.15890784581209286
36971311,0.10791361599212282
36971312,0.12988040904963466
36971313,0.06865920974651717
36971314,0.15918331386330387
36981310,0.12102899759763962
36981311,0.11808840060218304
36981312,0.09042510468980096
36981313,0.10152461161353027
36981314,0.10794002946946897
36981315,0.11001655632591503
36981316,0.1535345181759323
36981317,0.09186531043672513
36981318,0.1258441780913105
36981319,0.10204611493962866
36979794,0.13518655720527384
36979796,0.17492893484158725
36979797,0.17297567396486063
36979801,0.14560012937630146
36979803,0.17840269351548957
43432515,0.16704021817398956
43432516,0.1492421515043759
43432517,0.11549798315595519
43432518,0.15191867381965907
43432519,0.1380636199494055
43432520,0.10864698383890994
43432521,0.16898738831476112
43432522,0.13573102810897392
43423372,0.1674333677281996
43423373,0.3156976834087278
43423374,0.4807243113665108
43423375,0.37153069994808574
43423376,0.18442174254229246
43423377,0.16517892569432566
43423378,0.35863349040766634
43423379,0.30012902806943387
43423380,0.3842492529425981
43423381,0.18928023285332957
37012047,1.14056189007726
37012050,0.25269114824268646
37012051,0.26210425361137507
37012052,0.2387431208826815
37012053,0.3209597079696085
37012054,0.13610896983288218
37012055,0.15816512635082786
36980042,0.039641693640086254
36980043,0.042136744386378634
36980044,0.056538612698579314
36980045,0.05503815010511692
36980046,0.03961714082629158
36980047,0.05701575506256712
36980048,0.04799825795382679
36980049,0.05074536425361725
36993182,0.20664676063857712
36993183,0.20164101334452894
36993184,0.10871794126137256
36993185,0.08801127783246335
36993186,0.19578783180447093
36993187,0.09290347761876659
36993188,0.10485011693042502
36993189,0.17322318268272505
36993190,0.09862904799238649
37010323,0.09402413267101094
37010324,0.10226365727087824
37010325,0.5300849256269216
37010326,0.0840359235289638
37010327,0.09631027017333225
37010328,0.09171992923652057
37010329,0.09456224557018975
37010331,0.07377910680602165
36982626,0.080232945236261
36982627,0.2793881913670267
36982628,0.09124624044254392
36982629,0.12929988892486924
36982630,0.2806041820752816
36982631,0.07538690671427596
36982632,0.10577541200675757
36982633,0.1015413937939765
36982634,0.10934496765273484
36982635,0.09217679449034273
36986111,0.36842392637528654
36986113,0.3577093078607521
36986114,0.39394842562650173
36986117,0.3484330022004322
36986118,0.27658691800657426
36986119,0.4102996316392275
36986120,0.3373350014016489
36996589,0.17032431809684231
36996590,0.2120978015203369
36996591,0.48398576702242674
36996592,0.29897993976018006
36996593,0.09328176385116832
36996594,0.4801361552147971
36996595,0.12318672888293991
36996596,0.6415518630420199
43432342,0.18641980676864692
43432343,0.23734510330490832
43432344,0.17321611145411953
43432345,0.18054396850887164
43432346,0.17265897180402448
43432347,0.2048629623994334
43432348,0.19034101294256217
43432349,0.23637950228617163
43432350,0.17776559509397988
36970372,0.05340311458971693
36970373,0.13786848635172178
36970375,0.07225630558122069
36970376,0.06719276484145456
36970377,0.06486680976536699
36970378,0.17161166632233402
36970379,0.16013146390357785
36970380,0.15002750409757545
36970381,0.13587802661660625
43427167,1.3532418233716277
43427168,0.21463364429786996
43427169,0.34035539215361377
43427170,0.31446389057966606
43427171,0.6186599949734696
43427172,0.1462845593743878
43427173,0.7865520786319478
43427174,0.5174749361945725
37020161,0.07183739188915388
37020162,0.15410540677488999
37020164,0.08208083819743558
37020165,0.15129748271709262
37020166,0.0980037543858749
37020167,0.15370184095024791
37020168,0.14073001750202513
36960838,0.2839472906281529
36960841,0.14226160540112137
36960842,0.23299159440714354
36960843,0.14621050054699647
36960844,0.3301947417920214
36960845,0.15160323872937753
36960846,0.17858481337758247
36960847,0.9612467257985989
36964859,0.2899006070901672
36964860,0.25793326612323636
36964861,0.23718831519827555
36964862,0.23403562374850442
36964863,0.26921458908726703
36964864,0.3428554278777364
36964865,0.3904694220854767
36964866,0.31473892478596394
36964867,0.27621184116537806
36964868,0.18093694256325535
36986843,0.17843263732508935
36986844,0.12787985348283545
36986845,0.9165542875679638
36986846,0.1627761626805484
36986847,0.16931880860725376
36986848,0.1178405423014114
36986849,0.1450647225429928
36986850,0.18152603131061915
36986851,1.361781973734161
36986852,0.3290173981935631
43423037,0.1936507056841639
43423038,0.16675618888538746
43423039,0.0710629576395923
43423040,0.08342921015217394
43423041,0.060512402664716046
43423042,0.06583331614190877
43423043,0.15367875565987799
43423044,0.12060678526505819
43423045,0.1823875752303759
36976522,0.15416981964499948
36976524,0.17752890401022683
36976525,0.17387911963043795
36976526,0.2650670758705383
36976527,0.33366186789656094
36976528,0.19607538311797607
36976529,0.3260746003852386
36976530,0.22005532353503482
36976531,0.13322004292930864
43420080,0.1809164364819072
43420081,0.12955264928205432
43420082,0.10561690002113075
43420083,0.07316711922300957
43420084,0.21521954914303015
43420085,0.40418750459317193
43420087,0.1399270663935454
43420088,0.1681728476864603
43420089,0.06230862195691693
43430356,0.24895592160320282
43430357,0.09118088135038713
43430358,0.09346164029825685
43430359,0.10872942395758693
43430360,0.14264396992599543
43430361,0.1418753974109247
43430362,0.12365710444136367
43430363,0.10017390956884221
43427838,0.1252590682102244
43427839,0.11922843949646908
43427840,0.07791718766355872
43427841,0.07792942335253814
43427842,0.13172802143351198
43427844,0.12479766703125453
43427847,0.10139168564035002
43420063,0.2112522169974318
43420065,0.22720194953980277
43420066,0.10297863061854967
43420067,0.11641348476601668
43420068,0.3029114835569129
43420069,0.2645795884605919
43420070,0.11214927796879548
43432476,0.4951766766842792
43432477,0.15603631863721978
43432478,0.178912747194041
43432479,0.1800793057837819
43432480,0.15240677207465056
43432481,0.34892438111223767
43432482,0.7660550970585647
43432483,0.16866773003496893
43432484,0.49487828829465236
43432485,0.30265180975110095
43430034,0.2995588576547063
43430035,0.3538478439686295
43430036,0.15732740825598981
43430037,0.1794811451014143
43430038,0.14532128775246286
43430039,0.34688059693394413
43430040,0.15145147202165554
43430041,0.548035028930757
36987521,0.34674042681259803
36987522,0.7905701782121994
36987523,0.4036809911460319
36987524,1.3259122195867243
36987525,0.2398231337591551
36987526,0.37617849779686624
36987527,0.3515316425218297
36987528,1.2035776504353937
36987529,0.3415961475292632
36998089,0.10911358032943891
36998090,0.134477779398496
36998091,0.18015476016789336
36998092,0.28022631781645346
36998093,0.10817903081143401
36998094,1.1404421383121264
36998095,0.16330702006913506
36998096,0.12720544474622902
36998097,0.1991047491712053
36998098,0.13060413573799842
43431541,0.15392092227315538
43431542,0.11068050957922342
43431547,0.1667299065527575
43431548,0.12981522009340388
43431549,0.12583181590907688
43431550,0.15242599528395556
43424459,0.13365913595975354
43424460,0.12785244878081284
43424461,0.6901011786101077
43424462,0.29875582774809234
43424463,0.12396476667185019
43424464,0.7096366986733137
43424465,0.5945438076123198
43424466,0.4242403426571277
43424467,0.2674892241396445
43424468,0.3216910717843579
36966621,0.0557778229160821
36966622,0.14797850880371022
36966623,0.06086875547007568
36966624,0.0902792548820701
36966625,0.41543933509952674
36966626,0.09693568671425914
36966627,0.12537836822367696
36966628,0.057969085750386964
36966629,0.05524810401971841
36966630,0.08981927938246421
36986594,0.33586858505187167
36986596,0.0896273736993373
36986599,0.07931820071094388
36986600,0.5116725141500233
36986601,0.09442154039338893
36986602,0.12878068805564186
36986603,0.13449557084548688
43425287,0.2981146560412886
43425288,0.2090432914488915
43425290,0.28890552329007363
43425292,0.22090355890721014
43425294,0.23951851426648935
36972574,0.08975408897285973
36972575,0.11783740339603624
36972576,0.08040138150616902
36972577,0.06963040118228736
36972578,0.1332606312560001
36972579,0.34984302465665856
36972580,0.0824744675800893
36972581,0.13400641964329768
36972582,0.12693573852086243
36972583,0.09029017596759521
36984746,0.09993199381072332
36984748,0.08053378624612241
36984751,0.1291463113899922
36984753,0.10309538512548769
36984754,0.07785363597815245
36984755,0.1305559020943913
43425983,1.68731378358449
43425984,0.9023562621262463
43425985,0.21305587236251633
43425986,0.598635691592661
43425987,0.3966956943389752
43425988,0.17191663333472004
43425989,0.22869148305861017
43425990,0.11906076060049459
43425991,0.1519193437273945
43425992,0.11184045688847462
43428825,0.259476504666204
43428826,0.2832455517805308
43428827,1.053274346142009
43428828,0.45051132879543393
43428829,0.369973757693023
43428830,0.14250928431633414
43428831,0.36964902825177043
43428832,0.10921776206747454
43422748,0.4402393809503954
43422749,0.24803385920218088
43422750,0.2552683008575734
43422751,0.14788661213100593
43422752,0.29356325581831916
43422754,0.14997743078793063
43422755,0.5263745888716376
43422756,0.19915361816845353
43422757,0.1650933667736338
36976929,0.19336097398552296
36976930,0.14870866586361245
36976931,0.1966480162400558
36976932,0.16733648554134858
36976933,0.9421600846786481
36976935,0.6160417036218495
36976936,0.23992832169937212
36976937,1.5026534630177442
36979448,0.08312172641903079
36979450,0.12963082228023157
36979451,0.07753459412721794
36979452,0.18379885883921412
36979453,0.13398812153102443
36979456,0.1215531316193126
36979457,0.0874479701255159
36962279,0.07931772229131281
36962280,0.06876880575167228
36962281,0.059640605474865285
36962282,0.07747170876473616
36962283,0.06897786169770033
36962284,0.07776740993511404
36962285,0.054214730352395615
36962286,0.4435817706138682
36962287,0.09128722528618106
36962288,0.06878880408793991
43423571,0.37891233263415514
43423572,0.4839577532203925
43423573,0.13630290736744202
43423574,0.4429026652248608
43423575,0.8010387221189168
43423576,0.9088195495392842
43423577,0.7396301177076972
43423579,0.2806301471725598
43428379,0.09247452337261215
43428380,0.08153859525246464
43428381,0.0844791551568902
43428382,0.1471219583740397
43428383,0.07134234093154658
43428384,0.07611048533484943
43428386,0.07708821240293519
43428387,0.09598169077250453
43428388,0.12419514368243348
36971364,0.08055356980566954
36971365,0.07855481133563331
36971366,0.06426876861293919
36971367,0.07799697714548058
36971368,0.07325499338997231
36971369,0.10991057917247236
36971370,0.0780124311259928
36971371,0.07729946344705085
36983200,0.14168098877211907
36983201,0.07678441826761545
36983202,0.07899595922516167
36983203,0.07866777065038894
36983204,0.113904374512927
36983205,0.1279361686576498
36983206,0.15949482385204813
36983207,0.25309424611034137
36983208,0.21417130456477246
43419490,0.4758649083014167
43419492,0.1288317426228387
43419493,0.2394901325694508
43419494,0.08245722208908536
43419495,0.09199724444560173
43419496,0.12370421793867378
43419497,0.13263931845788723
43419705,0.14326168743029927
43419706,0.08047185894147507
43419708,0.19839159271234585
43419709,0.14079949294866087
43419711,0.09595434999834185
43419712,0.10675253072193985
43425098,0.3482114961104368
43425100,0.29647269065877974
43425101,0.7761884622427907
43425102,0.31932874767736913
43425103,0.23792625382035085
43425104,0.15393765852860314
43425105,0.18485119784876305
43423073,0.4492346577139377
43423074,0.20991641208169157
43423075,0.6633626430511088
43423076,0.3969359919932764
43423077,0.21061811346176404
43423078,0.1712798548484165
43423079,0.32675699182739854
43423080,0.3545069871331089
43423081,0.34610849530574567
43423082,0.5055746249914406
43428841,0.5740266426793843
43428842,0.2991059854008476
43428843,0.2534960211451076
43428844,0.5548881511070989
43428845,0.141861650477345
43428846,0.45767408860218195
43428847,0.5832275759400516
43428848,0.19236846812266228
43428849,0.3849403649808212
43428850,0.34000609676030913
36988658,0.3312944595149249
36988659,0.12129325725294175
36988660,0.15103840465820514
36988661,0.23363619077705503
36988662,0.1481624735920148
36988663,0.3790481307244946
36988664,0.33655013308032117
43428122,0.4383310134750159
43428123,0.11671720666394375
43428124,0.1483772357376479
43428125,0.5005051359502487
43428126,0.17557706799664677
43428127,0.1367747778292698
43428128,0.11280079150522905
43428129,0.3509183778541785
43428130,0.3542716048261712
43424285,0.15236503710646976
43424286,0.264344662067941
43424287,0.2992266839984677
43424288,0.35083066438520866
43424289,0.37558932804369766
43424291,0.26496230368621704
43424292,0.2664050938324355
43424293,0.10538202779299072
43430577,0.19186066186424583
43430578,0.21401714708504968
43430579,1.0382050931578657
43430581,0.21053114373742862
43430583,0.15459924907097264
43424469,0.24898347839107235
43424470,0.1647281442448305
43424471,0.22744384170092136
43424472,0.23930835527080202
43424474,0.16192549289602134
43424475,0.20952782319303354
43424476,0.25258586627135365
43424477,0.1848402009362009
36975915,0.1353199804510797
36975917,0.19101192321449223
36975918,0.5510621125154702
36975919,0.4026229393104382
36975920,0.22865150510646576
36975921,0.33852683384940785
36975922,0.25759481943844686
36981677,1.145900438830152
36981678,0.22391344614980446
36981679,0.2784568144579181
36981680,1.387519057686157
36981681,1.3397568013847683
36981682,0.2015041375452901
36981683,1.3783480304631692
36981684,0.33863486979038077
36981685,1.0359184877888288
36967033,0.23314022122423553
36967034,0.08846937552505309
36967035,0.14144226978529603
36967036,2.9358081496240396
36967037,0.18737576821358998
36967038,0.11360318469583182
36967039,0.12451235724029355
36967040,0.2169696594359599
36967041,0.27452158071376254
36987930,0.12742673590182405
36987931,0.21012118635511576
36987932,0.32592313663558886
36987933,0.12391102134325467
36987934,0.17066619732189847
36987935,0.17087498471693277
36987936,0.10478759496997025
36987937,0.45843682220342913
36987938,0.2514717777280746
36987939,0.35603766861388886
43425845,0.1851192249144351
43425846,0.14616192331596267
43425847,0.17300851777067977
43425848,0.2049705413924879
43425849,0.1807808868959325
43425850,0.20955575401108745
43425851,0.20073331104919653
43427771,0.2617473628428384
43427772,0.3348458036022592
43427773,0.43816736167178966
43427774,0.3901719579331524
43427775,0.3150034085967847
43427776,0.12484087783813702
43427777,0.11687473540903387
43427778,0.15256313036291153
43427779,0.3171873582835463
43427780,0.2553169077500128
43432822,0.12565397122089042
43432823,0.23148338078355588
43432824,0.16687683016407803
43432825,0.12360701634953412
43432826,0.1680350848279735
43432827,0.14392069533578775
43432828,0.18899374487985718
43432829,0.32651696842687006
43432830,0.273689470753415
43432831,0.38284468936354954
43429043,0.15056055715572683
43429044,0.46321242234390186
43429045,0.3228547001301672
43429046,0.3002891111189056
43429047,0.2839752885693554
43429048,0.33972560919859535
43429049,0.14499420978887115
43429050,0.1766753368171249
43429051,0.4356082949811869
43429052,0.4107238644301985
36993719,0.2244393336774876
36993720,0.07208337155922198
36993721,0.11160637881111114
36993722,0.06446663169818302
36993723,0.11412041284245525
36993724,0.13696020410142248
36993725,0.13109959672951774
36993726,0.0619365428761555
36993727,0.08506504234800139
36993728,0.242062096603156
37014867,0.1522821624298931
37014873,0.14507136161840456
36989403,0.3014708659317925
36989405,0.29256225372714967
36989407,0.3129133109288232
36989408,0.28028169168043826
36989409,1.438768179578188
36989410,0.7220352848548915
36989411,1.3208981602170944
36989412,0.5344904337959087
36959862,0.10805092103467717
36959863,0.2832764566166335
36959864,0.16769056500475224
36959865,0.07535845465466391
36959866,0.13930683440407282
36959867,0.17152566714311218
36959868,0.17648860572062972
36959869,0.08649951898226357
36959870,0.07079912608552992
36958165,0.6241656126860373
36958166,0.10498510389666953
36958168,0.7719019623562798
36958169,0.7898232058675676
36958171,0.7684161427217745
36958172,0.22617584850078762
36958173,0.168511308334735
36966188,0.3654892103323959
36966189,0.31314803914915795
36966191,0.701425038138222
36966192,0.5363190593895932
36966193,0.3580014510428945
36966195,0.30509514061187093
36966196,0.6128177819030229
36966197,0.36106890149667725
43429455,0.19997273694974288
43429456,0.3695611028525545
43429457,0.3755974856496279
43429458,0.28577336674869
43429459,0.5023552196719427
43429460,0.7258676218204133
43429461,0.3392027422529458
43429462,0.20332112921043127
43429463,0.3300128894281806
36955938,0.1928647068377541
36955939,0.14066705304083577
36955940,0.5034228720598974
36955941,0.16644541061735219
36955942,0.15652922363435326
36955943,0.1446909624291235
36955944,0.18306833648297752
36955945,0.26082188236420456
36955946,0.31870114635980923
36993403,0.09975280296133499
36993404,0.7231858348394496
36993405,0.10359120815715227
36993406,0.20948425755454897
36993407,0.12395965853959963
36993408,0.1272723446808311
36993409,0.0993745682755196
36993410,0.214179414144522
36993411,0.11989604184199887
43418875,0.45894688533607486
43418876,0.3669883733095401
43418877,0.18331615639643697
43418878,0.10102499282213516
43418879,0.2863034033825967
43418880,0.14309894988868943
43418881,0.14585020465514478
43418882,0.25958586897261626
43421812,0.45000526449560924
43421813,0.523993677480746
43421814,0.33346536955277967
43421815,0.5842735551833051
43421816,0.4069485366753884
43421817,0.3647357691549712
43421818,0.19866183572059937
43421819,0.8551610017098601
36978827,0.15650910270189533
36978829,0.4670715722661572
36978830,0.2169995917317462
36978831,0.24877588588388613
36978832,0.30647793907913146
36978833,0.16174153485092554
36978834,0.31355777817963576
36978835,0.4466715088963172
43424362,0.2684440086079155
43424363,0.5142021076203599
43424364,0.41295648132724183
43424365,0.6313912063205065
43424366,0.41787529340761126
43424367,0.13041564936668734
43424368,0.12339979913838599
43424369,0.2873859528963292
43424370,0.4124101924887823
43418850,0.2116171944846428
43418851,0.37454009160420154
43418852,0.34734399785950026
43418853,0.26477854872067047
43418854,0.35602262681379604
43418855,0.26769523906570286
43418856,0.21559559208994616
43418857,0.32189710988835896
43423461,0.24316670857886805
43423462,0.15696872594671177
43423463,0.18240773002274122
43423464,0.1725004166055681
43423465,0.1740717857922616
43423466,0.14980930977266319
43423467,0.239441333550108
43423470,0.17000337120335385
36998782,0.05321933474172788
36998783,0.05934678563327844
36998784,0.059584710308034194
36998785,0.11445975359014127
36998786,0.05891554028702806
36998787,0.0743634125915727
36998788,0.05345505526771338
36998789,0.1334111244135298
36998790,0.07363509596760871
36960668,0.11936723515265739
36960669,0.13687608258113168
36960670,0.10053750799441903
36960671,0.11838977851187141
36960672,0.08538959653070928
36960673,0.13026913423630926
36960674,0.14425102060183934
36960676,0.09469732896194351
36977883,0.08470011624781255
36977884,0.28101863542918387
36977885,0.19427610162231235
36977886,0.1721179221603611
36977887,0.09473900734701195
36977889,0.16421192483688385
36977890,0.33481787276368924
36977891,0.07989570627439932
36977892,0.1778350734531599
36981901,0.5040784453048144
36981902,0.3735548772021659
36981903,0.7064298878105693
36981904,0.4116219997804361
36981905,0.41073990985920666
36981906,0.3907515221763152
36981907,0.4496902685039502
36981908,0.276260463917183
36990337,0.2033201033513075
36990338,0.13674567959530023
36990339,0.4585339083628877
36990341,0.2054643576077743
36990342,0.28320883947131537
36990343,0.09543484103326363
36990344,0.07205126820289469
43430613,0.07290085304637724
43430614,0.21266490968635698
43430615,0.2421481242327638
43430616,0.18238774632345373
43430617,0.16863891032183048
43430618,0.19855081539662242
43430619,0.18517339602885238
43430620,0.0847608262498438
36955452,0.10261608073517085
36955453,1.0934006414825488
36955454,0.31866755485942916
36955455,0.0994510011865411
36955456,0.05330598118518315
36955457,0.09688557928732333
36955458,0.07518724558679941
36955459,0.3574582563509839
36955460,0.5884855137907676
36969224,0.4293230417332443
36969225,0.9644014355853701
36969227,0.2680896955494783
36969228,0.5385344627308405
36969230,0.7332478297096553
36969231,0.041783935784832055
36969232,0.23234286327636236
36969233,0.2576136161422268
36985144,0.10658791661375815
36985145,0.08578448588227511
36985146,0.09839378712544172
36985148,0.08736103860566363
36985149,0.6808917756706363
36985150,0.20808933689497672
36985151,0.3446899586348455
36985152,0.09621287571035517
36985153,0.16383177098148916
36990715,0.16982595805188075
36990716,0.2919009445188561
36990717,0.08858135671481147
36990718,0.087237699117104
36990719,0.07009377723090338
36990720,0.12275418091001003
36990721,0.08545223770407234
36990722,0.0681168979960369
36990723,0.06783661971606414
36996832,0.10815655752271588
36996833,0.36506760097227514
36996835,0.09423470766915491
36996836,0.5746008639552335
36996837,0.13468110384752027
36996839,0.1583520062956811
36996840,0.08268931738711473
36959045,0.0858364069749406
36959046,0.11503759633626963
36959047,0.10511215220205747
36959048,0.06543514993614594
36959049,0.08023238681627537
36959050,0.0939917135387323
36959051,0.12631105450854888
36959052,0.18011658668848832
36959053,0.07630823077237327
36973181,0.12924023003618332
36973182,0.058028659321475176
36973183,0.14855575174638216
36973184,0.6121913115021995
36973185,0.14468222838474698
36973186,0.19655190634712846
36973187,0.18366398679686036
36973188,0.170813573064588
36973189,0.10958643777690422
43427924,0.13986474450477948
43427925,0.18751519294713542
43427926,0.15245918934044309
43427927,0.16030894537398072
43427928,0.20264099166952046
43427929,0.14235710849975317
43427930,0.19073511947919664
43427931,0.14833979745334278
43427932,0.14563380657956912
43426382,0.2050172855861234
43426383,0.14983077625879226
43426384,0.1779816446807886
43426385,0.14792441155191113
43426386,0.1885805185648818
43426387,0.1390606061557637
43426388,0.17567791406811922
43426389,0.20558307540052856
43426390,0.37554396634273657
43426391,0.1253654674710835
43421009,0.24978174718326204
43421010,0.16050526255844874
43421011,0.1454387131939451
43421012,0.13916366968101912
43421013,0.1135089102643656
43421014,0.21997063198752764
43421015,0.17715939078310952
43421016,0.18822802852097997
43427857,0.14670343880373674
43427858,0.10906424793773385
43427859,0.08422337684750433
43427860,0.13725668880223008
43427861,0.12106715223518469
43427862,0.19052877822459977
43427863,0.17168984743730292
43427864,0.15621502878586827
37019378,0.1903059193729213
37019379,0.15526140372672875
37019380,0.1330680282715614
37019381,0.12118260753506739
37019383,0.1658845922952975
37019384,0.14217052438346917
37019385,0.12704211503264154
37019387,0.15575862686744726
36997092,0.051240754993969476
36997093,0.050423350952588895
36997094,0.07188378798705423
36997095,0.12410967695671445
36997096,0.15377238072473778
36997097,0.06402948923664052
36997098,0.07822829199753724
36997099,0.053837727332875236
36997100,0.12679849873128257
36970318,0.19060651253774086
36970319,0.05860147337946163
36970320,0.17594029403713055
36970321,0.060999051335651484
36970322,0.3768355283805316
36970323,0.0607111707488195
36970324,0.0674370241839893
36970325,0.19440717065336702
36970326,0.13850149236231615
36965324,0.11073104167921813
36965325,0.065158332211852
36965326,0.11135834679779343
36965327,0.1301773484406846
36965328,0.059491144199636074
36965329,0.07518850307619046
36965330,0.06933284295756202
36965331,0.05965611574162852
37010152,0.19194025590789512
37010153,0.13880861707106054
37010154,0.3106777537163263
37010155,0.15593728338073035
37010156,0.1308305588205559
37010157,0.14163152963224737
37010158,0.1603636671010773
37010159,0.5639938455145614
37010160,0.4635213949414754
43423544,0.08218119393856002
43423545,0.10989043965631451
43423546,0.10110929918905905
43423547,0.1481774538445152
43423548,0.09248853404568372
43423549,0.12343816587403705
43423550,0.19334863972078847
43423551,0.09682675928547282
43423552,0.11193022186240252
36974600,0.09381123358492147
36974601,0.13615187325966982
36974602,0.12914313956374007
36974603,0.14403385939077804
36974604,0.11007111255334907
36974605,0.11409437836404301
36974606,0.1729656343858818
36974607,0.0861322747319263
36974608,0.15560972734409545
36980000,0.5932966252024944
36980002,0.14150307818893607
36980004,0.24634412522571428
36980006,0.6195569133798731
36962897,0.18325431232140704
36962898,0.24936701315190002
36962899,0.4966026526248471
36962900,0.21744001743706595
36962901,0.2387397598834196
36962902,2.2137721684830844
36962903,0.3433247823308698
36962904,0.18689193723857953
36972022,0.1189278034146221
36972024,0.16998275789794495
36972025,0.17909215561658673
36972026,0.15692176938500038
36972027,0.11174254824666467
36972028,0.05558804263823844
36972029,0.1685592265663223
36972030,0.175563432311072
36972031,0.10716955363115871
43421425,0.17302555215391827
43421427,0.17006420390098934
43421428,0.3246865476372279
43421429,0.3985377842534176
43421430,0.15908563364336994
43421431,0.22688855401644148
43421432,0.6489982520634486
43421433,0.6740048590694464
43429786,0.15305762268622783
43429787,0.4141624218265857
43429788,0.5830939093571664
43429789,0.19169797001080197
43429790,0.3303624644584159
43429791,0.21384403809468028
43429792,0.22115341303369257
43429793,0.1333905134560058
43429794,0.4117417985323875
43429795,0.38378204352891837
43431009,0.12128907389821027
43431010,0.10570928329780478
43431011,0.08951589791044684
43431013,0.22891502972358116
43431014,0.12197673358181217
43431015,0.35836020594656504
43431016,0.13298532830183962
43431017,0.39225282411138196
43419595,0.09963870221590083
43419596,0.09851112369575547
43419597,0.10817854297918197
43419598,0.12249632010590684
43419599,0.16015692110867488
43419600,0.14911135020813668
43419602,0.2751921700789273
43431603,2.167534352705474
43431604,0.06418061283460648
43431605,0.20450978806841927
43431606,0.18576769083136999
43431607,0.40015859950840027
43431608,0.12445746390764828
43431609,0.2423488595940497
43431610,0.10719423017950598
43431611,0.26087218911612486
43431612,0.4423676593713037
36960176,0.15054637476097263
36960177,0.3262366677618066
36960178,0.3241196132062416
36960179,0.21360398974512895
36960180,0.18816717633245314
36960181,0.425416330730015
36960182,0.2948868847316154
36960183,0.2456022836187697
36995221,0.5795986603348192
36995222,0.1157199928394605
36995225,0.14386453410384514
36995228,1.4917946439259313
36995229,0.09095951199026846
36958384,0.1653490744994878
36958385,0.09623769487677354
36958386,0.09202917340079156
36958387,0.32187848828274196
36958388,0.17934431474315776
36958389,0.2227541424411555
36958390,0.08476661113308906
36958391,0.1960491885636442
36958392,0.12218785140278018
36958393,0.25282841475828693
43419471,0.7265516410316392
43419472,0.12093544262141431
43419473,0.2305056279287149
43419474,0.15824854432700694
43419475,0.2785259337049468
43419476,0.4584498972260983
43419477,0.1334773299475288
43419478,0.13811302366474434
43419479,0.11689405172125054
36965089,0.11535180879991709
36965090,0.16578616088718764
36965091,0.18588557088634905
36965092,0.09384205689880874
36965093,0.12997831766133966
36965094,0.1047375343691468
36965095,0.09044664673272065
36965096,0.11455522520847576
36965097,0.09889750217718661
36975304,0.36079837763196104
36975305,0.3504161263511546
36975306,0.25640013141519885
36975307,0.4905460405182901
36975308,0.18436948285380425
36975309,0.14911751493052688
36975310,0.38861316017927383
36975311,0.15963186470668125
36975312,0.3132338642682657
36975313,0.18417177656993078
36963458,0.16688634245981482
36963459,0.3046073247339502
36963460,0.1160211758243091
36963461,0.1445836294811085
36963462,0.11449556221249292
36963463,0.3283825168375705
36963464,0.1748682571672603
36963465,2.142821246035656
36963466,0.20656423361276846
36963467,0.21548871343420364
36999204,0.7324493518658723
36999205,1.6504150263715662
36999206,0.7288013912250769
36999207,0.20912411413783327
36999208,0.373208178445568
36999209,0.3674168415849785
36999210,0.24819819148379038
36999211,0.26680414233494326
43423008,0.6079114750252618
43423009,0.6906337213260666
43423010,0.6582948514936302
43423011,1.782855803208086
43423012,0.5684393190505933
43423013,0.8196784751350233
43423014,0.5182796298916942
43423015,0.5633613087630683
43423016,0.6649452967825035
43423017,0.15566236464379285
43422978,0.3994178180729737
43422979,0.3397972866474071
43422980,0.3843428614741039
43422981,0.26870565154977055
43422982,0.31511036476094534
43422983,0.22726278960062213
43422984,0.36258584639047886
43422985,0.31296312489034556
43422986,0.30608336653811197
43422987,0.5195606596745407
43430391,0.3050187550054356
43430392,0.1639462467946691
43430393,0.394959797073109
43430394,0.1253499799064519
43430395,0.133950521479695
43430397,0.4005391107136935
43430398,0.11164168907144711
43430399,0.14331111210371933
43430400,0.13739363320864104
36979935,0.25139452047252747
36979936,0.34767522884533403
36979937,0.22563743134109324
36979938,0.44402751975786886
36979939,0.2009912080175873
36979940,0.19289395804724227
36979941,0.3112276923877532
36976051,0.5200978292185686
36976052,0.44282520665357966
36976053,0.20097804852353343
36976054,0.21176265757054336
36976055,0.13197969636599938
36976056,0.14898094474231555
36976057,0.2737155130337331
36976058,0.19041029856220715
36976059,0.17573012791366974
36983485,0.501967792996741
36983486,0.37730634037880073
36983487,0.8484189210726717
36983488,0.5078235889292972
36983489,0.5951521446488482
36983490,0.440379663754566
36983491,0.24665946637526467
36983492,0.7052631341582696
43426517,0.2744446658859864
43426518,0.34615697475276475
43426519,0.3612540888765741
43426520,0.16024444596285056
43426521,0.11759228833921483
43426522,0.4467804716204495
43426523,0.3936565588612455
43426524,0.19475028623985666
43426525,0.17127498668305596
36979618,0.29031773996449123
36979619,0.23959849635315647
36979621,0.06704797062744769
36979622,0.24505767940944345
36979623,0.06974291198296433
36979624,0.24082744350917085
36979625,0.23655691933694137
36979626,0.08935715259830601
43421135,0.20136830276633466
43421136,0.31116372110317136
43421137,0.728664781805501
43421138,0.29640037703826316
43421139,0.3866747406749565
43421140,0.3437300903355783
43421141,0.1348537944797842
43421142,0.13507711208562131
36981533,0.21831883820031164
36981534,0.18818516621497725
36981535,0.11108544116140079
36981536,0.10046895846048808
36981537,0.13475817487707198
36981538,0.2453887918075244
36981539,0.09338318651562014
36981540,0.2162778104584693
36957463,0.17277171678887265
36957464,0.05607905929994857
36957465,0.1454761913205151
36957466,0.07151307389128343
36957467,0.19599859928897367
36957468,0.6034585871944433
36957469,0.062211302036207956
36957470,0.03935796699871824
36957471,0.04403710780574704
36957472,0.12477457173921563
36988449,0.11003806032311511
36988450,0.33845458615263446
36988451,0.26585702987039805
36988454,0.3149773936120582
36988455,0.35079784477301285
36988456,0.28892462578065753
36988457,0.393527534889568
36988458,0.35282169958052145
43422319,0.3806551253798718
43422320,0.2816551658996695
43422321,0.24516064416406116
43422322,0.0956964899288632
43422323,0.22293545516024882
43422324,0.4777442052624188
43422325,0.3520221126586591
43425409,0.25263050143137206
43425410,0.3436404297646037
43425411,0.20916970020987438
43425412,0.18559321069756493
43425413,0.3353835201421841
43425414,0.18187542667575404
43425415,0.1197603540659066
43425416,0.17747836722023627
36993149,0.2970020890892464
36993150,0.22736760585460422
36993151,0.309243443075327
36993152,0.2603934147731364
36993153,0.4064773426375502
36993154,1.0890468378438958
36993155,0.1849225404301071
36993156,0.6780773363678314
36993157,0.8741208472403275
36993158,0.8655374797835824
43422672,0.16448858709348638
43422673,0.08137282491401361
43422674,0.08840140803511115
43422675,0.21815916828179377
43422676,0.12441142732535136
43422677,0.17954837721237862
43422678,0.1527758611192199
43422679,0.14969678751709817
43422680,0.16708439726707106
43422681,0.4579534244444576
43432875,0.29168842640694076
43432876,0.2627126524248901
43432877,0.25576414076824705
43432878,0.8537949143849883
43432879,0.1847633649185528
43432880,0.24907140103597208
43432881,0.22005785305466427
43432882,0.48109444490475395
43432883,0.2725692974324431
43432884,0.23569104002508548
43428090,0.5134021902827306
43428091,0.7631453897764979
43428092,0.21447093715054208
43428093,0.0931894931103637
43428094,0.25492687310454226
43428095,0.24988611391761395
43428096,0.2914397099384558
43428097,0.2791925363780484
43428098,0.18715080060151423
43427027,0.2688399593719225
43427028,0.2742052351682682
43427029,0.3519220353700287
43427030,0.22026793223689647
43427031,0.29934240024314407
43427032,0.26398596531594953
43427033,0.2743324208363548
43427034,0.24843757484072346
43427035,0.2206049183319824
43427036,0.23334227795253665
43419192,0.5267361140698877
43419193,0.286459617206089
43419194,0.3810768427477296
43419195,0.919418318175163
43419196,0.45891777995699
43419197,0.14925848621396656
43419198,0.2520144231748865
43419199,0.2461293286445443
43419200,0.2089797172776288
36962861,0.09435969712209666
36962862,0.09756038719562538
36962863,0.1076931354751796
36962864,0.08869375533023241
36962865,0.11142702453551699
36962866,0.10895879450845128
36962867,0.17060516392905492
36962868,0.06858765000762619
36962869,0.11063817367285232
36962870,0.08025514007531225
43421250,0.11554434089154679
43421251,0.08993509626706209
43421252,0.32550445033847436
43421253,0.47411732456513495
43421254,0.22564163697425377
43421255,0.11136849798651094
43421256,0.09440938787246608
43421257,0.06492420439205294
36968123,0.08699120428723031
36968125,0.10606715409730835
36968126,0.07554128798472103
36968127,0.1560515591391779
36968128,0.1137505634994866
36968129,0.0930772461487611
36968130,0.08576813880673756
43425324,0.6971979159943893
43425325,0.20682544501797942
43425326,0.1887018759280836
43425327,0.23837672942699537
43425328,0.21439663526967065
43425329,0.21680908333323137
43425330,0.211326875151184
43425331,0.09799677160426469
43425332,0.11417962330059714
43421143,1.0813228122802208
43421144,0.5807522289818449
43421145,0.08928394046592758
43421146,0.2777515342703361
43421147,0.15687881104939516
43421148,0.4650089429901575
43421149,0.22160228606495108
43421150,0.18858962240330537
43421151,0.11994855733089901
36963077,0.11913044472775487
36963079,0.14707369597752976
36963080,0.13498190648532968
36963081,0.13705158349946617
36963082,0.12017045521768958
36963083,0.13480850608427272
36963084,0.12623112050804028
36963085,0.11217463575299833
36963086,0.17748917004198012
36979891,0.06773106792835712
36979892,0.07340299968265625
36979893,0.08032047105198621
36979894,0.09756982099930173
36979895,0.06854927342573372
36979896,0.06620643497908246
36979897,0.06810338793997878
36979898,0.04880385203311646
43421460,0.2247552752124953
43421461,0.09174408679136896
43421462,0.8896273440773049
43421463,0.32811292989044344
43421464,0.21702540380905974
43421465,0.21861489760455696
43421466,0.23838193231187135
43421467,0.08528483738367792
43421468,0.2919598036123701
43421469,0.06954433574643035
36990091,0.42756074035076347
36990094,0.32996925581703257
36990096,0.14023055499706197
36990097,0.24797054722269204
36990098,0.2212816878269579
36990099,0.3401525568109049
36990100,0.38795642819970283
43432271,0.1552527580035981
43432272,0.19178671528891555
43432273,0.3586652867046236
43432274,0.09965745616268913
43432275,0.1289957483921587
43432276,0.09512285110908789
43432277,0.17575009554692456
43432278,0.17699296332324985
43432279,0.20482032002894793
43431130,0.4487713715025244
43431131,0.15698984576854835
43431132,0.456307167299191
43431133,0.13678056124699728
43431134,0.21984505898411114
43431135,0.13532209856718408
43431136,0.16152939191728424
43431137,0.32192042789366004
43421634,0.10718227958061506
43421635,0.2074606335385682
43421636,0.11871682407948414
43421637,0.09242370574337143
43421638,0.1779040943020157
43421639,0.21045647316606075
43421640,0.10525050726890173
43421641,0.11917301165143741
43421642,0.09993294180460031
43421643,0.5303677820117912
43430781,0.10594051979158395
43430783,0.16643228625062745
43430784,0.23078707218846417
43430785,0.473375131883577
43430786,0.17494839188161745
43430787,0.22317192559610138
43430788,0.3114233695586623
43430789,0.15535266472181639
43431942,0.11596464780716878
43431943,0.21463073680353856
43431944,0.1822207443133547
43431945,0.24356713234973892
43431947,0.29135323903829685
43431948,0.08646434106465498
43431949,0.20982520355400403
43431950,0.21047210876650804
43431951,0.30783077893747557
36981775,0.9050541219918271
36981776,1.8870212407644946
36981777,0.5696620926584532
36981778,0.19317776988722904
36981779,1.7077987132856414
36981780,0.1985549982030766
36981781,0.2036695553580061
36981782,1.7770750709494327
36981783,1.693820353450239
36981784,0.24589744318896534
36995160,0.2785617864923229
36995162,0.235916645080874
36995165,0.10135407127215962
36995167,0.23821641771949886
36995168,0.23985974036408986
43420943,0.19518111984525774
43420944,0.1502908353662452
43420945,0.16999228854012335
43420946,0.2103182079580835
43420947,0.1200248451659696
43420948,0.09697854002541223
43420949,0.14342536548957616
43420950,0.11209551719521435
43420951,0.11390986971527957
36984565,0.1371954797284281
36984566,0.12608788139415195
36984567,0.152748195291764
36984568,0.12584334702216543
36984569,0.21234378435256765
36984570,0.15841363375521123
36984571,0.19064059036937758
43427663,0.11259871790595216
43427664,0.18657468972833777
43427666,0.16657951612591745
43427667,0.16874574778703305
43427668,0.3064061415070235
43427669,0.21907077682312326
43427670,0.14948548620825808
43427671,0.13233199382039595
43432547,0.07363094740475579
43432548,0.0942629853643599
43432549,0.1589336657049054
43432550,0.16312393082652007
43432552,0.15682852813021875
43432553,0.09354072232750134
43432554,0.10317312381453472
37012742,0.5368070099626251
37012743,1.0780679182249069
37012745,1.0746790572447729
37012748,1.0843129396566202
37012750,1.043309013313043
36971678,0.023425584362099107
36971679,0.028262395897414895
36971680,0.027059133983016535
36971681,0.022035233094681562
36971682,0.027292740655487428
36971683,0.04525533531945025
36971684,0.03400468358607655
37008183,0.5212896984169969
37008184,0.5318131448113605
37008185,0.4796792798699988
37008186,1.09940403994609
36960013,0.24830518956083814
36960014,0.6527161986870046
36960015,0.2790338579625684
36960016,1.0319953440933118
36960017,0.2321897750938113
36960018,0.9444060368475726
36960019,0.18869841023841016
36960020,0.23609087462787562
43426425,0.17122135141514291
43426426,0.9884816797141985
43426427,0.39379631589725334
43426428,0.36999804392307023
43426429,0.29541744203933923
43426430,0.2328412442297195
43426431,0.12134851994679867
43426432,0.4429992007263467
43426433,0.3487048945089234
43426434,0.31602597712047614
43422662,0.9025412764431459
43422663,0.6817172085821025
43422664,0.22703132935992346
43422665,0.36309394103431786
43422666,0.7829434689938035
43422667,0.7019505144038543
43422668,0.8471425788900111
43422669,0.3091733532922973
43422670,0.7379438192471567
43422671,0.3890944944325317
36991168,0.5171372569276383
36991169,0.37078749551888357
36991170,0.27617761106999367
36991171,0.2980529601326894
36991172,0.4876255514792052
36991173,0.3585086522461474
36991174,0.2944227146133006
36991175,0.28802548187981775
36991176,0.5212753955167294
36991177,0.33832935433487366
43421258,0.2294501874741884
43421259,0.18306155148128309
43421260,0.14554080973584158
43421261,0.23952393086897744
43421262,0.4952948543772067
43421263,0.32639301102830726
43421264,0.20978426006528234
43421265,0.3048933999494928
43421266,0.1442512363272069
36978424,0.7019851803195445
36978425,0.17401964702480346
36978426,0.1486669185205524
36978427,0.19811582022828586
36978428,0.17795801522257387
36978429,0.672431986179838
36978430,0.15430125614182919
36978431,0.20662114906176982
36978432,0.25555887557086976
36978433,0.12376723182022398
36958251,0.18915990769842322
36958252,0.17613632902363202
36958253,0.23219682538682038
36958254,0.17438088052252435
36958255,0.19251362015063853
36958256,0.2868111577253874
36958257,0.283714725753802
36958258,0.1620763064414705
36958259,0.1893442090252358
43426412,0.36270266408105406
43426413,0.4970715759802055
43426414,0.6504369911059499
43426415,0.4077530614634262
43426416,0.5649352283763345
43426417,0.4492739558907623
43426418,0.7793575358697685
43426419,0.7127742380524443
43426420,0.5121412464812541
43426421,0.4405321974792064
43430050,0.21738570882706085
43430051,0.21174620816378942
43430052,0.14486378857107599
43430053,0.578978909518997
43430054,0.25714881675629797
43430055,0.38807750633232513
43430056,0.36043332803042505
43430057,0.18461116558041968
43430058,0.07680953099118525
43430059,0.49758896913622525
36983190,0.05380556997247727
36983191,0.07046859128053144
36983192,0.09191782321868311
36983193,0.11346851899898454
36983194,0.2479060215568867
36983195,0.13982066662002757
36983196,0.23530237383092267
36983197,0.09966613616917182
36983198,0.12074354809111001
36983199,0.14856520036709736
36981875,0.420296757473536
36981876,0.09756666441133398
36981877,0.09272886565532006
36981878,0.519342675161973
36981879,0.09877951303450436
36981880,0.16656000113892316
36981881,0.2968559492900676
36981882,0.1834257323806404
36988235,0.19926545406342133
36988236,0.1403966074182556
36988237,0.08812106184502899
36988240,0.16985515902815254
36988241,0.16051877695651343
36988242,0.30607545156817184
36993788,0.19050717271337542
36993789,0.7167353054043778
36993790,0.26430892511621157
36993791,0.32791305787102454
36993792,0.2241855232125198
36993793,0.15452329450813376
36993794,0.14422238717733307
36993795,0.21742178446820093
36993796,0.45114570818644234
36985316,0.44601381906432175
36985317,0.5254433602042028
36985318,0.31564604231978616
36985319,0.5038681452622701
36985320,0.2527740468769323
36985321,0.35227711592683336
36985322,0.3875782432801305
36985323,0.31384201540831397
36977860,1.7256061366773399
36977861,0.10069451527323758
36977862,0.9298319193461848
36977863,0.26647978000989786
36977864,0.3561698064278975
36977865,0.07280909280345568
36977866,0.16712316426946205
36977867,0.8000096988379305
36977868,0.20458207551806482
36978558,0.25254045576526046
36978559,0.21433653905879296
36978560,0.0940563159564264
36978561,2.453669386566351
36978562,0.1447437236611355
36978563,0.30316334700998504
36978564,0.2892763969893301
36978565,0.10707681994198527
43432698,0.36747309133628675
43432699,0.08971094516127023
43432700,0.067526032728441
43432701,0.17858410711603298
43432702,0.16479082789767563
43432703,0.07790520884720174
43432704,1.295662402422899
43432705,0.08218168172840669
43432706,0.07195118881880566
43432707,0.09594246719349755
36974159,0.3844042397497387
36974160,0.23768764572678783
36974161,0.1828868386553704
36974162,0.8999015196848662
36974163,0.239102519964641
36974164,0.42180074408102847
36974165,0.2234740667610605
36974166,0.548886766536426
36974167,0.22926794997257152
36974168,0.8088079765818623
36989254,0.08100595642985002
36989255,0.3763056109667463
36989256,0.080092863072346
36989257,0.6800750944766043
36989258,0.12408179553112807
36989259,0.6724948929140601
36989260,0.07771587875718211
36989261,0.09659943232044974
36989262,0.1309548866091841
36989263,0.11044067062338166
37014428,0.15684960344356616
37014429,0.15057694223110216
37014432,0.204993913436646
37014433,0.16428089944617943
36956888,0.18353951639889524
36956889,0.12358057877607576
36956890,0.23728177855517163
36956891,0.1069171372806112
36956892,0.17281533292340964
36956893,0.18178171660895215
36956894,0.20623495998273658
36956895,0.12428829286972246
36956896,0.18885898657634584
37015097,0.15518237486497072
37015099,0.14431352494034103
37015100,0.1495855181170573
37015101,0.2109722917028508
37015102,0.2035246598133593
37012884,0.1827088187878939
37012885,0.14542389001555997
37012886,0.16332496932567475
37012887,0.15555813218284695
37012888,0.16556366463681763
37012889,0.20722205941662117
37012890,0.1403530684476842
37012891,0.16794884893333178
36962461,0.08834115914862967
36962462,0.08060760500450152
36962463,0.15562301699764533
36962464,0.3995664124668974
36962465,0.09849063271240745
36962466,0.17498344350162146
36962467,0.1985422652863495
36962468,0.15638059209710659
36962469,0.33426967649568234
36962470,0.13219346956413255
43431794,0.4278823990506308
43431795,0.16420387604872652
43431796,0.37645466589803905
43431797,0.26025052826925504
43431798,0.08257194910999323
43431799,0.2406438421728788
43431800,0.28587598243170675
43431801,0.5562357785332505
43431802,0.2717679390553761
43431803,0.20112100462200672
43429393,0.13590849860835927
43429394,0.08462010265429058
43429395,0.7656202676597429
43429396,0.4363503391388226
43429397,0.20111963348615272
43429399,0.18402538843348937
43429400,0.15744218140078048
43429401,0.14035344105420844
36965729,0.11010416938466096
36965730,0.14059607275346978
36965731,0.182910836327325
36965732,0.7905591246367034
36965733,0.30332510923361783
36965734,0.6641672974276438
36965735,0.18808954470500938
36965736,0.2542444740274127
43420127,0.6630167712721635
43420128,1.1324113427719884
43420129,0.23361703972826128
43420130,0.48460339366062166
43420131,0.09551233989721264
43420132,0.30702203055879607
43420133,0.2617658405117651
43420134,0.2549181998363791
43420135,0.11799384030763035
43426929,0.1806371971909456
43426930,0.17430618036078452
43426931,0.16174591383603565
43426932,0.20453044624033562
43426933,0.24037442855649416
43426934,0.1820261124167301
43426935,0.17477236598550205
43426936,0.15608261695701525
43426937,0.1638809772767121
43428476,0.09188523369558671
43428477,0.10399224360626098
43428478,0.7432993038357274
43428479,0.084586814190363
43428480,0.09518169710010387
43428481,0.11612485198617209
43428482,0.10840564233690585
43428483,0.10883515346700234
43428484,0.07181182954299183
43427519,0.1448483202862859
43427520,0.1922488857655411
43427521,0.163000048354872
43427522,0.17351042403969405
43427523,0.18321116577556654
43427524,0.15518268970765936
43427525,0.26751622770346856
43427526,0.8203029199863989
43427527,0.23862621668027376
43427528,0.21803653284694413
36990547,0.2024575201655444
36990548,0.46223067909890125
36990549,2.0592082761519066
36990550,1.7014078734336504
36990551,0.22460735241904858
36990552,1.4709494649929171
36990553,0.22886224364193336
36990554,0.23123071864500772
43429306,0.2846423846637035
43429307,0.1189641958455641
43429308,0.19454983650168872
43429310,0.21464671049724504
43429311,0.5626528337805556
43429312,0.12062363056762197
43429313,0.11121808918702589
43429314,0.09335936850466275
43429315,0.11842260631489286
43432832,0.17039123704583803
43432833,0.6837140535542052
43432834,0.16369154110625186
43432835,0.1354514080728347
43432836,0.16124923007976832
43432837,0.19164322375289192
43432838,0.42803913586425807
43432839,0.5295317446579136
43432840,0.4643322371523949
43432841,0.6300138864769018
43424624,0.35826256518144833
43424625,0.2099112316216674
43424626,0.22321410353001894
43424627,0.2159515769323308
43424628,0.26438882461616214
43424629,0.26401270155569484
43424630,0.2700029261510662
43424631,1.5641843697690554
43424632,0.20458789863004292
43424633,0.3697965216606818
43422402,0.5833573487684226
43422403,0.2972493096981034
43422404,0.574706789560172
43422405,0.6291101741453928
43422406,0.17948829766287192
43422407,0.541476703241694
43422408,0.6700344820299008
43422409,0.6323586092618493
43426654,0.18945183346715708
43426655,0.2213799392999872
43426656,0.2532329586505538
43426657,0.21795294467510434
43426658,0.12445218264480287
43426659,0.40243558438387267
43426660,0.1693670505349925
43426661,0.2384859931350169
43427829,0.08314612318258086
43427830,0.10417399256857952
43427831,0.4105702053957334
43427832,0.09748917605466105
43427833,0.2330270119683933
43427834,0.10579339631923872
43427835,0.08595114608041782
43427836,0.11831687035888315
43427837,0.37523760497977293
36956469,0.5126512462872687
36956470,0.4274879321210806
36956471,0.20850999573739207
36956472,2.3349018769216214
36956473,2.1128475094858787
36956474,0.38992844718083847
36956475,0.573533665426084
36956476,0.26071628793313484
36956477,1.95060225314481
43427018,0.22033191039135533
43427019,0.4477579126059401
43427020,0.1205308892877437
43427021,0.167060076486476
43427022,0.29844764489087305
43427023,0.127148890135565
43427024,0.11990553150858542
43427025,0.18823181110700565
43427026,0.25050572946916344
36967684,0.1166225715152258
36967685,0.09128769942091398
36967686,0.12979095938314628
36967687,0.14453400796754992
36967688,0.3077725189154811
36967689,0.6038890603385795
36967690,0.20385994669198362
43431841,0.46493714268872083
43431842,0.5335051340341586
43431843,0.4961915051915087
43431844,0.7697696343951882
43431845,0.5132797144949723
43431846,0.508881746441751
43431847,0.5521944021806062
36967607,0.25969710083080866
36967608,0.13345129441000683
36967609,0.21002977630590233
36967611,0.384744577214447
36967612,0.17749267095017698
36967613,0.4929857881227053
36967614,0.21223127702813646
36967615,0.10747360743093932
43423955,0.14610347978503918
43423956,0.6727498832967707
43423957,0.19671009092846808
43423958,0.21891449162496518
43423959,0.182166491465406
43423960,0.1467842501570313
43423961,0.13008087355115242
43423962,0.27739451849805863
43423963,0.12815839297976403
43423964,0.36377630995702714
43418831,0.22989059351048088
43418832,0.1775927166140489
43418833,0.11131703418516765
43418834,0.15076240244779418
43418835,0.09424219307492748
43418836,0.4775715285415185
43418837,0.5326667014464448
43418838,0.13530333866835775
43418839,0.38122981702451764
43418840,0.16522763095096557
43428248,0.22890044397322692
43428249,0.29383012860750574
43428252,0.3486953387388823
43428253,0.18756924015840787
43428254,0.2829335464116821
43428255,0.18480338442622532
43428256,0.1688491745290156
36955671,0.14571578213607211
36955672,0.14716693279323284
36955673,0.3426256985056932
36955674,0.14879910383725692
36955675,0.23610934773721806
36955676,0.13506385029644846
36955677,0.18013902865231848
36955678,0.14570340733141338
36955679,0.15921204239005304
36955680,0.12790768091928514
36970098,0.25524124075500554
36970099,0.4718161681534693
36970100,0.1860261473102138
36970101,0.2592564015199209
36970102,0.30995673371255156
36970103,0.23766595194039566
36970104,0.17271325276608776
36970105,0.11862459788270974
36970106,0.32479393579396
36999230,0.2126879721042732
36999231,0.19684299662883595
36999232,0.2960608085553118
36999233,0.20986710848164064
36999234,0.14915547364037418
36999235,0.26321240608785207
36999236,0.19397830084114984
36998552,0.10097144547565619
36998554,0.10705934263592563
36998556,0.1398377223464215
36998557,0.16646175462501683
36998558,0.2587159247360556
36998560,0.3738262290146478
43423139,0.2663223643825813
43423140,0.17691734858154587
43423141,0.10484308645996059
43423142,0.2024179274783966
43423143,0.23803251138239648
43423144,0.2193514426128253
43423145,0.0767023565880757
43423146,0.1928027511369327
43423147,0.21154575689080962
43423148,0.1619407725357857
43426497,0.08849981726344949
43426498,0.16679056180006174
43426499,0.17777127843544246
43426500,0.2080211283236141
43426501,0.15614086097523328
43426502,0.3268172410194449
43426503,0.20034927918077383
43426504,0.20415686866559946
43426505,0.1979178349383179
43426506,0.06869951898380205
43424018,0.08540525772158405
43424019,0.31119633036955285
43424020,0.09112169789852999
43424021,0.22359065233035644
43424022,0.0954324618855352
43424023,0.08238156361674172
43424024,0.17036843762836298
43424025,0.12235264816839839
43424026,0.07735475334475664
43424027,0.1326824634296154
43431339,0.10590735785518386
43431340,0.07955691805228583
43431341,0.13218981340866723
43431342,0.41425689443392594
43431343,0.13633167519368947
43431344,0.09904118339805103
43431345,0.08587611271808819
43431346,0.15363824094549047
43424658,0.16242178291304912
43424659,0.09470765919742001
43424660,0.1117988564179609
43424661,0.1304862846796584
43424662,0.07053984605981954
43424663,0.0764997983984315
43424664,0.12804920606762824
43424665,0.09425736966514878
43424666,0.08801143096563929
43424667,0.0913115949984847
36979724,0.21756064118651494
36979725,0.2285143650002599
36979728,0.22856863359487725
36979730,0.9399460740775359
36979731,0.9740327948004429
36979732,0.2440595065899757
36979733,0.21694410999740213
37010817,0.11476941884107489
37010818,0.3979191362107803
37010819,0.08939116358411293
37010820,0.10904434143490406
37010821,0.10444985081539383
37010822,0.08710256730041671
37010823,0.11824380174856855
37010824,0.1022705534434528
37010825,0.09810158300467034
37010826,0.1348354090196916
43424768,0.08323246617055652
43424769,0.18701567774979397
43424770,0.09915105498191115
43424771,0.4802408334709794
43424773,0.36363399138775027
43424774,0.12026555715017877
43424775,0.11749112398809892
43424776,0.16061242834989517
43424777,0.09045737453616488
36976954,0.10031536417200017
36976955,0.13137088635065633
36976956,0.055745188146967245
36976957,0.27580786524097584
36976958,0.3283799376619455
36976959,0.17700834344473662
36976960,0.27137127440667885
36976961,0.2508353163509336
36976962,0.1541019502839189
36976963,0.26436364904361725
36979877,0.4682698586706228
36979878,0.21359939240494494
36979879,0.34180302749563757
36979880,0.2615931309407511
36979881,0.605997167637066
36979882,1.790572825416834
36979884,0.25715032773055657
36979886,0.1977314955265864
36994413,0.5835114793567896
36994414,0.35233706559124794
36994415,0.3782238230297351
36994416,0.8655603972258191
36994417,0.19749183228304085
36994418,0.3201306240274153
36994419,1.1187917859693846
36994420,0.4158760933481868
36994421,0.4874390702150485
36961633,0.18263870848133015
36961634,0.24917371922134343
36961635,0.2796182739015818
36961636,0.2538706640011353
36961637,0.6104015034462659
36961638,0.19430945800071941
36961639,0.13853573826241286
36961640,1.4809690024868791
43431093,0.07710373243022889
43431094,0.10750658792659333
43431095,0.08542525983351656
43431096,0.11103486503726823
43431097,0.4321332467197468
43431098,0.0810121577669324
43431099,0.4623607313578376
43431100,0.27678461398846044
43431101,0.1344404023275949
43431102,0.2325961119952898
43419883,0.1536298376716217
43419884,0.4868705420452535
43419885,0.3890467711456307
43419886,0.3818548055334236
43419887,0.3945214316472789
43419888,0.2519018365998359
43419889,0.4145843963929728
43419890,0.2637460707622007
43419891,0.4172056820227093
43419785,0.5861847522782175
43419786,0.18433656658737324
43419787,0.1316276197431512
43419788,0.19039845746220574
43419789,0.20391180888862123
43419791,1.7130057044460745
43419792,0.617051592878539
43419793,0.1465507181561648
43419794,0.17177367059541204
43428027,0.2942232566808245
43428028,0.2522662507648896
43426235,0.1909633580942765
43426238,1.3639778972491237
43426239,0.12329705777188528
43426240,0.1898875360469229
43426241,2.1201253689530923
43427222,0.30728378068744594
43427226,0.24170765192361068
43427227,0.6121148790597608
43427231,0.1239192565768515
43432238,0.1383781091648973
43432239,0.11502657741000215
43432240,0.1935435006552663
43432241,0.12282112956790323
43432242,0.10447980735181282
43432243,0.4430892409636514
43432244,0.6182432744723835
43432245,0.12793771621665703
43432246,0.14064125606489875
43432247,0.10093015527070168
36994422,0.7553230936643376
36994423,0.6713089964551312
36994424,0.28554305856387846
36994425,0.29496703492777393
36994426,0.0889280764101749
36994427,0.10337358108551498
36994428,0.09161456855377785
36994429,0.7858256218133887
36985728,0.11168532546775765
36985729,0.15985014238643924
36985731,0.6744266560288459
36985732,0.18627922005974193
36985733,0.26143809755754494
36985734,0.23540971907228908
36985735,0.35029062316831294
36985736,2.141277638313794
43428030,0.46988614138478907
43428031,2.0556004083242607
43428032,0.2896186984145726
43428033,0.45272108723352517
43428034,0.3564689532475963
43428035,1.5089137778062331
43428036,0.6112090119171367
43428037,0.46174056531001345
43428038,0.9581869821358207
43428039,0.3698658740885579
36977620,0.12911843662819872
36977621,0.33656425711600974
36977622,0.09251197042434404
36977623,1.1527743271117978
36977625,1.121679864197638
36977626,0.878605201194868
36977627,0.9909492584678955
36977628,0.1164254638831293
36977629,0.0911746817295071
43431959,0.15683023766088988
43431960,0.3275705076673491
43431961,0.15447915401669568
43431962,0.2925985988789999
43431963,0.8491519377805232
43431964,0.16742301383010322
43431965,0.43100137819102297
43431966,0.15420145340569397
43431967,0.725305361262134
43432390,0.49042974583868165
43432391,0.09504856973519459
43432392,0.2275633078966958
43432393,1.499758083269772
43432394,0.19264340224839865
43432395,0.19481267015427792
43432396,0.2909460571388413
36987355,0.26768438862032934
36987356,0.2807728655532096
36987357,0.41053047013851623
36987358,0.30261494547906365
36987359,0.28977820637573753
36987360,0.25586871215992474
36987361,0.2415117931550239
36987362,0.19890784851567195
36987363,0.666883194920361
43419723,0.3016794686620215
43419724,0.4651359184277543
43419725,0.2849232799626709
43419726,0.22628971773762305
43419727,0.21668031450904512
43419728,0.6208471392930434
43419729,0.20538377641625413
43419730,0.780270321734172
43419731,0.21925679740940593
43430630,0.23708895809277047
43430631,0.5152794841087279
43430632,0.2559925732771477
43430633,0.24325479945299722
43430634,0.2408958433648061
43430635,0.41743052130287545
43430636,0.2535772703273027
43430637,0.15910237409433134
43430639,0.1746495539577798
43429887,0.08545889974450567
43429888,0.08191840284209329
43429889,0.09754778545304955
43429890,0.07736479267305608
43429891,0.09378901162728434
43429892,0.08993307502371622
43429893,0.07191184765512207
43429894,0.06813478990115415
43419863,1.0941501668653915
43419864,0.1971495817967139
43419865,0.10685262451362057
43419866,0.09342544979419957
43419867,0.6518939561894838
43419868,0.47382439286421735
43419869,0.1776489350652441
43419870,0.08442291472162611
43419871,0.0975776920058165
43419872,0.08896878461208359
43429513,0.8721756823038598
43429514,0.3640065115928998
43429515,0.5165346046472785
43429516,0.48232313703768503
43429517,0.46840231188598974
43429518,0.5659685767740276
43429519,0.3913010052105122
43428485,0.27283973234080916
43428486,0.4020352299169873
43428487,0.6652910346190907
43428488,0.11878065668711779
43428489,0.2953341089019581
43428490,0.10749497907152544
43428491,0.11584246968912515
43428492,0.14311928793032427
43419921,0.08657957851991341
43419922,0.07539672020383952
43419923,0.09869394132225304
43419924,0.06569685024769535
43419925,0.06351809520682399
43419926,0.8393624256694356
43419927,0.8891224296012498
43419928,0.07191732301964876
43419929,0.11130847697457316
36960614,0.369241941230609
36960615,0.24695667619323294
36960616,0.22791961142329395
36960617,1.7127813335345985
36960618,0.3911989961238846
36960620,1.2301780853646758
43429937,0.2624989437097239
43429938,0.23447114491588672
43429939,0.4220508270974849
43429940,0.32889095774153104
43429941,0.2622573065143545
43429943,0.4606359594784815
43429944,0.18595433099596334
36971580,0.05641544724998109
36971584,0.059708769156258744
36971586,0.06410102331323429
36971587,0.0633343529982247
36971588,0.05837501430171461
36986902,0.3310795915166844
36986903,0.5326649830292023
36986904,0.4061168777352263
36986905,0.3061457160181642
36986906,0.3595757177013373
36986907,1.7347728416176114
36986908,0.34378032979491463
36986909,0.44212562129456584
36986910,0.3289328785549787
36986911,1.7372637414111614
36980296,0.17543951946878283
36980297,0.18248110770559176
36980298,0.16815703879980942
36980299,0.18188182279033804
36980300,0.1433244792970893
36980301,0.14503908917864122
36980302,0.1787348080231163
36979590,0.4056010598630563
36979591,1.0041990949389301
36979592,0.9251496585488553
36979593,0.4175485694183773
36979594,0.5299998677284539
36979595,0.35075293925340195
36979596,0.22939503793301536
36979597,0.3314125972497
36979599,0.13306964728009366
36975399,0.13775027546247937
36975400,0.19162632208137206
36975401,0.202711382824237
36975402,0.17930459898047413
36975403,0.13451581473712157
36975404,0.14065273974035755
36975405,0.10389892093514687
36975406,0.11600661866696718
36975407,0.1694264196198053
36975408,0.21922442687640276
36998631,0.07601623576402057
36998632,0.6540750961885706
36998633,0.06808196919340984
36998634,0.0745067311924738
36998635,0.44356948358203874
36998636,0.4252817026670231
36998637,0.4291414074237079
36998638,0.2901824492262741
43428970,0.1474372404762478
43428971,0.07362892316593822
43428972,0.33093384736621134
43428973,0.17215891514910256
43428974,0.1823869876553668
43428975,0.34346785703367966
43428976,0.13702517482063137
43428977,0.1101272124973666
43428978,0.37559921631486837
43428979,0.1232331031763799
43419649,0.5849041976331869
43419650,0.12226150307582577
43419651,0.1082086247751194
43419652,0.2268797989542847
43419653,0.08909022459490405
43419654,0.17453763870639938
43419655,0.11743037783145972
43419656,0.09542080779707135
43419657,0.29925675235824134
43430131,0.16303620458019438
43430132,0.2585836027538285
43430133,0.08911190704065465
43430134,0.10349438251792907
43430135,0.1014541395957341
43430136,0.24711447583840188
43430137,0.22427806968103725
43430138,0.25588027073648106
43430139,0.14282737235085088
43424884,0.6283910176276637
43424885,0.2351657353027156
43424887,0.27226189759540614
43424888,0.14766527274549704
43424889,0.25676892459610545
43424890,0.2937721698606651
43424891,0.13508289835915682
43424892,0.108393773106571
43424893,0.16481272495228091
43421759,0.1547149444662802
43421761,0.18550119495461834
43421762,0.20747059666721657
43421763,0.2490834960982369
43421764,0.07460144311242202
43421765,0.0974165556691336
43421766,0.2779783540361571
43427635,0.5275167934818445
43427636,0.3304194091897
43427637,0.46451968998993076
43427638,0.2948725781650847
43427639,0.636468189483791
43427640,0.48508986935496734
43427641,0.24769410680300263
43427642,1.1368274443735915
43427643,0.5573285515356078
43427644,0.3927917754918886
36982125,0.1706574583905945
36982126,0.15573713995877778
36982127,0.2184469660434835
36982128,0.2539843399630424
36982129,0.19134752878521252
36982130,0.16758572442302982
36982131,0.32930612895908606
36982132,0.18265402882539533
36982273,0.15472611571944567
36982274,0.04635498365613498
36982275,0.0954375693963394
36982276,0.6965466105808005
36982277,0.1616618238964301
36982278,0.0793727152720169
36982279,0.550849945828686
36982280,0.12319457734089156
36982281,0.2094585193293824
36982282,0.8155215137745766
43432351,0.13158848990897284
43432352,0.1883729971364018
43432353,0.1826502223250808
43432354,0.11548048174261297
43432355,0.0974823600864582
43432356,0.16796004238821075
43432357,0.2291821503946917
43432358,0.21411467907786114
43432359,0.33743544204496595
43432360,0.2509840108208445
43428870,0.18384822146048926
43428871,0.20692604119922708
43428872,0.2620879488586528
43428873,0.2884096771103354
43428874,0.17794140402760344
43428875,0.20725418768569043
43428876,0.19084932458689327
43428877,0.16939153728043346
43428878,0.103046791885103
43424343,0.2678368884214439
43424344,0.132396246433385
43424345,0.1252961895247598
43424346,0.2757894897455371
43424347,0.29009911530125154
43424348,0.25441853584777085
43424349,0.2117118631486962
43424350,0.1099157369262545
43424351,0.25179399578819217
43427241,0.17481031827962742
43427242,0.1362038338935293
43427243,0.172634588480673
43427244,0.1116966872533737
43427245,0.2017278529714296
43427246,0.2397424144065949
43427247,0.2149837298360333
43427248,0.30196281929808
43427249,0.44202251473374177
43427250,0.17570188491699706
43420799,0.20560123323279958
43420800,0.13130533508401257
43420801,0.5860145821640175
43420802,0.12825855621574037
43420803,0.3520179941557624
43420804,0.21917345354293047
43420805,0.09465399158826812
43420806,0.15228518335605043
43420807,0.3078873717598997
36985766,0.338867936024823
36985767,0.2817347318360849
36985768,0.22357814336805762
36985770,0.2624563556934614
36985772,0.1949871014926415
36985773,0.1347598603251466
36985774,0.1813609402782686
36965214,0.3056523960054088
36965215,0.3350427848906446
36965216,0.28720162983564634
36965217,0.1537013375931247
36965218,0.2295077918434246
36965219,0.19980076296542384
36965220,0.14475633642738284
36965221,0.17507848057169415
36965222,0.08675955383423375
43429998,0.5312872937065453
43429999,0.401214093835299
43430000,0.42384192692439804
43430001,1.3893764102375208
43430002,0.12988141996714916
43430003,0.3248843955605169
43430004,0.21813713203758905
43430005,0.4131930904261605
43430006,0.2855449365462713
43432456,0.25733104977716453
43432457,0.2467134147022082
43432458,0.33722841813431403
43432459,0.9689679294235274
43432460,0.21467695457020888
43432462,0.29614078502495883
43432463,0.17950216092789958
43432464,0.1937535032030172
43433143,0.4880105537189917
43433144,0.08670327607758141
43433145,0.11434174374346581
43433146,0.15926642897780477
43433147,0.17547848309817643
43433148,0.24268558720104047
43433149,0.17335893390532622
43433150,0.15301258783603103
36989413,0.2866286263341066
36989414,0.20491665207672735
36989415,0.15156345222301
36989416,0.5835863387372533
36989417,0.1864913754773965
36989418,0.5070797242129701
36989419,0.17609306213594125
36989420,0.9353002678445854
36985266,0.49857785364296153
36985267,0.22517290787050379
36985268,0.5553497973163268
36985269,0.4787280884710864
36985271,0.47463543403099345
36985272,0.212867501448579
36967299,0.18335528493384548
36967300,0.3055625114472648
36967301,0.1195901939194874
36967302,0.5976441841604758
36967303,0.22517006949380564
36967304,0.25762263175055716
36967305,0.1852643357713904
36967306,0.18325279628094404
36967307,0.3092909327074111
36967308,0.20611268612672326
36982218,0.22410530535911585
36982219,0.2299275135912047
36982220,0.2094186813795055
36982221,0.2554951705531806
36982222,0.19395278336726046
36982223,0.22531772253346452
36982224,0.20190226471443992
36982225,0.18287761820385826
36982226,0.2371382005181869
36983617,0.15424856738556314
36983618,0.145660749547819
36983619,0.16160359714736647
36983620,0.14491228030373288
36983621,0.1402905808072977
36983622,0.3424347709086427
36983623,0.13457324354006261
36983624,0.14721506650056884
43420107,1.0028399128696543
43420108,0.49524001025143755
43420109,1.1871832638986979
43420110,0.4702981446874078
43420111,0.5379621475212426
43420112,0.4269207412077011
43420113,0.3266454740316476
43420114,0.21392018532886933
43420115,0.28060565027475454
43420116,0.527823393594513
36975712,0.27537464938513884
36975713,0.3236536999076678
36975714,0.2547141288664199
36975715,0.13928571677189774
36975717,0.23677123654973944
43422096,0.542539514832389
43422097,0.4389994600562418
43422098,0.3998937849033379
43422099,0.7015990890244389
43422100,0.5501306605983648
43422101,0.6311178491756091
43422103,0.4323926454029201
43422104,0.32495823348473235
43422105,1.8752793660836262
36958774,0.22507555157666614
36958775,0.6002635554098198
36958776,0.18594761884161667
36958777,0.2658426702728742
36958778,0.28644749733644054
36958779,0.25938846719451275
36958780,0.3987883122030472
36958781,0.20972997932542636
36958782,0.514524602781954
36958783,1.5841386723002704
36956382,0.20781681129994917
36956384,0.6303483558940907
36956385,0.6052378260102643
36956386,0.2962157821539839
36956387,0.29236599353331105
36956388,0.39241005444790494
36956389,0.32061113477005077
36956390,0.43604405966954846
36956391,0.5374213976104638
43427104,0.18710148425058815
43427105,0.12303873997137059
43427106,0.08846370475325664
43427107,0.37466928522562015
43427108,0.08876552081523878
43427109,0.1430707983756463
43427110,0.3095281278785222
43427111,0.1293528899239801
37007594,0.5746430220769406
37007595,0.08317819178624006
37007596,0.6100905141069672
37007597,0.07281076996339837
37007599,0.2574871304233758
37007600,0.6835137988573898
37007602,0.08271815212380053
36979970,0.6944328693686833
36979971,0.23887097270590096
36979972,0.5981383435444833
36979973,0.5933339466350372
36979974,0.48973137838124803
36979975,0.5593472756988933
36979976,0.5425997954022481
36979977,0.24913955745155775
36979978,0.5656816842852342
36979979,0.6662036633822767
37013750,0.08169678119909667
37013751,0.15572745310071576
37013752,0.11414267663382753
37013753,0.09368702429805269
37013754,0.13980705581682643
37013755,0.08797829802341266
37013756,0.5447445776664259
37013757,0.11103735852624544
37013758,0.08960217760265166
36990010,0.1312370093263766
36990011,0.7773864820240286
36990012,1.051967633670306
36990013,0.14935239659173985
36990014,0.12225601151592436
36990015,0.1104383752274608
36990016,0.11592596247608765
36990017,0.9005656766257035
36990018,0.5347799227829505
36966733,0.20155421279310062
36966734,0.13697952081357928
36966735,0.0609114374975353
36966736,0.1434602652827868
36966737,0.059730195935691455
36966738,0.10801767700779813
36966739,0.16090772722520127
36966740,0.09517816326964781
36966741,0.11363275303586529
43427949,0.43794420835194653
43427950,0.6341847500391434
43427951,0.3032918493422283
43427952,0.47001173692893405
43427953,0.7439670923753765
43427954,0.27864026821027577
43427955,0.43266699945897374
43427956,0.46074372355128346
43427957,0.36284321726324986
43427958,0.517348517327809
43428040,0.24111373389880675
43428041,0.19459819382354632
43428042,0.12155828861354684
43428043,0.19119141408333457
43428044,0.19892360699468623
43428045,0.19929699803826387
43428046,0.13666783362120713
43428047,0.1173859416386674
43428049,0.06904209071824273
36955234,0.06409266264532198
36955235,0.15425378676199866
36955236,0.05646087521253418
36955237,0.0668059943347392
36955238,0.3473776073380529
36955239,0.11040012210233245
36955240,0.08075659441257646
36955241,0.09838969474843069
36955242,0.14275160892833796
36955243,0.20215116213894121
43428180,0.35249470571315783
43428181,0.4872916460581165
43428182,0.40453624029646307
43428183,0.7083990752412952
43428184,0.54959032151247
43428185,0.3374146959272428
43428186,0.3872569933817583
43428187,0.46438166018863125
43428188,0.5107210875774314
43428189,1.8700600294611098
43431358,0.17570742012857996
43431359,0.1945214339574275
43431360,0.22114183085791134
43431361,0.17019951669664732
43431362,0.21117043937446223
43431363,0.4543169936999434
43431364,0.17541188500821242
43431365,0.17814820821208724
43431366,0.11147709509135628
43431367,0.28529542966694643
43431569,0.23391257400652535
43431570,0.11165161960839849
43431571,0.25493488765330113
43431572,0.07571408527491266
43431573,0.1758883206221908
43431574,0.19613480788447965
43431575,0.2064573613564015
43431576,0.3290826578328722
43431577,0.15262022541923165
43422272,0.24954734788867863
43422273,0.14115505693697408
43422274,0.12816139532076845
43422275,0.10581085401161457
43422276,0.2270643576185641
43422277,0.2247221813151607
43422278,0.07236819249086868
43422279,0.22056790778778215
43422280,0.4066533359194649
36994836,0.2295353679439498
36994837,0.7176447304207424
36994838,0.19756590398853435
36994839,0.7657345470897065
36994840,0.2178314234212963
36994841,0.14605721184260897
36994842,0.6823056178031288
43421767,0.20067293750918486
43421768,0.1770281451571544
43421769,0.1775987661420637
43421770,0.388059267682837
43421771,0.1196855780960666
43421772,0.2645226851978666
43421773,0.2482819589336321
43421774,0.12599686989159445
43433009,0.25855895518806754
43433010,0.1795807565094979
43433011,0.22075441869974974
43433012,0.12255736766604612
43433013,0.09670853474165407
43433014,0.19901455206968457
43433015,0.09808889191462623
43433016,0.26550960128099255
43433017,0.11513804925519343
43426190,0.09231567840638351
43426191,0.10838206731633544
43426192,0.23939195087162188
43426193,0.24661196051987888
43426194,0.30563720380530396
43426195,1.0844567861357413
43426196,0.1492015729156829
43426197,0.7194467060574088
43426198,0.08469431428565302
43429446,0.17969489712700715
43429447,0.11083031261454945
43429448,0.5660526875520886
43429449,0.10067387979894087
43429450,0.07922205106253921
43429451,0.21109473783219462
43429452,0.10692227890552286
43429453,0.08253617016493253
43429454,0.08866503623103848
43422551,0.15373618355016697
43422552,0.09419257829809909
43422553,0.18180826320949725
43422554,0.11892796377441696
43422555,0.12462398921862779
43422556,0.3041325054688605
43422557,0.12451468894548054
43422558,0.09823806155475909
43422559,0.21102372080010726
43422560,0.1388825928869963
36979646,0.5311255763394085
36979647,0.22273850493596728
36979648,0.8267781342016413
36979649,0.22519727882609494
36979650,0.7840698152109593
36979651,0.29611473884878925
36979652,0.7389104323753378
36979653,0.14985003861987933
36979654,0.2272627656323023
36979655,0.46971569158090914
36994322,0.16600474752447955
36994323,0.1943158765801951
36994324,0.15296265292684427
36994325,0.3102528596394386
36994326,0.12658658653408855
36994327,0.13745683790557747
36994328,0.11266669879812874
36994329,0.22693306488481318
36994330,0.3798758092477501
36994331,0.927666270662494
36991874,0.08705534441279361
36991876,0.04888264621160968
36991877,0.08244256965041817
36991878,0.08563130046558892
36991879,0.08314355620832206
36991880,0.08461762382722852
36991881,0.09976730891355383
36980313,0.4536645989213166
36980314,0.4359643428819604
36980315,0.448705571153904
36980316,0.27434996836089703
36980317,0.3802716295688583
36980318,0.306590899860832
36980319,0.7045420648059393
36980320,0.2582041666654197
36980321,0.31453266077248254
36980322,0.2923066332058462
36983564,0.38677495493806335
36983566,0.3699836939649083
36983567,0.07363643330303205
36983568,0.22394993765468887
36983569,0.3002928291068195
36983570,0.14839426919705484
36975545,0.46531311847095735
36975546,0.2782442877664056
36975547,0.18619041006878362
36975548,0.33913182484072385
36975551,0.5336296371782283
36975552,0.28921785824441626
36975553,0.6502589351308914
36975554,0.23547652643628603
36978218,0.5670797338955336
36978219,0.5647005352872881
36978220,0.6971565606644027
36978221,0.4474464611682398
36978222,0.7293468816647153
36978223,0.803945352915118
36974642,0.18105464252370523
36974644,0.1347011096932272
36974645,0.05682782132923342
36974648,0.16450863573918334
36974649,0.13361099044682068
36973929,0.044615912735839654
36973930,0.045814576417615625
36973931,0.050918418811361554
36973932,0.05775985946476813
36973935,0.0527046610697057
36973936,0.05792276804576304
43419092,0.14422781607926288
43419093,0.8483518041176915
43419094,0.19463433094610538
43419095,0.21071069555245722
43419096,0.16963903429752294
43419097,0.9641959500631408
43419098,1.7816570245750594
43419099,0.19386031273272675
43429025,0.2006740628959989
43429026,0.39928344095951
43429027,0.38035563352424523
43429028,0.37469107979808913
43429029,0.17192540009233467
43429030,0.39364415947211767
43429031,0.37536342027980274
43429032,0.4173028874462087
43429033,0.2671061387751622
43424440,0.11169331017039597
43424441,0.4418898713096478
43424442,0.15718052069725225
43424443,0.43082950808232484
43424444,0.18335961060506129
43424445,0.6544628968863642
43424446,0.32659367505269726
43424448,0.3469701650343626
36983383,0.07609583214731643
36983384,0.06721587794685666
36983385,0.041552361979324375
36983386,0.03737259920598341
36983387,0.11271638273775061
36983388,0.053060567640516164
36983389,0.039216411526903534
36983390,0.10441006933958263
36983391,0.05763111996415232
36973763,0.20624660396827182
36973764,0.18172559998463073
36973765,0.48814207739534543
36973766,0.11996507488158896
36973767,0.4090742159708715
36973768,0.11901389083094542
36973769,0.25304287459667607
36954846,0.11085706299601189
36954847,0.12758415824144978
36954848,0.11313315432025609
36954849,0.09923521665627165
36954850,0.08553169467298596
36954851,0.12349182594608922
36954852,0.10890695344411215
36954853,0.10647969371528646
36954854,0.12451859527364048
36954855,0.10671224164438274
36963623,0.43525293891219463
36963624,0.2317294566292923
36963625,0.2662428049271312
36963626,0.29834964463979663
36963627,0.25735055155180114
36963628,1.3195903407186131
36963629,0.22800972963478014
36963630,0.27952888910207535
36963631,0.338592610281157
36960239,0.039246151906034366
36960240,0.13228045192318097
36960241,0.09320287421524764
36960242,0.11415467905893785
36960243,0.08297633930282233
36960244,0.06690962431557322
36960245,0.08129987444962382
36960246,0.04420652962658316
36960247,0.19042297533881694
36960248,0.07007189850307638
43424294,0.19023322302474985
43424295,0.19832520919786192
43424296,0.19248537097083934
43424297,0.2975235484092587
43424298,0.2563746272839959
43424299,0.19583121688079214
43424300,0.14131855248738284
43424301,0.19693733709212435
43424302,0.2567115855455382
43429007,0.2782121542918167
43429008,0.12456522016687277
43429009,0.19595215204687325
43429010,0.18471612029547407
43429011,0.10021320913595994
43429012,0.19269678308613664
43429013,0.1468036965021518
43429014,0.8272074805472966
43429015,0.12298768046249056
43429016,0.06803461685471518
36980777,0.2757181412663748
36980778,0.34088712483124
36980779,0.12463938875506386
36980780,0.1819572922767667
36980781,0.4436322032431248
36980782,0.2840415012090926
36980783,0.14667752650969046
36980784,0.2299028244370947
36980785,0.4719387201849082
36959120,0.18714168687081212
36959121,0.17416664344377253
36959122,0.3284603441201384
36959123,0.35782116661434515
36959124,0.21118867771057293
36959125,0.12373016319791066
36959126,0.2778092982410362
36959127,0.18477764687906045
36959128,0.12847088968665638
36959129,0.3245323321545698
43424596,0.12351142161031808
43424597,0.3414666387168723
43424598,0.09236322409542645
43424599,0.10337785874086591
43424600,0.16461837143600722
43424601,0.0892564406349431
43424602,0.1288300798577724
43424603,0.09438098011314894
43424604,0.10519548464180171
43424605,0.08246923395127576
36955549,0.222793360208369
36955550,0.2684852794532526
36955551,0.14108124610487335
36955552,0.1268436562604278
36955553,0.1619630984122973
36955554,0.18640955194929223
36955555,0.1257147644052638
36955556,0.25608782180334
36955557,0.19805595602163287
36955558,0.3032655272978421
36985966,0.557633196848557
36985967,0.635679198482873
36985968,0.772304992560704
36985969,0.5561090567174626
36985970,0.6025677235766791
36985971,0.44704589223099284
36985972,0.5312612752689166
36985973,0.7417438777676867
36985974,0.2775212008113682
36985379,0.35628248308741944
36985380,0.4775910726799754
36985381,0.9110260023010289
36985382,0.3332754963133895
36985383,0.2312609970964943
36985384,0.6116618321638528
36985385,0.9234820092384858
36985386,0.40450231230005024
36985387,1.0034529465669093
36989462,0.28645410121057013
36989463,0.2688333261936619
36989464,0.2771464576009001
36989465,0.7313633181955959
36989466,0.39556306849284023
36989467,0.3063297186515506
36989468,0.2548005514184752
36989469,0.180674476794966
36989470,0.2883092955367503
36973569,0.10826675997665777
36973570,0.9293546176208592
36973571,0.16822727545262608
36973572,0.12406463940309814
36973573,0.10857717108437047
36973574,0.2084113009959923
36973575,0.10512807429394078
36973576,0.1119311168632648
36973577,0.10470645231616958
36957252,0.2613693568475401
36957253,0.21212116977351067
36957254,0.20980797353928246
36957256,0.16233468232947112
36957257,0.2809457866766289
36957258,0.20074401302834283
36971129,0.0711308683666522
36971130,0.08023294246833337
36971131,0.06732516100223256
36971132,0.07416009139228404
36971133,0.07086881275796354
36971134,0.08399910727737257
36971137,0.15261413543812985
36971138,0.09674110524784356
43430886,0.20959001895165538
43430887,0.16932822142970802
43430888,0.2484112181668469
43430889,0.15519239233314194
43430890,0.39559065936495375
43430891,0.2301867797895488
43430892,0.06886312193469574
43430893,0.12674507086352513
43430894,0.1581869093761191
37013516,0.18578666113988807
37013517,0.26832672672207564
37013518,0.37588544937927376
37013519,0.14199464882779042
37013520,0.18636811990734478
37013521,0.36279023749466005
37013522,0.17856020227036082
37013524,0.1753650796892245
37013525,0.16178285339936094
43419585,0.21202541146401105
43419586,0.1661987696993949
43419587,0.10713436920801252
43419588,0.12088622065170558
43419589,0.24298045257389217
43419590,0.07312994456505603
43419591,0.219714619815065
43419592,0.08588864180468547
43419593,0.22970773565640415
43419594,0.1650880250549545
36998357,0.13531061233426675
36998358,0.12382681426944317
36998359,0.10722910090358513
36998360,0.11020670441894216
36998361,0.06052207621395907
36998362,0.10212389450106579
36984984,0.40884219015731016
36984985,0.3858908294873123
36984986,2.1863022235613694
36984987,0.2528010614636757
36984988,0.32407187162865553
36984989,0.15519946919778355
36984990,0.20293986812308012
36984991,0.6822787861655022
36984992,0.6333692022563715
36984993,0.7693242163212536
36981857,0.37278116506593045
36981858,0.22622426999436748
36981859,0.7638469054661577
36981860,0.141417526819011
36981861,0.35330539998270605
36981862,0.3123752975122772
36981863,0.21278234675738153
36981864,0.2941464034092724
36981865,0.9179618055215724
36981866,0.22976847750695453
36967789,0.13467287883225748
36967790,0.3220126556133861
36967791,0.42160078336467255
36967792,0.3219024431088519
36967793,0.26466355857538904
36967794,0.18146043695187025
36967795,0.2821445077253422
36967796,0.8418396371481653
36967797,0.36262435696200257
36967798,0.3394100002536841
43421168,0.32704350037585256
43421169,1.4388690038419183
43421170,0.39165908386422854
43421171,0.3470836930924035
43421172,0.8841370854305263
43421173,0.4231720942466274
43421174,0.17822521133086405
43421175,0.2382054349188286
43421176,0.7000572971034487
36982665,0.14824117254399052
36982666,0.1635055369331245
36982667,0.17697130367354075
36982669,0.19503180270272588
36982670,0.19659016247513314
36982671,0.1412252332429662
36982672,0.19099788451793454
36982673,0.10735213626459525
43425918,0.21911748954622695
43425919,0.7874597763816372
43425920,0.1137639483096882
43425921,1.1033049595990156
43425922,0.35687601814896286
43425923,0.23096209308181506
43425924,0.14158086190100883
43425925,0.7001508887549398
43425926,0.35545887377903906
43425927,0.3563280421351816
36965604,0.22762483705880807
36965605,0.14483910130524744
36965606,0.14406284905092895
36965607,0.236901578533716
36965608,0.6216813682568236
36965609,0.9070949263503801
36965610,0.41797502517300333
36965611,0.2854829482187164
36965612,0.23365970965790742
43430920,0.8301581175610437
43430921,0.22935276984203035
43430922,1.382716962992152
43430923,0.9109006784062714
43430924,0.4975787752587655
43430925,0.9175541713681696
43430926,0.4180956221533764
43430927,0.2755046692224197
43430928,0.546538770737708
43430929,0.30253953374417014
36973321,0.08045267987293368
36973322,0.18115332902395154
36973323,0.10681099315288868
36973324,0.09754824337542768
36973325,0.09891328915209613
36973326,0.15278070038212194
36973327,0.07306955891560661
36973328,0.1344627712413337
36973329,0.15115430580282943
37010729,0.23029500621711035
37010730,0.33258960135378607
37010731,0.22561460906580952
37010732,0.18111686600688262
37010733,0.2619641167730498
37010734,0.18929400100015184
37010735,0.23876315325446806
37010736,0.06037667007631417
37010737,0.2769448097574204
36978761,0.15195429267158717
36978762,0.26675858685269394
36978763,0.24317819607592245
36978764,0.1900843344979814
36978765,1.0879045914224859
36978766,0.35621255815141234
36978769,0.3175553586819398
36978770,0.2543635601935439
36964980,0.6628921109249808
36964981,0.9222689029859144
36964982,0.45628478249688187
36964983,0.22983623864083425
36964984,0.13357303883167776
36964985,0.13429996954067513
36964986,0.15082836647141426
36964987,0.18473620111828945
36964988,0.3079103561375765
36979241,0.20513149050538174
36979242,0.41701609542658
36979243,0.4116087334910919
36979244,0.26697716062655813
36979245,0.32583068720800484
36979246,0.5197479616958047
36979247,0.21493114734307736
36979248,0.22488863467922765
36979249,0.3860595385222711
36979250,0.4274011173736704
36987981,0.6950091877174595
36987982,0.12535012451544109
36987983,0.1473408817738944
36987987,0.12853919573802564
36987988,0.16034779478778532
36957900,0.9688219471422441
36957901,0.18606094166081844
36957902,0.2898381718709664
36957903,0.12886784548968055
36957904,0.13617415636624125
36957905,0.355725600673811
36957906,0.5102727390749778
36957907,0.1564391131150568
36957908,0.27253846512974145
36957909,0.7352065406363347
36969371,0.24741541309989595
36969372,0.13450138816467486
36969373,0.20791859484909095
36969374,0.10418118562615974
36969375,0.12840595425474233
36969376,0.18564734113504913
36969377,0.5630169924496626
36969378,0.17629507867728225
36969379,0.29917650653570704
36984547,0.688635795317083
36984548,0.5757091705400706
36984549,0.3546048457582191
36984551,0.5974634032323392
36984552,0.055055732870238745
36984553,0.24212476626519866
36984554,0.15004805866110846
36984269,0.31774166516452823
36984270,0.14203593672297907
36984271,0.24259640483340453
36984272,0.21342826299931048
36984273,0.32505340552569784
36984274,0.1617663790993121
36984275,0.10719433674319179
36984276,0.1915709344792462
36984277,1.3724528670528924
36984278,0.6891208944078314
43430465,0.20180377340656944
43430466,0.2942855192340387
43430467,0.9969713947890022
43430468,0.5244060758986469
43430469,0.3679144951972837
43430470,0.4285489310378208
43430471,0.7445578131203989
43430472,0.34748034550167384
43430473,0.34765816032695973
36961248,0.19299672666280487
36961249,0.4659603351744764
36961250,0.2552152355345869
36961251,0.32975061636985714
36961252,0.29201823133969806
36961253,0.6799138418945192
36961254,0.4370988232966915
36961255,0.22547353010309734
36961256,0.18118658818310332
36958147,0.09115800758724123
36958148,0.26983247979234065
36958149,0.1360397471027135
36958150,0.25495624191370025
36958151,0.12717953006684032
36958152,0.2715044410274451
36958153,0.17836441281976648
36958154,0.35225188371632166
36965698,0.29201904055741623
36965699,0.22418007972798792
36965700,0.21274946638140133
36965701,0.2164271386668767
36965702,0.24685045240337491
36965703,0.19246488356456254
43427251,0.5877695880733402
43427252,0.38552533512762965
43427253,0.9879763763638588
43427254,0.38966473688161923
43427255,0.5224606906649667
43427256,0.324930367569437
43427257,0.7018288171171922
43427258,0.734147961494437
43427259,0.5411123247518508
43427260,0.5461952315254143
36976440,0.21280195044976097
36976441,0.06880692410633409
36976442,0.09075792372391095
36976443,0.11462309558604389
36976444,0.09428551748480936
36976445,0.07706637950580947
36976446,0.32942377536248363
36976449,0.08501011938189229
36957947,0.14975839959780263
36957948,0.1173176901827263
36957949,0.11580935816749584
36957950,0.5025869192323227
36957951,0.13319406644121637
36957952,0.15102054127394393
36957953,0.15011173391576293
36957954,0.3444863448880889
36957955,0.21451170324571867
36965177,0.20770174521013238
36965178,0.1752311634768469
36965179,0.13201662298408487
36965180,0.1374626881615548
36965181,0.2778902648784839
36965182,0.11864332983583087
36965183,0.20303285654038614
36965184,0.09769799935403545
36965185,0.10781445923336416
36965186,0.21406586086377755
36956010,0.4292168061396923
36956011,0.12964061413756947
36956012,0.49544781669063864
36956013,0.17455046296003884
36956014,0.12741504032380038
36956015,0.18207075875395945
36956016,0.2082919446988275
36956017,0.520553626239978
36956018,0.15429758108092476
43424028,0.7694720017774502
43424029,1.6427085698018875
43424030,1.3753849338910047
43424031,1.4048096878678824
43424032,1.2722019374544866
43424033,0.380406075649991
43424034,0.8531498109223193
43424035,0.20263806279490576
36983641,0.2707099492582158
36983642,0.9701400012924668
36983644,0.13592291740971763
36983645,0.14561779195817456
36983646,0.3240308057520548
36983647,0.1513472845697496
36983648,0.2390232176065358
36983649,0.1275184504088702
36983650,0.049992773009208256
43427373,0.4594507462770591
43427374,0.45661068170566943
43427375,0.5044177247777303
43427376,0.6200777237506204
43427377,0.34355028200285354
43427378,0.9968033303688634
43427379,0.35717355480869906
43427380,0.7149116241605817
43427381,0.53238855677513
43428343,0.5001014824984238
43428344,0.607605448123021
43428345,0.26014238642228366
43428346,0.20435228025405744
43428347,0.7455007710303839
43428348,0.2579249597248192
43428349,0.29035895494388414
43428350,0.101606794693951
43428351,0.9792074924513327
36957686,0.08135780678710455
36957687,0.08474922688689143
36957688,0.07251034169544111
36957689,0.06919518392860444
36957690,0.07491779567674531
36957691,0.06580935721633428
36957692,0.983074013042948
36957693,0.09629070467721736
36957694,0.15448297481303014
36957695,0.13469878564007953
36981559,0.12388243732789646
36981560,0.08611073515283545
36981561,0.09394076459298709
36981562,0.096617758341214
36981563,0.1129658672295466
36981564,0.09619142090752365
43426392,1.83210056065091
43426393,0.340503115993095
43426394,0.37872301506825257
43426395,1.0597500627205578
43426396,0.3662796557691372
43426397,0.4186171439004228
43426398,0.4644197067220671
43426399,0.7286462911267996
43426400,0.5563886607546386
43426401,0.4967015678802984
36965858,0.25199960448967756
36965859,0.2860949106777908
36965860,0.4687717929655663
36965861,0.6553219222526762
36965862,0.8860469026355957
36965863,0.4485698787865203
36965864,0.26682147204103085
36965865,1.0210307869150028
36965866,0.40712803455525576
36968318,0.07423461335537657
36968319,0.1262236249235841
36968320,0.2020288603217962
36968321,0.06708488094785005
36968322,0.08654531479743648
36968323,0.08039294492657986
36968324,1.2771029064520942
36968325,0.12487976181740873
36968070,0.08214937611154342
36968071,0.11567066842014898
36968072,0.10962760455796512
36968073,0.14955725785408758
36968074,0.10292071569869932
36968075,0.14052933572471926
36968076,0.1227649744254705
36968077,0.5499118702806989
36973972,0.11017120223616227
36973973,0.19351633061431814
36973974,0.1624250348468277
36973975,0.19031911113297031
36973976,0.08940091369659854
36973977,0.2238637585426748
36973978,0.10175792457589408
36973979,0.1876580371595467
36973980,0.28286799863738105
36973981,0.18527973267931402
36973796,0.34899122041946645
36973797,0.21157773453061499
36973798,0.17569971288167305
36973799,0.14159129229119766
36973800,0.075653208404149
36973801,0.586617156784928
36966093,0.12915418918293872
36966094,0.12132648534265164
36966095,0.39065833385483384
36966096,0.11734868863843499
36966097,0.33234213920544936
36966098,0.19135112893525055
36997823,0.13897089811023894
36997824,0.14006525710401663
36997825,0.11390065698039152
36997826,0.16648671241447313
36997827,0.12301916116106379
36997828,0.16669730211666403
36997829,0.12561849917967913
36997830,0.24060067008516273
36997831,0.12554209497857777
43431323,0.0855476748298752
43431324,0.15839868625502995
43431325,0.17548783214514319
43431326,0.08518914994272633
43431327,0.335342458143282
43431328,0.2190556038524248
43431329,0.3410488510799791
43429804,0.16685363798536254
43429806,0.34608549019264995
43429807,0.10411029338398224
43429808,0.1772450255343071
43429809,0.1737245789779461
43429810,0.13056634770838937
43429811,0.18130626304703673
43432298,0.1403617440055433
43432299,0.22163890868520897
43432300,0.2633925205139399
43432301,0.2904718066493665
43432302,0.20671891900365374
43432303,0.28204733447352826
43432304,0.22568975737449862
43432306,0.2821969856410526
36975657,0.06732848486096783
36975658,0.07301679758594007
36975659,0.09125325212833993
36975660,0.1267494344997612
36975662,0.0704520165351989
36975663,0.06714720644694955
43427094,0.35251794665660957
43427095,0.10918054519332461
43427096,0.3055906966947494
43427097,0.12470417966036713
43427098,0.29134259604491847
43427102,0.3318354173763131
43427103,0.3589237086758039
37009014,0.04141820083142792
37009015,0.044554835412211
36988026,0.05063927050265006
36988028,0.05177816704364398
36988031,0.12773901227015902
36988032,0.054355098301645505
36988033,0.059270738718914584
36988035,0.06222636540505866
36970107,0.12708184553588028
36970108,0.19158207136093477
36970109,0.24247549782840574
36970110,0.2071002552319824
36970111,0.18524880017860654
36970112,0.17491821145607098
36970113,0.11389429967812087
36970114,0.20060779588116823
36970115,0.15969103375213903
36962063,0.6177292505685764
36962064,0.4142045458073494
36962065,0.35072545015377904
36962066,0.5365508318924922
36962067,0.49204303528679505
36962068,0.22298947839856478
36962069,1.237420032484585
36962070,0.15542766667844862
36962071,0.7456128583406921
36962072,0.09221504994774538
36973408,0.096137909321726
36973409,0.10140340155310992
36973410,0.04966418632331259
36973411,0.07616501666468227
36973412,0.050229835357836955
36973413,0.06201474819161565
36973414,0.11695186696212467
36973415,0.05310389781037161
43431187,0.15719573106468704
43431188,0.19220920132743183
43431189,0.3190627612279077
43431190,0.2392085110312448
43431191,0.28204381152822583
43431192,0.4666776873662843
43431193,0.1339254705871636
43431194,0.14072936884530546
43431195,0.3878057521242597
36972639,0.10803059636224903
36972645,0.11820571634274205
36972647,0.09585315143959267
36994792,1.2570290441376115
36994793,0.254515423218841
36994794,0.07955890147161929
36994795,0.46868956827290065
36994796,0.16213196815101527
36994797,0.47377124568547485
36994798,0.939526420315407
36994799,0.13680916422316933
36994800,0.20321739326339544
36994801,0.08147805710760551
37012002,0.2905512585634984
37012005,0.21123424577451103
37012007,0.2050254399015968
37012008,0.29945384649619644
36995376,0.23886443257952755
36995378,0.7928082360560577
36995379,0.3778958810991495
36995380,0.4140176337204539
36995381,0.23769225967998414
36995382,0.3906675486735461
36995383,0.3462517713596208
36995384,0.2607085401538804
36995385,1.3719635906320293
43423879,0.1581847503088171
43423880,0.6146760763783342
43423881,0.312952250540314
43423882,0.5115615587670497
43423883,0.2495166051462094
43423884,0.2560474407347398
43423885,0.26806638115924764
43423886,0.4667242387812479
43423887,0.179683061551156
36991949,0.1141759337848403
36991950,0.14815554027624153
36991951,0.18074462617070441
36991953,0.11249006442755696
36991954,0.19914931217650864
36991955,0.11296474226122646
36991956,0.18299571080331756
36991957,0.15676532353799205
36991958,0.19583287373758787
36995731,0.2612134598435277
36995732,0.4225411338269338
36995733,0.22684596345873068
36995734,0.16141887899600743
36995736,0.2613311665952346
36995737,0.33253314735208517
36995738,0.4897825618873578
36995739,0.2607700577741078
36995740,0.378676164787716
36986565,0.26643103507849747
36986566,0.23012023118366362
36986567,0.18509186029118788
36986568,0.19111776843266776
36986569,0.2234074822819208
36986570,0.2305857794494962
36986571,0.28130721185483987
36986573,0.06764940680270368
43421594,0.4959072998454478
43421595,0.2864012034734385
43421596,0.29802028541317316
43421597,0.48732684146870675
43421598,0.3956237030532652
43421599,0.3608436264746161
43421600,0.2590807597197014
43421601,0.613813838144811
43421602,0.31966725923711686
43421603,0.5430262714478904
43432132,0.2227643230830359
43432133,0.2909252647709976
43432134,0.36392775331714095
43432135,0.28042590324063427
43432137,0.346350664579867
43432138,0.28651823452673336
43425646,0.20396690764058428
43425647,0.20408080068940893
43425648,0.4969817798725158
43425649,0.3217242987817133
43425650,0.22985967391960926
43425651,0.5226009949679411
43425652,0.4169954537583419
43425653,0.1048657419705623
43432002,0.19029369788518094
43432004,0.19030910452210506
43432007,0.19167113890325754
43432008,0.21066178051263648
36981178,0.8339007551137172
36981179,0.30337072351213007
36981180,0.4849080847232736
36981181,0.28136070419594444
36981182,0.5235713852749948
36981183,0.5456999504088283
36981184,1.0275828798105948
36981185,0.9822914428000605
36981186,0.318092843955532
36997272,0.22702960155872223
36997273,0.17975213721484756
36997274,0.18409950219883908
36997275,0.2499036897365952
36997276,0.18352627734289353
36997279,0.18620599769031967
36997280,0.2199635553629554
36978061,0.6978295515340409
36978062,0.7843145833607712
36978063,0.22260784103513553
36978064,0.8545952085695174
36978065,0.3987715868051421
36978067,1.3089982174835315
36978068,0.2651723590237435
36978069,0.31348747101951424
36978070,0.2878845420038326
36996937,0.3829319705321143
36996938,0.6159599584590877
36996939,1.1062025094802954
36996940,0.514671301322446
36996941,1.7823421753126902
36996942,0.32271166900942694
36996943,1.6764790490104609
36996944,0.37963479383762927
36996945,1.5679971942024469
36996946,1.6690805388339252
36991656,0.09892534366344877
36991657,0.11034437449214775
36991658,0.10356830382762959
36991659,0.185964174099325
36991660,0.16849317619972626
36991661,0.07922701143386596
36991662,0.1571472310595956
36991663,0.28304068562091667
36991664,0.14541649506662396
36991665,0.13956392443510068
36959613,0.08172094118548785
36959614,0.08488205882927417
36959615,0.10074434751372571
36959616,0.08466740375713196
36959617,0.0955733975584444
36959618,0.08408507269564333
36959619,0.09400118373558627
36959620,0.16526798691963446
36959621,0.10992932540305955
36959622,0.10951435749316968
36962616,0.7960837713137503
36962617,0.7322774795220889
36962618,0.46151941770736205
36962619,0.15234949221172372
36962620,0.7581675654774472
36962621,1.2873917236876251
36962622,1.157562688344095
36962623,0.8840045910502851
36962624,0.4058154593917563
43418911,0.16970626790136517
43418912,0.12628241222226647
43418913,0.1451603463570071
43418915,0.12311087996639489
43418916,0.1516337207571103
43418918,0.1610948329562302
43418919,0.15656229213208978
43426052,0.1061708663276802
43426053,0.07956859640488513
43426054,0.08417322236172929
43426055,0.0746725657267085
43426056,0.08547599353012063
43426057,0.07499230024511526
43426058,0.15159129201177637
43426059,0.09977428608157668
43426060,0.1648644678625756
43424046,0.25803530436899325
43424047,0.21618093989343767
43424048,0.5780262632194965
43424049,0.6930691700850411
43424050,0.3427631476042054
43424051,0.49249467368829336
43424052,0.22946196724649406
43424053,0.12471339523910212
43424054,0.25152223141304403
43424055,0.5318507414299567
43420433,0.148035315168826
43420434,0.1332263788538866
43420435,0.1427419726087688
43420436,0.16350631732223084
43420437,0.28374222831997503
43420438,0.3947024786741662
43420439,0.1761214411635914
43420440,1.088548570481642
43420441,0.1530024585652624
43420442,0.36428405347605675
36971165,0.09855774242126811
36971167,0.17351513793349368
36971168,0.18049059432538953
36971169,0.10121495007047875
36971170,0.11429727335727466
36971171,0.1557971592703278
36971172,0.081859392006889
36981093,0.9169008246095779
36981094,0.09118527180006157
36981095,0.8171200632100933
36981096,0.380951959074505
36981097,0.2627215880108583
36981098,1.3034600527967917
36981099,0.4709479772508154
36981100,0.09674844438546747
36981101,0.4013922499353689
36970551,0.11507436364796869
36970552,0.09356928401949836
36970553,0.09453978611729615
36970554,0.09362776047600724
36970555,0.08923530502228308
36970556,0.11103937862830073
36970557,0.13095754579940302
36970558,0.09655516246270587
36970559,0.11120185690309548
36970560,0.16076113532629502
36992109,0.46638571824118924
36992110,0.6960455621377882
36992111,0.2435988287228607
36992112,0.45049401456024424
36992113,0.3652245735790598
36992114,1.4184327662119955
36992115,0.24522229431366976
36992116,1.617495716013828
36992117,0.2621979615926273
36992118,1.6345683821947312
43430224,0.2941709749139042
43430225,0.2806392585837837
43430226,0.2987108293839327
43430227,0.5077436868617945
43430228,0.15743882251415997
43430229,0.3227475407477337
43430230,0.2607094988844919
43430231,0.40549686619118874
43430232,0.3525389774760395
43430233,0.14174911892175324
36972443,0.12662374211327423
36972444,0.4979446388489093
36972446,0.3307245781834089
36972447,0.09069125421091077
36972449,0.2875749908493591
36972450,0.14955759102313085
36962471,0.09555242226891693
36962472,0.19077759056402996
36962473,0.4202581321077623
36962474,0.30049504375909264
36962475,0.22304349552232486
36962476,0.30674951873933326
36962477,0.2474441682120166
36962478,0.5560539067787216
36962479,0.6749824141078206
36978531,0.2121852850485723
36978532,0.059687526446111465
36978533,0.25926488632916866
36978534,0.07415207948041767
36978535,0.05304986636653413
36978536,0.053513152210305164
36978537,0.061242534145571584
36978539,0.2117667312956435
43429096,0.04754600947960493
43429097,0.22233338048212747
43429098,0.06440345523099078
43429099,0.0983830671413344
43429100,0.045796690066087976
43429101,0.5622984774845414
43429102,0.2559786600784544
43429103,0.0817954049770551
43429104,0.06419073897078748
43429105,0.04606926122654013
36977024,0.1291905615931696
36977025,0.1075895449099123
36977026,0.17586159646223995
36977027,0.15804121730383908
36977028,0.11357289003757692
36977029,0.21037408101747523
36977030,0.28599414077872454
36977031,0.18163290175941146
36977032,0.40430146320846433
36977033,0.22625137134968357
36997522,0.16191110582235824
36997523,0.15986899466852422
36997524,0.6711546122542056
36997525,0.18831652286475803
36997526,0.1946072221931869
36997529,0.10472892031164703
43422458,0.34703124985469336
43422459,0.15051957732521434
43422460,0.1485210460762953
43422461,0.3786415267108223
43422462,0.3848361798881686
43422463,0.3744399803718213
43422464,0.4088855870928193
43422465,0.5308749195563927
43422466,0.23061050595852312
36984289,0.18110396328233566
36984292,0.14409829103567712
36984293,0.18694018036974996
36984294,0.15872923024727384
36984295,0.137429215022962
36984297,0.18661539204183067
36968164,0.13485352427795386
36968165,2.280722857194651
36968166,0.27711608191887016
36968167,0.4432872349888181
36968168,0.11779158996050815
36968169,0.2442648854125536
36968170,0.08581989533421974
36968171,1.3359947967014338
36973639,0.06971211033825882
36973640,0.11352186114909438
36973641,0.13275312034242517
36973642,0.10022981855091777
36973643,0.0840889806034065
36973644,0.08202304004857452
36973645,0.07639769291927888
36973646,0.09415607011353318
36973648,0.11441837086792526
36982911,0.17273083604608339
36982912,0.06401009097358239
36982913,0.22296706196113925
36982914,0.08964881625666928
36982915,0.0869346295035004
36982916,0.07760997948573817
36982917,0.05699363264383903
36982918,0.3394872750756336
36984756,0.08185702767165154
36984757,0.11350623939175951
36984758,0.08525401590410367
36984759,0.0711867822459106
36984760,0.07730857596513496
36984761,0.07421735799040846
36984762,0.11071394867790689
36984763,0.09414858152122682
36984764,0.08872407688297156
43429723,1.225637709947707
43429724,0.6814739018207632
43429725,0.5102986709945395
43429726,0.6592970674225023
43429727,0.21454965362043185
43429728,0.39288728024579017
43429729,0.11196950968665065
43429730,0.9067421533185116
43429731,0.1042760466471773
43429732,0.2635479036116296
36975067,0.1473639390585101
36975068,0.1413787971125484
36975069,0.07347900115920947
36975070,0.07628498708827952
36975071,0.21235166050624146
36975072,0.11367006083528329
36975073,0.06173381964272088
36975074,0.06972566771418187
36975075,0.17746946836832203
36995684,0.1356527769978006
36995685,0.12726886524824624
36995686,0.11435138353982903
36995687,0.12168340716470662
36995688,0.13699441516250596
36995689,0.1468198510831519
36995691,0.14896609925544224
36995692,0.12806987611397183
36998596,0.118684590945723
36998597,0.1445206754701768
36998598,0.14515896725588487
36998599,0.14530046502158134
36998600,0.12150376838290682
36998601,0.10654622794662512
36998602,0.13901937534693704
36998603,0.1442025959554324
36998604,0.12712070137057857
43430736,0.2020064140033981
43430737,0.12313807959038633
43430738,0.1373026243375021
43430739,0.46672063910902234
43430740,1.0646801852615533
43430741,0.10338473219104291
43430742,0.8683912626023583
43430743,0.12514455713181488
43430744,1.6064718568404257
43430745,0.39353562027401595
43431303,0.27392746048528877
43431304,0.3509695104212916
43431305,0.29164464543891266
43431306,0.38930511846363625
43431307,0.7555813546249074
43431308,0.2478320735043396
43431309,0.4085824912231102
43431310,0.3154035408270739
43431311,0.34294171648598515
43431312,0.2242536659990289
43425964,0.18056032299400998
43425965,0.1122037928594642
43425966,0.5215629989705307
43425967,0.24726070582775492
43425968,0.1015194361718411
43425969,0.5874270746802406
43425970,0.48843609136476396
43425971,0.23035132904666736
43425972,0.2085007664374424
43428539,0.3022602299219029
43428540,0.1841870218006784
43428541,0.419530443328018
43428542,0.4333080623165895
43428543,0.6306673826401114
43428544,0.198031781149349
43428545,0.16478096983061588
43428546,0.2687006699064681
43428547,0.2806552803146797
43430337,0.3504971215028358
43430338,0.3955915104091189
43430339,0.09798168897630231
43430340,0.24168633278182672
43430341,0.2073160726128327
43430342,0.4156626464440094
43430343,0.5346581697314435
43430344,0.1938775249024725
43430345,0.5079070634040221
43430346,0.09430574634720977
43422635,0.49834244475865447
43422637,0.3828134176035084
43422638,0.8940622974897185
43422639,0.2965661708909283
43422640,0.21194564949466915
36988795,0.1868924316578395
36988796,0.29554485213949583
36988797,0.09837090234797272
36988798,0.0857679661216068
36988799,0.19973909224205058
36988800,0.06730340752870563
36988801,0.10024256714564321
36988802,1.5282214053186982
36969676,0.042458511067503944
36969680,0.04489986736347481
36969683,0.04248518963042618
36966923,0.45634571623321074
36966924,0.045623556568735485
36966925,0.09686838248107522
36966926,0.3492393951283286
36966927,0.06346059377857478
36966928,0.057214749371260566
36966929,0.047355273343575595
36966930,0.7174156166856803
36966931,0.2647816495032048
36966932,0.057420845800683414
36969651,0.21881964262463144
36969652,0.23784271885417585
36969653,0.07461715919885448
36969654,0.06708492946087297
36969655,0.17545335682526347
36969656,0.13020546733352592
36969657,0.08441296608127122
36969658,0.18360362599932628
36960649,0.23265104119382218
36960650,0.26958730455337243
36960652,0.2280725581423104
36960653,0.27637836010295386
36960656,0.2581273444939133
36960657,0.30786428301891383
36958594,0.3511085016433503
36958595,0.3366790597607865
36958596,0.20413516021316874
36958598,0.19509903049135743
36958599,0.19749372406333449
36958600,0.30265381027858934
36958601,0.2924660248640086
36958602,0.32910755074705605
36958603,0.32622556853888196
36976889,0.3564769337060444
36976890,0.41996914191581014
36976891,0.07345505152345366
36976892,0.2736654666123149
36976893,0.29292858341488864
36976894,0.20678180728366355
36976895,0.10569992759777941
36976896,0.37826925930115196
36976897,0.39980770530956855
36976898,0.2514970237294577
36962606,0.2718414428786249
36962607,0.17565837849947455
36962608,0.14037299804234313
36962609,0.1684257593128919
36962610,0.15370694315165467
36962611,0.18104234915108722
36962613,0.15668975819390477
36962614,0.14171263713236304
36962615,0.21121343145540625
36997479,0.1616316399590286
36997480,0.23871031998337613
36997483,0.17301021278938322
36997484,0.26126710093510896
36997485,0.11123817232605795
36997487,0.09687528452624322
36975295,0.330531883093912
36975296,0.3625773930284794
36975297,0.11290631731350297
36975298,0.10300856971988992
36975299,0.11039189158675
36975300,0.1141310625575935
36975301,0.37557316733737545
36975302,0.11628728569497591
36975303,0.115597374078318
36978182,0.4834834113540319
36978183,0.39203132756834613
36978184,0.5594081454797982
36978185,0.2144823661165804
36978186,0.5432718434164392
36978187,0.9668533590116863
36978188,0.28160768263278324
36978189,0.2550491044836463
43422410,0.11171547908817246
43422411,0.09204806331778603
43422412,0.0953863350748208
43422414,0.21483829815386848
43422415,0.09079047329010034
43422416,0.1632077593467243
43422417,0.11680211070721652
43422418,0.15163665546090074
43422419,0.074002129373656
43425389,0.14744247102210362
43425390,0.14484567969367007
43425391,0.48451062458337235
43425392,0.37067559082892493
43425393,0.3370176024937704
43425394,0.39539718786371547
43425395,0.5830264636037398
43425396,0.3319240622713201
43425397,0.6829466577046871
43425398,0.31353293295004764
43426372,0.20143432195100938
43426374,0.5222778476232346
43426375,0.16577878203660268
43426376,0.6363773886703841
43426377,0.5933384875362584
43426378,0.1772321127044342
43426379,0.4887185744696766
43426380,0.31713928074195263
43426381,0.4863738011159183
36976775,0.21644190719860049
36976776,0.5788507281540484
36976777,0.1704318089677835
36976778,0.0830385540396813
36976779,0.34579065967210254
36976780,0.3362054747562537
36976781,0.5664140079605151
36976782,0.12962570446762844
36976783,0.3210810091618137
36972254,0.2334857779208695
36972255,0.16406792559021696
36972256,0.17143103242145313
36972257,0.13768114253270247
36972258,0.13432841152262448
36972259,0.48906074172806213
36972260,0.14125524073271278
36972261,0.27173195562144203
36972262,0.15813009175413822
36972263,0.18005878439099096
36977262,0.2674987704796967
36977263,0.04644602758694603
36977264,0.18762090418994506
36977265,0.14394852820060666
36977266,0.18606987176761033
36977267,0.4944035325679195
36977268,0.18125965914526793
36985573,0.15076167180008718
36985574,0.6072812843107109
36985575,0.11100760435403226
36985576,0.12918142384953524
36985577,0.2518509742936723
36985578,0.12349394563184736
36985580,0.12534646454059828
36991797,0.11288426018495736
36991798,0.6582623088176225
36991799,0.17700802626552264
36991801,0.25464430540517624
36991802,0.10759960402299087
36973770,0.10079324715778398
36973771,0.12063780231896885
36973772,0.12709152594044446
36973773,0.07497158588305856
36973774,0.0896129806289322
36973775,0.1663959271208241
36973776,0.12786618106266903
36973777,0.11726835593735724
43430584,0.10790848285155119
43430585,0.0835567633854698
43430586,0.1659169010247267
43430587,0.8171040318223814
43430588,0.3266882448740571
43430589,0.16402972001329044
43430590,1.7633109222137613
43430591,0.6438466016490199
43430592,0.14947127247925465
43430593,0.3190250949062318
43423121,0.19200674488795455
43423122,0.39567656461718237
43423123,0.26688405933548426
43423124,0.18345371948903902
43423125,1.0229810053374038
43423126,1.0098618914458644
43423127,0.8107221296493843
43423128,0.12134824746078106
36993870,0.26549834307210657
36993872,0.23724541771442492
36993873,0.21819198801697848
36993874,0.47892792406744705
36993875,0.22187060373967823
36993876,0.4712546701931649
36972761,0.12041424117744805
36972762,0.17080353686420316
36972763,0.3135265501171144
36972764,0.6485949266529416
36972765,0.11932321482660103
36972766,0.12123834292124948
36972767,0.0957654291093708
36972768,0.12028450630798337
36956821,0.1348979705581176
36956822,0.10432121352670647
36956823,0.16801767359114736
36956824,0.31472765771121686
36956825,0.20896789367268895
36956826,0.20983202456335737
36956827,0.13076345488985208
36956828,0.2744020620418816
36956829,0.11757171855495406
36956830,0.21117389603731493
36985719,0.19127776797147988
36985720,0.2626776946119255
36985721,0.15996873232550166
36985722,0.13242284430012366
36985723,0.12754402886970514
36985724,0.28503850249699286
36985725,0.10181187693472454
36985726,0.09081281328760757
36985727,0.13949249565885688
36993729,0.28492214567498586
36993730,0.36842292921597464
36993731,0.3589137179644014
36993732,0.2556540357215583
36993733,0.2223332067957349
36993734,0.31814500090270725
36993735,0.2178062801022718
36993736,0.15023380265911818
43432446,0.3371182150577264
43432447,1.6046997362514765
43432448,0.29492996398896715
43432449,0.8671305270583377
43432450,1.2832682465720928
43432451,0.3540686357577548
43432452,0.283635207568693
43432453,1.132976753548663
43432454,0.4254047260554416
43432455,0.543789832748142
43420005,0.4737957990231635
43420006,0.34120801382742266
43420007,0.5566918252107155
43420009,0.4069084278120968
43420010,1.0051670145860008
43420011,0.7594215541875076
43420012,0.6160107950199661
36957517,0.8329172810706876
36957518,0.16469699864077922
36957519,0.16113090364979926
36957520,0.9086803379682342
36957521,0.5447825857326986
36957522,0.2073141958340145
36957523,0.1909267888699383
36957524,0.18180142631530735
36957525,0.6879554264771656
43427466,0.3469484927014471
43427467,0.15922187768759355
43427468,0.27352052133849813
43427469,0.4903813169123385
43427470,0.31391860476669087
43427471,0.1565376334962948
43427472,0.3475749923824609
43427473,0.3220234110261716
43427474,0.6791968332302886
36966595,0.2642894574744474
36966596,0.14343495008617815
36966597,0.20095327351143644
36966598,0.2928218849706757
36966599,0.22027816502258568
36966600,0.309885010798381
36966601,0.31074673220608645
36966602,0.18319414108077972
36966603,0.21606785466196532
36966604,0.1840380297821568
36968632,0.06348910822030258
36968633,0.10503541054611122
36968634,0.18998101348319668
36968635,0.4391935100653805
36968636,0.20963910750459977
36968637,0.06725732588982747
36968638,0.07041002065599666
36968639,0.0985513068616993
36968640,0.1054827527471863
36968641,0.08747034249528236
43419677,0.16961409826192583
43419678,0.19611389420311895
43419679,0.21153260326243942
43419680,0.18243082718773432
43419685,0.6583180921664432
43419686,0.24241541852428972
36959473,0.26085819782505926
36959474,0.3635479933739038
36959475,1.741899073965573
36959476,0.2518799346595663
36959477,0.3975235651988842
36959478,2.005020292029264
36959479,0.544782048082664
36959480,0.3675921518123195
36959481,0.37551404780328185
36959482,2.910857044926478
43421097,0.39506109635305775
43421098,0.2278530624031586
43421099,0.5039186674039797
43421100,0.21942054738276612
43421101,0.5001643613969297
43421104,0.21206725462448714
43421105,0.20840553344540372
43421106,0.4303609676231533
36987108,0.20205490188394593
36987109,0.13919547291306147
36987110,0.2265970853754729
36987111,1.7012905055060312
36987112,1.952710888966809
36987113,0.21808191876178304
36987114,0.1942052986442576
36987115,0.2083879900957557
36987116,0.2065774547785816
36992227,0.1711510234154242
36992229,0.15503124284918213
36992230,0.15221775920682828
36992231,0.19926187165711645
36992232,0.1563206949710505
36992233,0.16980869009829613
36992234,0.6793460701173281
36992235,0.16419496894060437
36983793,0.680934159067974
36983794,0.6901856352829288
36983795,0.30494660424568837
36983796,0.3631908080499082
36983797,0.2918170282352556
36983798,0.30818608903059286
36983799,0.565948505574393
36983800,0.3401367308997649
36983801,0.18906664409623297
36983802,0.09039756598993914
43420763,0.1243303685901964
43420764,0.636821252632788
43420765,0.11978814811644957
43420766,0.19968135333881776
43420767,0.2017372780389422
43420768,0.23128270610387838
43420769,0.19386171796663873
43422701,0.18239854950787227
43422703,0.47736668094809986
43422704,0.49875048363589564
43422705,0.7685597308893297
43422706,0.20343201704557684
43422709,0.7716313004067508
43422710,0.21044679684721598
43421875,1.4874809010250332
43421876,0.25088462800008665
43421877,0.4824546837533964
43421878,0.7533067015896078
43421879,0.518280267325588
43421880,0.6774863658011434
43421881,0.6409190875444455
43421882,0.25796079338417105
43421883,0.23094614518685128
43421884,0.49171354486620267
36955928,0.2691509267403872
36955929,0.6478399066711185
36955930,0.317912825268717
36955932,0.5860539290401197
36955933,0.3826757885809851
36955934,0.37858273688430627
36955936,0.15271403844902667
36955937,0.16838252371050932
36978024,0.10899730841521847
36978026,0.12742641930382062
36978027,0.16555867996928778
36978028,0.1854075657563257
36978029,0.17522172806876565
36978030,0.20038632591083708
36978031,0.18708434066359142
36978032,0.13163718956814235
43421052,1.0257112974025964
43421053,0.04669332053569653
43421054,0.154949003130934
43421055,0.09734539282509633
43421056,0.0853479794150558
43421057,0.5836629431310153
43421058,0.0549105374482288
43421059,0.260101064597603
43421060,0.3089934906178766
43421061,0.04806405105511693
36958632,0.1637536952177987
36958633,0.24722737246132387
36958634,0.3641274728288017
36958635,0.1655717863120408
36958636,0.2735207461560728
36958637,0.389019737296633
36958638,0.3163415265506461
36958639,0.5995898477660335
36958640,0.3328940741767423
36969322,2.0590438652441017
36969323,0.18200303872609225
36969324,0.5310881259357322
36969325,0.23391943335289583
36969326,1.9201781809482406
36969327,0.33631691254622215
36969328,0.5816086766243181
36969329,0.25257635411201157
43428778,0.2675075968206432
43428780,0.17011168047666053
43428781,0.27611324354433375
43428782,0.17687257546724527
43428783,0.17863717580369493
43428784,0.17617397381332964
43428785,0.25956355553508365
36974823,0.12912261930930016
36974824,0.09985304588593678
36974825,0.03731309342784149
36974826,0.1688077969448155
36974828,1.1502344166613478
36974829,0.10952978353926834
36966717,0.36508472812316073
36966718,0.225776980799573
36966719,0.33142228141018054
36966720,0.1861480496979397
36966721,0.34656055964950877
36966722,0.26386373419855824
36966723,0.2403884871238565
36966724,0.2940319618451874
43423679,0.4140409314109529
43423680,0.9731227423447223
43423681,0.5450610418618079
43423682,0.2640128146338633
43423683,0.3781023327947096
43423684,0.17944057202661243
43423685,0.42718400536834356
43423687,0.4828397423715077
43426353,0.20069761147314133
43426355,0.11275802754825465
43426356,0.35691546636053706
43426357,0.3576294303715771
43426358,1.0194018343343492
43426359,0.16771160472928026
43426361,1.5272926704702416
43426362,1.0111184001306353
43426125,0.18063344564896808
43426126,0.28093971654690925
43426127,0.30468227192341646
43426128,0.45228995564518776
43426129,0.11154928921480312
43426130,0.18178259840714348
43426131,0.08575466438595723
43426132,1.1417659477239188
43426133,0.28893370559804055
43426134,0.16252682404139907
36974097,0.08321599649354035
36974098,0.09979894702387838
36974099,0.0885580536188737
36974101,0.09349804909005346
36974102,0.0895829812602268
36974103,0.20575106924470368
36974104,0.07935088172441766
36974105,0.581117667246988
36956897,1.9296610289169844
36956898,0.2169256777963854
36956899,0.47870999842157197
36956900,0.16204908485373395
36956901,0.48979816243444585
36956902,0.2654899322879183
36956903,0.0590429786362834
36956904,2.9647092529554935
36956905,0.38935750342152375
43430410,0.19482093613055299
43430412,1.581901402982987
43430413,0.23855820344819254
43430415,0.27861801861263696
43430418,1.0039317495227442
43430007,0.163662881573135
43430008,0.36480821044431266
43430009,0.18281462118459613
43430010,0.11096925173251143
43430011,0.1903862039515933
43430012,1.5594741199048165
43430013,0.3878233616922146
43430014,0.3167128217047496
43430015,0.32339320571747127
43430016,0.322659275370323
43424352,0.15253988048212952
43424353,0.34012358721162106
43424354,0.28800774442449123
43424355,0.33513339498196915
43424356,0.12584567709112243
43424357,0.25600289565696893
43424358,0.14267434120098432
43424360,0.09725978394594906
43424361,0.43577004439742606
43425055,0.6827165567855238
43425056,0.3337891806999314
43425057,0.1259790192502659
43425058,0.24268978789445642
43425061,0.13576581188442258
43425062,0.17002110498363582
43425063,0.12637045369606228
43427338,0.1423154961277732
43427339,0.4602445681989015
43427340,0.35667652782479786
43427341,0.13753050508274217
43427342,0.38053248392013594
43427343,0.3939478632078013
43427344,0.11199272883850091
43427345,0.11132811533055977
43427346,0.4367432057959233
36975495,0.19424730775719445
36975496,0.28517065068510156
36975497,0.09127198864501128
36975498,0.213979937699665
36975499,0.15743828262462425
36975500,0.14950779700365072
36975501,0.11938781854422788
36975502,0.10544970529964125
36975503,0.23798419694505618
36975504,0.23878593877648502
43432974,0.09630910570224328
43432975,0.11515179536963774
43432976,0.17016352084245354
43432977,0.11978778102204055
43432978,0.16738751482358435
43432979,0.11150100997521967
43432980,0.2855498261915748
43432981,0.22636400954409067
43432982,0.1496698265881592
36983831,0.32383504171454447
36983832,1.1825551819934208
36983833,0.15595913806362774
36983834,0.260281148286993
36983835,0.2860970668908062
36983836,0.19231784774061342
36983838,0.14554775905253658
36983839,0.10878218522421078
36992207,0.6207420498709735
36992208,0.6704105822822805
36992209,0.5221369205627431
36992210,0.5029317781177269
36992211,1.0254729502961677
36992212,0.7343897153736334
36992213,0.5888922831323311
36992214,0.377418347295518
43430214,0.22832186464058682
43430215,0.22055592214502717
43430216,0.22784107428695946
43430217,0.9166157438407763
43430218,0.3338298686564405
43430219,0.34728462665051685
43430220,0.36909548626836114
43430221,0.236886895002211
43430222,0.32521217022320026
43430223,1.2056614382348978
36983632,0.05659484242158864
36983633,0.061630879392147134
36983634,0.11164855441322659
36983635,0.4223326534113754
36983636,0.12297806560166413
36983637,0.0571456853394032
36983638,0.1172313385621827
36983639,0.0578824745783209
36983640,0.08053203826640312
36960118,0.26386682059519867
36960119,0.349705460465313
36960120,0.40569263405428513
36960121,0.2385152645119194
36960122,0.3472322545611946
36960123,0.3530862397012017
36960124,0.2692211323093333
36960125,0.30133618563293746
36960126,0.3482472147185852
36960127,0.3290088379519567
36994646,0.08948931105381105
36994647,0.2571330792377091
36994648,0.4668203738027325
36994650,0.09534700162231961
36994651,0.25450367200497953
36994652,0.2304324685563258
36994653,0.21489467478314841
36959334,0.1062780547608769
36959335,0.20792040195223976
36959336,0.34218428715787036
36959337,0.09004042073160852
36959338,0.8387483842420402
36959339,0.23371148906267222
36959340,0.1632380906625107
36959341,1.6738206622893022
36959342,0.10612427172360593
36959343,0.2498904512078196
43424865,0.18239617325527469
43424867,0.14870499428298736
43424868,0.15029951978510803
43424869,0.12536559922467622
43424870,0.2527075997078439
43429153,0.13134600029404536
43429154,0.19669127165585484
43429155,0.18062663967090573
43429156,0.08836730216506958
43429157,0.1619888750262649
43429158,0.4051523232019834
43429159,0.3052582140951874
43429160,0.3818491281353263
36989569,0.11656405036466722
36989570,0.2702043334708142
36989571,0.20088053801732278
36989572,0.2639469149137045
36989573,0.1609635744281645
36989574,0.19369671859820953
36989575,0.24727625574731216
36989577,0.16626046046009166
36964166,0.09995624318929902
36964167,0.16857368088567778
36964168,0.11165344537262073
36964169,0.09214999893018276
36964170,0.08989591125572582
36964171,0.17960260065661285
36964172,0.25133847470053905
36964173,0.13367633997184292
43423316,0.2763911633127186
43423317,0.2157300080081337
43423319,0.19230096228382182
43423320,0.16890696488917453
43423321,0.39329634405706937
43423322,0.19540160950739605
36970075,0.6585924758415199
36970076,0.30384246462546843
36970078,0.3595940439219719
36970079,0.3060116430096028
36970080,0.26847879737890895
36970081,0.4926137990795214
36970082,0.46517749673123043
36966893,0.2634575343165706
36966894,0.33554100243661006
36966895,0.3224277659666473
36966896,0.30549732114258765
36966897,0.3078097384536168
36966898,0.26127519612229744
36966899,0.16222723691185353
36958192,0.18456969900755066
36958193,0.2983321147796683
36958194,0.24437140398123444
36958195,0.2723381469043332
36958196,0.21601023105004002
36958197,0.2662919757317037
36958198,0.35404616539106265
36958199,0.1682720664688242
36958200,0.25002597143237515
36994430,0.3363489589979021
36994431,1.1385464158618874
36994432,1.457379697791976
36994433,0.2991711253302794
36994434,0.29112584528415997
36994435,0.3182761494716537
36994436,0.9413621616247595
36994437,0.5102895085428212
36994438,0.2670292587430249
43425244,0.47468743428576593
43425245,0.6046186331679568
43425246,0.6418941999473563
43425247,0.894129371933324
43425248,0.5654144660375404
43425249,1.1259253237330547
43425250,0.6058581307828474
43425251,0.11754817809102654
43425252,1.268550900424073
36990397,0.43288832850771447
36990398,0.1988436708398376
36990399,1.0570481979182018
36990400,0.1604956354870845
36990401,0.6892911083272045
36990402,0.2463015438942063
36990403,0.20765752904032844
36990405,0.19202191996946605
43432009,0.4963901018984778
43432010,0.9020515023775734
43432011,0.6089762427595161
43432012,0.8350130241753319
43432013,0.47623845098628587
43432014,0.4353957939942409
43432015,0.48992040872450476
43432016,1.1406073162930759
43432017,0.45579188320800607
36967539,0.14372928460217835
36967540,0.21936386656108173
36967541,0.26278883294113303
36967542,0.20443468742191181
36967543,0.5691709138329146
36967544,0.27257600751809297
36967545,0.30441958608574954
36967546,0.12281070120634975
36967547,0.14614252682184292
36967548,0.23010820652005326
43422874,0.11258281942678192
43422875,0.15848121050178948
43422876,0.1304911343437801
43422877,0.24027465165664
43422878,0.24429629028918498
43422879,0.12603494649049787
43422880,0.16218864385044554
43422881,0.14764980762625743
43422882,0.21211514549350494
43422883,0.13502011148893658
43427037,0.24094553531326193
43427038,0.18505879629780525
43427039,1.4668727994810038
43427040,0.1395471139731015
43427041,0.1769977219772535
43427042,0.20725994111550403
43427043,1.1303233065030873
43427044,0.25882592472381993
36996117,0.13524074856440427
36996118,0.07921932583624354
36996119,0.5245579575041545
36996120,0.10133475803279711
36996121,0.11353881563774583
36996122,0.19111303800549706
36996123,0.1263216027263821
36996124,0.22780380808960313
36991337,0.18983631783691401
36991339,0.12339225251359835
36991340,0.07764142546833028
36991341,0.1815990535458455
36991342,0.09408152173752166
36991343,0.21797129536566717
36991344,0.32296601663943575
36991345,0.3036764489304679
36981609,0.15573944903940012
36981610,0.20568576166726973
36981611,0.6461539798050991
36981612,0.18876621813047162
36981613,0.17118023635720148
36981614,0.6315796743164666
36981615,0.2112454227557649
36981616,0.08588066200995466
43421741,0.32186143426144087
43421742,0.7281803529081997
43421743,0.30233728250573566
43421744,0.674455131804027
43421745,0.34157386236397175
43421746,0.41650091581085874
43421747,0.2868283846478398
43421748,0.5993943448671761
43421749,0.852250497733622
43421750,1.3653562228370462
43419015,0.8540156227043967
43419016,0.44765610099057257
43419017,0.4080013931269075
43419018,0.22587779435895494
43419020,0.7051533797111388
43419021,0.3748654899069007
43419022,0.5222610508197213
43419023,0.25683937333556794
36986743,0.3651741674313105
36986744,0.20982876460422467
36986745,0.6639668639565908
36986746,0.5340345363025366
36986747,0.41210685251094475
36986748,0.5277295124241238
36986749,0.591306334314989
36986750,0.18854720663444083
36956766,0.10191001495902433
36956767,0.12798237379011926
36956768,0.1393669351264367
36956769,0.06498378072006183
36956770,0.19958925040978978
36956771,0.10842598142099891
36956772,0.14139715969153047
36956773,0.10423677243066409
36956774,0.10774344564025694
36956291,0.23363668581700875
36956292,0.2309525058911807
36956293,0.5467814159278572
36956294,0.31886068959154357
36956295,0.7361606199882795
36956296,0.31755134273879
36956297,0.15451825790555715
36956298,0.2186543448160312
36956299,0.2691853915837232
36995366,0.08896496575197241
36995367,0.08691484283271574
36995369,0.0716388470331257
36995370,0.07121556580732973
36995371,0.07789374215693833
36995373,0.0606947663949675
36995374,0.05437807775272725
36995375,0.07913945444657372
36959812,0.0884627306961128
36959813,0.3027694322055981
36959814,0.08166399900503458
36959815,0.9103318060466505
36959817,0.3831938738532559
36959818,0.12261987049532184
36963325,0.2993290716734088
36963326,2.6087565861605504
36963327,0.3735397851052855
36963328,0.4662491283992522
36963329,2.697340262620311
36963330,0.4914577720548033
36963331,0.5841492503209638
36963332,1.1337621529289172
36963333,0.37443445339723624
36963334,0.46418459911411547
43428625,0.20951685840461173
43428626,1.1663458075768915
43428627,0.09074417556507965
43428628,0.14545484811085582
43428629,0.14894411505180408
43428630,0.16332107268796361
43431441,0.22178901660736697
43431442,0.2788104299287506
43431443,0.22570313474966658
43431444,0.21194943307665046
43431445,0.17895453492871624
43431446,0.1339764987117901
43431447,0.10860836542553699
43431448,0.17829020909197998
43431449,0.18217315686606764
43431450,0.207561985013406
36963596,0.20080956948755993
36963597,0.23764728507966762
36963598,0.1748888608235439
36963599,0.18168103799552335
36963600,0.15591834717597658
36963601,0.09696048042348296
36963602,0.3820821872048744
36963603,0.341853756752078
43419844,0.28182400683397363
43419845,0.21573893077079848
43419846,0.2511815350152476
43419847,0.17271652591046585
43419848,0.12635105219073978
43419850,0.2936660791712445
43419851,0.11066611394277899
43419852,0.2247259108982416
36965940,1.015142070199945
36965941,0.9806271741973063
36965942,1.282750996715029
36965943,0.14899438170027302
36965944,0.24352314480896486
36965945,0.27664282812006413
36965946,1.1472401669884753
36965947,1.3264763886886213
43427738,0.47056050793927356
43427739,0.6210556397567966
43427740,0.5524256898612392
43427741,0.4454439289704206
43427742,0.4124002823886689
43427743,0.3426314463740745
43427744,0.18332803655357718
43427745,0.19725868361364562
36982438,0.7453795562195666
36982439,0.19777712039061146
36982440,0.3523122899405104
36982441,0.4241271668032701
36982442,0.9848979660938286
36982443,0.4990630930266204
36982444,0.6394884149273246
36982445,0.4449695496395853
43427232,0.20689149116540312
43427233,0.1742786039924325
43427234,0.1540983562103167
43427235,0.18202068309789202
43427238,0.18947572110357963
43427240,0.14779555802277894
36971744,0.024055771170583804
36971749,0.02505258914312955
36995661,0.2877957300228603
36995662,0.18977514329631331
36995663,0.5820336438656744
36995664,0.2541055387878394
36995665,0.09141700875045408
36995666,0.20329752987397695
36995667,0.25639728358411146
36995668,0.25766396987130097
36995669,0.2363979609990997
36975923,0.344308438994459
36975924,0.35208321814986093
36975925,0.11622968823745557
36975926,0.14565640627713705
36975927,0.17613722366095327
36975928,0.28134610158606066
36975929,0.11201881560835178
36994111,0.3850266630849078
36994112,0.12462592110472602
36994113,0.34779967134805695
36994114,0.3885766390370914
36994115,0.1419413917168755
36994116,0.15180117009065675
36994117,0.12641790300620023
36994118,0.29417534975617354
36994119,0.3075151638825611
36997075,0.35166993686116765
36997076,0.3348143682391442
36997077,0.39451687091070475
36997078,0.9922102847525549
36997079,1.3429634972582163
36997080,0.5672657713962224
36997081,0.3728983683270764
36978081,0.17404674944599738
36978082,0.6097107949648094
36978083,0.13417881159469075
36978084,0.14665005334784648
36978085,0.5834964634283064
36978086,0.14982082064696378
43428590,0.209132428058011
43428591,0.18122626505964032
43428592,0.14928670461802226
43428593,0.1619693565904116
43428594,0.2341161891193641
43428595,0.12530390593481636
43428596,0.13874785009133714
36993972,0.4610771022745766
36993973,0.590854792616515
36993974,0.22084330455350637
36993975,0.19026782942853573
36993976,0.4314513922384206
36993977,0.12810852117104823
36993978,0.4757043352421678
36993979,0.6502335474923614
36993980,0.47132600639283984
43425573,0.34808230988343764
43425574,0.331292478645169
43425575,0.2849527511876423
43425576,0.9035317499969246
43425577,0.10058200275307888
43425578,1.2602217041057766
43425579,0.5169864900990019
36965867,0.15409117443171066
36965868,0.5711331869978572
36965869,2.042071538399551
36965870,0.33111300501818
36965871,0.40972300614450535
36965872,0.1484762773092629
36965873,0.2477199905250643
36965874,1.0430155200443094
36965875,0.16565368721979012
36965876,0.17914371095093726
43422031,0.13666671954964074
43422032,0.11779846192840848
43422033,0.7783614903787806
43422034,0.24907729214309798
43422035,0.10413703551138584
43422036,0.12612831137120953
43422037,0.11938040493670865
43422038,0.12299362847767623
43422039,0.11116348836872939
43422040,0.1033003030484269
43420071,0.10375134324766502
43420074,0.3128708695935323
43420075,0.11533435602176531
43420076,0.2907391488130467
43420077,0.20451709865007853
43420079,0.250691252548359
43422420,0.19612533800946302
43422422,0.27899240763401584
43422423,0.2691751035951163
43422424,0.30272701393546386
43422425,0.172415720073307
43422426,0.20649171958410004
43422427,0.4275866808483564
43422428,0.10404538280950786
43429733,0.19980376901793995
43429734,0.16617647946291245
43429735,0.1225610843080889
43429736,0.11585638181821267
43429737,0.13756645252664298
43429738,0.5443433378401111
43429739,0.1675512820321911
43429740,0.15194201686911732
43429741,0.7679349218712059
43425435,0.1247977633298325
43425436,0.11312237589970955
43425437,0.21380517587580306
43425438,0.10657098872886037
43425439,0.14350298035331624
43425440,0.21278625682054064
43425441,0.1800160650246503
43425442,0.1229116113197043
43425443,0.20141661479018788
43425444,0.21510391027905837
43418893,0.20669576235927023
43418894,0.1794530913193739
43418895,0.775954916459591
43418896,0.17566336634889787
43418897,0.22038930341585597
43418898,0.19514793924192633
43418899,0.1368538082301985
43418900,0.21719321812270817
43418901,0.5605247445741252
43418902,0.16182927759243873
36982993,0.20587451994488415
36982994,0.18693945059390163
36982995,0.9751425581698647
36982996,0.19882188407497212
36982997,0.1766420431182301
36982998,0.18702671113907277
36982999,0.1622919743314434
36983000,0.19929604763545572
36983001,0.1939624893477722
43431533,0.36621953750341635
43431534,0.2080649850513686
43431535,0.1556581404969976
43431536,0.35677986568208736
43431537,0.1461121240775243
43431538,0.5634828549878002
43431539,0.7587867931828056
43431540,0.19502423712662248
43420390,0.19191072388223696
43420391,0.4143854336329534
43420392,0.6889376049642715
43420393,0.12966893857134296
43420394,0.5302430794370664
43420395,0.5508605572156987
43420396,0.6122924826965712
43420397,0.2970726529000754
43422543,0.20264102983164922
43422544,0.14875829743729976
43422545,0.2608093178214753
43422546,0.2605016153559444
43422547,0.1353724504538086
43422548,0.3014035306129295
43422549,0.5921546157391138
43422550,0.7681480777583048
43425888,0.20100485289687378
43425889,0.14047293666076222
43425890,0.22813573851946622
43425891,0.21629775957351827
43425892,0.20195128904943319
43425893,0.20515609246369437
43425894,0.18300526440179188
43425895,0.18867750220693488
43425896,0.23449956851471568
43425897,0.10332729288719032
36986761,0.18971227654014636
36986762,0.17670616470047829
36986763,0.1735326965101937
36986764,0.14081586633468784
36986765,0.16290391486840916
36986766,0.3291194299936109
36986767,0.1734048532622119
36956300,0.10988823910728747
36956302,0.2995837898142353
36956303,0.2064100568935574
36956304,0.3938488076334174
36956305,0.21106617497064653
36956306,0.143115332541859
36956307,0.3429391379250672
36956308,0.10387509753987065
36956309,0.09444902977166614
36991143,0.6698309499844153
36991144,0.4091175850581639
36991145,0.44482908495559387
36991146,0.379374935446448
36991147,0.4488731627653412
36991148,0.20463485911580206
36991149,0.350000710633619
36991150,0.38114775063008816
36991151,0.6191804165887493
36987829,0.13060265633740986
36987830,0.5461417005037673
36987831,0.172011506314179
36987832,0.16364652858774065
36987833,0.6008084664462773
36987834,0.14858467971844005
36987835,0.17424864239250692
36987836,0.12955308291526957
36987837,0.1518563508052367
43425742,0.11957277996007254
43425743,0.30504136169107815
43425744,0.26884864461742164
43425745,0.5006234202970005
43425746,0.2008206120762255
43425748,0.14519551693742272
43425750,0.2065939629257335
43425751,0.36026438206306877
36984529,0.17483225614104728
36984531,0.30495003253835157
36984532,0.1975572927220352
36984533,0.29469109327333687
36984534,0.37614901859625793
36984535,0.21519322634955437
36984536,0.1588458009238899
36984537,0.7741948443158287
36969422,0.16891644466018138
36969423,0.06861055967853313
36969424,0.19691484818023425
36969425,0.2688809616536894
36969426,0.20290826707828916
36969427,0.11940060518278917
36969428,0.06675464937869964
36969429,0.18750726015373687
36969430,0.186277761013776
36969431,0.21742344181434795
36969899,0.17566129609108183
36969900,0.11342836598794802
36969901,0.08975613885593421
36969902,0.5647141908866841
36969903,0.08189117272765199
36969904,0.6745292245998878
36969905,0.07144459443080951
36969906,0.13024404052540353
36969907,0.1464183701157147
43431251,0.18139019614394727
43431252,0.17721500970995316
43431253,1.5761880116983757
43431254,0.3365064030750292
43431255,1.1324657560936935
43431256,0.4423840794466706
43431257,0.29095560696136097
43431258,1.0868366009400467
43423306,0.06752692784576445
43423307,0.287645264191776
43423308,0.09263522542075693
43423309,0.08414211751219951
43423310,0.2079268192858123
43423311,0.17579586174444434
43423312,0.18413865611876512
43423313,0.1883810955737375
43423314,0.09178015011875798
43423315,0.2742072783056379
36987018,0.9811784096581254
36987019,0.1250298332153788
36987020,0.24271077413571585
36987021,0.12163193458610748
36987022,0.3331778678732222
36987023,0.11553503141322438
36987024,0.30810394157803433
36987025,0.24090420873069013
36987026,0.3769406938611075
36987027,0.1319561117680069
36975012,0.30661207005441227
36975013,0.3743215794913146
36975014,1.6860182479924353
36975015,0.4525426648294659
36975016,0.29497735279327875
36975017,0.45981547095007536
36975018,0.3323828491503772
36975019,0.47118577287316066
36975020,0.7691408098324667
36975021,0.34708005246196283
36977405,1.2114191566990664
36977406,0.06658058523648101
36977407,0.15062496996461833
36977408,0.19715003185168622
36977409,0.1433357498599486
36977410,0.12614556742379276
36977411,0.07358466972054335
36977412,0.07420775292090091
36977413,0.1276236200014451
36957705,0.14303495661837357
36957706,0.2222591119029839
36957707,0.13347009000446755
36957708,0.18273603996571375
36957709,0.09134781504952946
36957710,0.12833097661649348
36957711,0.10175957380497447
36957712,0.21374338974759363
36957713,0.1757583728558914
36957714,0.09033822082575499
36957214,0.38195768753527637
36957215,0.7042340309901276
36957216,0.46369473018896323
36957217,0.11009065002463052
36957218,0.3984227972956407
36957219,0.16576724491184747
36957220,0.554427901104685
36957221,0.2319861901875326
36957222,0.38096692071176386
36989292,0.41117779352702477
36989293,0.9402018685294139
36989294,0.1644359555046098
36989295,0.26634316087346943
36989296,0.3360185634731926
36989297,0.7289241850192066
36989298,0.8573457524033137
36989299,0.2853536128642153
43431739,0.2530344909005357
43431740,0.21565606714071234
43431741,0.1200112263770097
43431742,0.22097133511858033
43431743,0.13432874499162636
43431744,0.19802630836962318
43431745,0.14210207397108343
43431746,0.19000710985681193
43431747,0.31851618623149136
43430104,0.16350435964974036
43430105,0.19742595564367155
43430107,0.25259831939686817
43430108,0.22838677779879088
43430109,0.32551491679847727
43430110,0.15469710912392626
43430111,0.24909723157695493
43430112,0.1677758112489384
36992967,0.20493161400216536
36992969,0.3224932539370998
36992970,0.06101005862232804
36992971,0.09520960861452228
36992972,0.18695675929476754
36992973,0.2806268610124523
36992975,0.2934515103008852
36992976,0.22368802066491306
36998055,0.15600075910741257
36998056,0.12218970490200581
36998057,0.1501160149031383
36998058,0.5502117848439168
36998059,0.15778731734972384
36998060,0.1962406525056529
36998061,0.15745644514750554
36998062,0.13127234183906383
36998063,0.14143825963728368
43433109,0.12443868601354105
43433110,0.1851722719535777
43433111,0.1623889792494865
43433112,0.20545264016380818
43433113,0.226264030794383
43433114,0.15404566889337346
43433115,0.28600443371688195
43433116,0.1519940768826214
43433117,0.1734489661171762
43431623,0.1837793818735829
43431624,0.1712985921740626
43431625,0.19143815683065196
43431626,0.1815007857078848
43431627,0.10071192306479873
43431628,0.1938015520546425
43431629,0.16970420401955005
43431630,0.23090108779638724
43431631,0.16347605126527626
43427996,0.17289060755399308
43427997,0.11414100783214766
43427998,0.15509254014451468
43427999,0.19720280873791438
43428000,0.15711080055033688
43428001,0.4071079547513483
43428003,0.18963460902955181
43428004,0.14342658578792986
36993705,0.3088288365814483
36993706,1.1571570424140647
36993707,0.4281759465869931
36993708,0.15424221365734256
36993709,0.8656497057980612
36993710,0.3857841693129319
36993711,0.3830292010318208
36993713,0.2743412958760393
36995405,0.6951974467803886
36995406,0.16277850346210423
36995407,0.38788888567824065
36995408,0.2215788596588079
36995409,0.2522936748096682
36995410,0.33229730661298795
36995411,0.2621285482608023
36995412,0.9159639525077308
43420691,0.08898047851253095
43420692,0.06215880120854349
43420693,0.0966649745793707
43420694,0.08743291141934631
43420695,0.06498851578489702
43420697,0.08293017400787195
43420698,0.11205719383195069
43420699,0.08623252706164793
36977133,0.5649089351177862
36977134,0.29525898959595775
36977135,0.7593397944322032
36977136,0.73024184477087
36977137,0.5745416843974164
36977138,0.6676300365432911
36977139,0.2798053662957284
36977140,0.2210185159810879
36977141,0.5215894113603456
43422858,0.10109241748403695
43422859,0.08500761782580266
43422860,0.3867569999388587
43422861,0.08554161090024534
43422862,0.12112624663665884
43422863,0.11200496207275747
43422864,0.10231706754719486
36986485,0.31473104189889534
36986486,0.3135873244051808
36986487,0.8531521499099799
36986488,0.49065943521034244
36986489,0.4107798129147742
36986490,0.2624473845947334
36986491,0.18454887436348047
36986492,0.32561340021594565
36997431,0.5583543762972583
36997432,0.6027491313768644
36997433,0.27206937764875655
36997434,0.19916918228830374
36997435,0.26882071154958614
36997436,0.20115856522053335
36997437,0.2549234460998726
36997438,0.5240325296601129
36997439,0.264492211510548
36997440,0.5629128660165176
36992262,0.5521461553002777
36992263,0.9318240932023978
36992264,0.6965630210596387
36992265,0.3139769382274659
36992266,0.5483766322392977
36992267,0.34087423362182423
36992268,0.39061966403185566
36992269,0.3666526915961313
36992270,0.7113262862804104
36992271,0.23879026615676302
36958096,0.24808954332688224
36958097,0.2880068055615067
36958098,0.1640720165573463
36958099,0.15647639130799781
36958100,0.13657315394328992
36958101,0.26453008317510757
36958102,0.27003970200060284
36958103,0.14212053239103317
36958104,0.12665694624733273
36982411,0.5799898399128695
36982412,0.20183920004409492
36982413,0.21809592356565743
36982414,0.15600330087850592
36982415,0.1829736595681688
36982416,0.3068707754557481
36982417,0.46144724066413334
36982418,0.23881880860673585
36982419,0.37816904338792445
36982420,0.2906835871151626
36980696,0.3280221440234422
36980697,0.3996005879808652
36980698,0.25430096789775514
36980699,0.21677050055765282
36980700,0.6890399858883762
36980701,0.865883167863178
36980702,0.26031885210930356
36980703,0.7121228365164474
36980704,0.29649018501517455
36987660,1.0107827204080198
36987661,0.2925163096420577
36987662,0.4019302844765698
36987663,0.3653412624193029
36987664,0.7863850009724551
36987665,0.3631081767554275
36987666,0.21409773855348077
36987667,0.32557202214242165
36987668,1.0055182292886682
36987669,0.4617169015042469
43422309,0.36363203370692687
43422310,0.10933497001515165
43422311,0.07023959163541672
43422312,0.18971778724280514
43422313,0.2909959152305861
43422314,0.23529226760345134
43422315,0.08643150725367987
43422316,0.12988337529302732
43422317,0.575912600680673
43422318,0.14092120344153933
43431748,0.10330390289317251
43431749,0.8849749669184652
43431750,0.09903814399385277
43431751,0.13279038145712446
43431752,0.32443024393050246
43431753,0.2964920012242739
43431754,0.1467370519497326
43431755,0.1278475365379175
43431756,0.09238396142102598
43419211,0.09119482198501964
43419212,1.1842760253776325
43419213,0.13067061720329748
43419214,0.29147503121759594
43419215,0.057810445163183836
43419216,0.21592111209334686
43419217,0.12052978948849571
43419218,0.10218491106833937
43419219,0.0511687568960958
43428960,0.17318149305913028
43428962,0.22089292596343885
43428963,0.28950900319656064
43428964,0.15190040317033024
43428965,0.13356820773052133
43428966,0.18440884924876064
43428967,0.15525821872976422
43428968,0.03998371583149361
43428969,0.1273696389440971
36982191,0.15058159006340874
36982192,0.07157276725580966
36982193,0.0915083760433043
36982194,0.10399840321826573
36982195,0.09084405000428573
36982196,0.10583064189791284
36982197,0.6193689911146028
36982198,0.08016732270718742
36982199,0.09323060719719324
36982200,0.23680901883810085
43423261,0.14629354536635425
43423262,0.15183438610695862
43423263,0.2023267767614966
43423264,0.13626435778068488
43423265,0.18920148728672084
43423266,0.18936390869388503
43423267,0.19162920005862782
43423268,0.17838493214064477
43423269,0.1535630389216634
43423270,0.15747689355382335
36975555,0.3827044077026356
36975556,0.13448008805355055
36975557,0.2292401914026593
36975558,0.5425101687196938
36975559,1.6694678132370575
36975560,0.22546299124998367
36975561,0.3129500907161586
43431766,0.1557805696906576
43431767,0.18377894487483115
43431768,0.18291627870926613
43431769,0.31768692187185926
43431770,0.22864335287820478
43431771,0.23378002909081605
43431772,0.1860238259812832
43431773,0.25434148401880824
43431774,0.15204502561057567
43425683,0.09837895519434564
43425684,0.11195887692110633
43425685,0.11873980846318641
43425686,0.15172108751790117
43425687,0.6834702443165942
43425688,0.12161532539326586
43425689,0.15656952413370426
43425690,0.129439269527061
43425691,0.1072077808388929
43425692,0.10344464133229574
43421722,0.17602134641973405
43421723,0.11484436132552948
43421724,0.12506744928339372
43421725,0.10060992445234872
43421726,0.10445548962358679
43421727,0.12324846324650161
43421728,0.12060861539760265
43421729,0.1024905226774191
43421730,0.16749032000124356
43421731,0.11896745113691123
43419732,0.06706050746077218
43419733,0.0762004824892577
43419734,0.1625278895107571
43419735,0.09429548398194189
43419736,0.19303876396663444
43419737,0.1789905516309123
43419738,0.10499111361753516
43419739,0.09341960019379583
43419740,0.086280665422259
43419741,0.9689048689600247
43421434,0.09232804895739989
43421435,0.19178398208551373
43421436,0.15976721000466945
43421437,0.20354315236445542
43421438,0.07361331686537384
43421439,0.14006948428054558
43421440,0.4024662503737754
43421441,0.10588303102300972
43421442,0.10010478802174316
36977170,0.2862961158940866
36977171,0.25721780234777564
36977172,0.2250325331603639
36977173,0.26622088534043314
36977174,0.19878354863333644
36977175,0.22147329061262236
36977177,0.26341720791364454
36977178,0.21550946430597825
36956283,0.12962446406991904
36956284,0.11728228086454408
36956285,0.1447708549324531
36956286,0.12443240542847776
36956287,0.1430675543901372
36956288,0.2378344173407356
36956289,0.3996747425520836
36956290,0.15451642671007043
36975391,0.5485385617339946
36975392,0.606207450739565
36975393,0.8199932233827145
36975394,0.5319230194309083
36975395,0.8969227696587443
36975396,1.8285416922907807
36975397,1.1043006601940342
36975398,0.47823893716537275
36956619,0.2166638122534004
36956620,0.2022951439280407
36956621,0.6137493915689076
36956622,0.7856955618762532
36956624,2.0950646905776416
36956625,0.8909012685763941
36956626,0.18907741466253278
36956627,0.20450114527662266
36961667,0.5323900119736948
36961668,0.6178592062970535
36961669,1.0436205983539875
36961670,0.2019976680951779
36961671,0.16130375381917714
36961672,0.18993404945473197
36961673,0.4339945624777829
36961674,2.346478913253633
36961675,0.13238504540545828
43426900,0.3374464902587898
43426901,0.3121791242154981
43426902,0.3002864426786238
43426903,0.22943957825427946
43426904,0.731945241658274
43426905,0.6510624593041439
43426906,0.6096960866119817
43426907,0.26782440269449304
36985868,0.6229724323801439
36985869,0.7500102523630505
36985870,0.5776711745333519
36985871,0.6802580081200511
36985872,0.43646306633880316
36985873,0.41918293611404855
36985874,0.3824245116298725
36985875,0.9698111087156238
36985876,0.8621869457792298
36985877,0.6747010100091577
36973103,0.07125903178880681
36973104,0.0727739593637353
36973105,0.07737456144956052
36973107,0.11702035379269099
36973108,0.08460054653614645
36973109,0.08553693019328965
36973110,0.08690977317229896
36973111,0.08264510421209069
36973112,0.0710665393814453
43419163,0.20423852335857168
43419164,0.2154421797234827
43419165,0.2093758584062851
43419166,0.18084266713687472
43419167,0.20943830877068667
43419168,0.20284402826086073
43419169,0.17653627699403424
43419170,0.44520714696156766
43419171,0.08436842964542425
36977611,0.10365638365647535
36977612,0.5801422672755943
36977613,0.1613271031786903
36977614,0.11427457413595644
36977615,0.6467703888347756
36977616,0.1351406380793981
36977617,0.555388393964012
36977618,0.6428085371376847
36977619,0.21097591050263095
43419368,0.11990856338355022
43419369,0.3322628205169985
43419370,0.3044766314805019
43419371,0.12576295376315488
43419372,0.3209140244102427
43419373,0.5996710011379313
43419374,0.3209897286181287
43419375,0.17134045692171077
43419376,0.1143597975958406
43427085,0.10689763596172615
43427086,1.2456329116861518
43427087,0.08330286150189353
43427088,0.11154463204041998
43427089,0.08936273172739172
43427090,0.06910429652843271
43427091,0.08320572206318219
43427092,0.089875281017043
43427093,0.19982745017574596
36963721,0.13443297954359953
36963722,0.09330306061383695
36963723,0.14058138377687535
36963724,0.21051524908507716
36963725,0.08436484055095038
36963726,0.09461002535919684
36963727,0.08118100749514773
36963728,0.141958060702853
36963729,0.14347070355682173
36963730,0.2806957391638245
36990198,0.38289956191283153
36990199,0.5548951727063102
36990200,0.14385900273252222
36990201,0.9482771608010926
36990202,0.43740707918453187
36990203,0.2736869631505001
36990204,0.38765504719095717
36990205,0.2946589387450261
36990206,0.5916591219692953
36990207,1.0537179876143343
36981965,0.1568512352884963
36981966,0.09442266918272049
36981968,0.08031418522389021
36981971,0.09332793637122656
36981972,0.18408428447751166
36981973,0.10938682618194231
43428740,0.7405950439222684
43428741,0.472464208388508
43428742,0.5284782615001291
43428743,0.46842160415975626
43428744,0.5610874250973191
43428745,0.7046173512990836
43428746,0.428793460070527
43428747,0.43297286576604893
43428748,0.39860429003972536
36987971,0.30327670997133194
36987972,0.12853227845789827
36987976,0.12818895026677884
36987980,0.3371377652680014
36988870,0.1175482021090866
36988871,0.11994252671684008
36988872,0.12201704840995095
36988873,0.6150421161009337
36988874,0.6158658550984917
36988875,0.12003560537339626
36988876,0.09613653020910969
36988877,0.13022835404587108
36977999,0.18747304772450563
36978000,0.16835146196647308
36978001,0.22277503012645822
36978002,0.144007280701471
36978003,0.21468421214078942
36978004,0.27169482817045826
36978005,0.6525106344986098
36984698,0.15277972047101032
36984699,0.44573732247050346
36984700,0.1541380895037807
36984701,0.10864081400980266
36984702,0.0797319768642421
36984703,0.5095623058071351
36984704,0.0733323345717018
36984705,0.20149238905237826
36984706,0.1540373217517569
36984707,1.03343956976738
43420710,0.21492841662059314
43420711,0.2196827420145272
43420712,0.11730160716315262
43420713,0.15510390275967664
43420714,0.09479531169766352
43420715,0.2424090948525463
43420716,0.39521523183734514
43420717,0.14374335885590828
36999046,0.29472588154438223
36999047,0.29652029719953504
36999048,0.39879587371458824
36999049,0.23137124205260592
36999050,0.2978509864283376
36997675,0.5125574560087345
36997676,0.4262648505023196
36997677,0.29561944041926413
36997678,0.43841419537007426
36997679,0.27104887518952536
36997680,0.6886355640634935
36997681,0.1734864073599077
36997682,0.9655091629070219
36998985,0.40269411767239144
36998986,0.3387293633188882
36998987,0.6997436506983754
36998988,0.35318487291506084
36998989,0.57003868912138
36998990,0.6488210540747303
36998991,0.6065275522441568
36965789,0.04329143575315905
36965790,0.041710027096295524
36965791,0.07957825613835062
36965792,0.04209466809070107
36965793,0.04022018210959153
36965794,0.04549382586189685
36965795,0.042630126604498414
36965796,0.04234834823669008
36965797,0.06199127457629844
43426965,0.3734371763054507
43426966,0.1710719561147733
43426968,0.1890397111694648
43426969,0.21388619779621748
43426970,0.28761136054075426
43426971,0.1859402463737992
43426972,0.16618609736322687
36970667,0.21503660214902356
36970668,0.15740758397410753
36970669,0.3170361876364122
36970670,0.3007199831219022
36970671,0.22376882389238145
36970672,0.4961045990300345
36970673,0.14878888568007792
36970674,0.23150786342393082
36970675,0.13979731194286812
43428693,0.23881452657671012
43428694,0.12234598761955141
43428695,0.15973909714935516
43428696,0.17301725272545504
43428697,0.20848808565018798
43428698,0.09331685845674847
43428699,0.23399477633134436
43428700,0.2146369046330916
43428701,0.1054613026315674
36968239,0.4803315384226329
36968240,0.4442029117985557
36968241,0.45444467475587863
36968242,0.4440312335115302
36968243,0.332134364921502
36968244,1.2769444918863164
36968245,1.995533798139171
36968246,0.18593471847321624
36968247,0.31847831405828203
36978006,0.21490315099661927
36978007,0.12718195862829032
36978008,0.3491113573218844
36978009,0.21778097127034746
36978010,0.20851870255236354
36978011,0.5794991299786094
36978012,0.6113109088854063
36978013,0.5847511525810182
36978014,0.2641096721748632
36991569,0.2160006424387421
36991570,0.13526943471118066
36991571,0.09927572635404712
36991572,0.13274615127403994
36991573,0.09620024868080669
36991574,0.20964083400732395
36991575,0.2375472371794237
36991576,0.11418753208020271
36991577,0.1198685690698576
43428980,0.4422401203618425
43428981,0.10930305597352648
43428982,0.2347467357745066
43428983,0.2921850128355364
43428984,0.36830310161246105
43428985,0.17628147408436223
43428986,0.3062174827417878
43428987,0.36035106743051315
43428988,0.4091349391840428
43428989,0.39011894260579477
43431478,0.6000159268854928
43431479,0.40654970556131304
43431480,0.13951482699701998
43431481,0.5240234891089153
43431482,0.40379407178652565
43431483,0.4624376434317404
43431484,0.2879941884648145
43431485,0.8226371771176121
43431486,0.5081777565463359
36957956,0.06268076129047243
36957957,0.0964365108727857
36957958,0.09591755981345672
36957959,0.041043207769919744
36957960,0.052323711455299994
36957961,0.08825108204530484
36957962,0.058641797270600544
36957963,0.04015871869156117
36957964,0.10441135125822773
36957965,0.05129434556496841
36959538,0.25404892758616754
36959539,0.21436406705081082
36959540,0.22617324350869406
36959541,0.29099332105203213
36959542,0.10948731811027544
36959543,0.19058836209885932
36959544,0.13169442846175772
36959545,0.6987736027678808
36959546,0.23144935596950586
36959547,0.15252802247981134
36966207,0.3181377644656538
36966208,0.16131744727150213
36966209,0.26965588066474033
36966210,0.2587477375984211
36966211,0.1633833529525659
36966212,0.23981150514284394
36966213,0.14342871001729718
36966214,0.25540357532868435
36966215,0.6012563695103491
36966216,0.21189487985439973
43427875,0.1621086800570934
43427876,0.16347793174944272
43427877,0.09168169770020909
43427878,0.12294638210222153
43427879,0.18405204780295348
43427880,0.22991991834495482
43427881,0.20393199852998317
43427882,0.1688834015158175
43427883,0.10343380331836499
43427884,0.10938014094022075
36994957,0.3841774961799886
36994958,0.2554108018436047
36994959,0.36477717164738177
36994960,0.5368972193523176
36994961,0.2658005394742852
36994962,0.2029854926337666
36994963,0.6498293683497917
36994964,0.676882166725655
36994965,0.6171584752454143
36979388,0.2476607403526686
36979389,0.34149649939038745
36979390,0.15032085764791944
36979391,0.22497425871568125
36979392,0.44023994672018885
36979393,0.3109339041001314
36979394,0.1366614886582009
36979395,0.2401017430492844
36982850,0.42528679262921737
36982851,0.36546867684808954
36982852,0.28391735770116966
36982853,0.5522925515991349
36982854,0.2920496656863664
36982855,0.16200453637079432
36982856,0.3018328547248061
36982857,0.17918026982082055
36982858,0.1847545718439896
36958921,0.24059082204085847
36958922,0.5800188482176497
36958923,0.3149816552700957
36958924,0.34068096112808127
36958925,0.32448279839758526
36958926,0.4680619195686137
36958927,0.14377724679280443
36958928,0.44735917764006916
36955173,0.8656920539100891
36955174,0.14296733031602163
36955175,0.11146083722887946
36955176,0.15241694674913553
36955177,0.13406734048777477
36955178,0.14283072687061854
36955179,0.19150852357304535
36955180,0.17667693595525197
36955181,0.1531889204249498
43426032,0.15644994986960956
43426033,0.3229476639359177
43426034,0.1455638393811933
43426035,0.29536462566945526
43426036,0.15291701013407755
43426037,0.13475456330357793
43426038,0.1641746470793132
43426039,0.47015702032522133
43426040,0.33907244978820505
43426041,0.1378435173608883
43430990,0.31254049161948194
43430991,0.3692201591898285
43430992,0.3936077814572854
43430993,0.48352781273578166
43430994,0.3262390756430927
43430995,0.40727119037794374
43430996,0.3624350553969101
43430997,0.4371790385558527
43430998,0.729437186886248
43430999,0.239567205023383
43432164,0.33383299359123597
43432165,1.018229936442865
43432166,0.7085559255189285
43432167,0.2068899904688495
43432168,0.33799346231707794
43432169,2.1313494430754254
43432170,0.5551677120665373
43432171,1.3295870295295604
43432172,0.17697874391429044
36991614,0.3836257243294862
36991615,0.19643563338399742
36991616,0.8805781853475778
36991617,0.6089694761175797
36991618,0.37102669922239445
36991619,0.26989799586435825
36991620,0.291545576995846
36991621,0.7021945525027695
36960292,0.1769600423323631
36960293,0.1680575211403223
36960294,2.104177752869793
36960295,0.16597919899778193
36960296,0.11084227746766916
36960297,0.4050008223048607
36960298,0.34197379597558236
36960299,0.10722409879725904
36960300,0.16318958116334373
36960301,0.10076296180006722
36963307,0.26627452245310285
36963308,0.197566273519436
36963309,0.6939272223024419
36963310,0.5265243406647496
36963311,0.13703844147476327
36963312,0.08682839128003046
36963313,0.18703186002052502
36963314,0.08892974362941393
36963315,0.5078169786401509
36967249,0.09681998715547613
36967250,0.08291084803084647
36967251,0.0820079163831985
36967252,0.22845700188215656
36967253,0.37178733854715906
36967254,0.12594854841647732
36967255,0.08760360562165376
36963403,0.14638178067912572
36963404,0.08119287950097698
36963405,0.07270696541646794
36963406,0.058127039743485716
36963407,0.057529593149795784
36963408,0.0943387327846013
36963409,0.6579847620172781
36963410,0.05845850634642075
36963411,0.05745612831606249
36963412,0.05120103868221495
43425674,0.575599645605771
43425675,0.20550491949808142
43425676,0.13107313470143842
43425677,0.4365808895876632
43425678,0.11613415766585049
43425679,0.6146655146466523
43425680,0.19397035817797503
43425681,0.13089897645967896
43425682,0.13259104502445812
36984572,0.11120318830291848
36984573,0.14868181775404268
36984574,0.13116935380199285
36984575,0.06879836112047268
36984576,0.11353203578392652
36984577,0.1345447988453513
36984578,0.16013940221400821
36963867,0.04550569553525682
36963868,0.09654272368206528
36963869,0.12179509896934548
36963870,0.45032492348114944
36963871,0.1556153590642287
36963872,0.28603517060313044
36963873,0.090289996254972
36963874,0.17512690361284322
36963875,0.12773029660902893
36963876,0.17865065128885174
43430281,0.1782243444986827
43430283,0.24202554857142317
43430284,0.17254567674712287
43430285,0.24457273711793087
43430286,0.20958418945751392
43430288,0.19812465527477408
43430289,0.20318035605846654
43430290,0.19535885569828934
36991300,0.1340000338039875
36991301,0.17521520931449538
36991302,0.1828368811401098
36991303,0.12345282672847965
36991304,0.12543548829404616
36991305,0.1946551851398947
36991306,0.11710022672055365
36991307,0.12819069226193572
36991308,0.19928703571377437
36964302,0.514750176982578
36964303,0.31003876002425684
36964304,0.7070117418823132
36964305,0.3625122122870348
36964306,0.33686650383413763
36964307,0.25848703986821464
36964308,0.5950937343832002
36964309,0.1763931485861871
36964310,0.12472395886917982
36964311,0.13652079873777717
43428398,0.16160866245001562
43428399,0.18407191964493433
43428401,0.14782395663691988
43428402,0.1057260758839868
43428403,0.19315519902132525
43428404,0.23811610905375613
43428405,0.16291173363715541
43428406,0.23859764246572948
36970793,0.752329614242642
36970794,0.25148259674083573
36970798,0.2558955726271425
36970801,0.7241570652875898
36994087,0.19441011815852094
36994089,0.10796989085829893
36994090,0.40527283313342555
36994091,0.21291213028594172
36994092,0.08057511059520056
36994093,0.12241990195541234
36994094,0.16787960404775046
36994095,0.8795442148108361
36992570,0.10595746637852352
36992571,0.06581323076780973
36992572,0.13312022933204362
36992573,0.1472757913631852
36992574,0.2077754353280498
36992575,0.11389608675559011
36992576,0.2726244954027465
36992577,0.08644247756103209
36992578,0.0700034701616799
37015743,0.0341935308869321
37015744,0.03297545117480987
37015745,0.03377043173234088
37015523,0.29689984823498466
37015524,0.23606239963828815
43429136,0.5364732469365802
43429137,0.4922033814851207
43429138,0.07303032468161919
43429139,0.4058412712604116
43429140,0.23326914656221717
43429141,0.38923291975163915
43429143,0.5007641554146443
43429144,0.3174330941528588
36966875,0.28807741661497266
36966876,0.3067995021191726
36966877,0.33915771404042055
36966878,0.40158106546284345
36966879,0.2796085800810849
36966880,0.21363547575169403
36966881,0.2765417599059684
36966883,0.6014331153850109
36959026,0.24321617452370134
36959027,0.13952636873965635
36959028,0.3019807850152553
36959030,0.137837569281566
36959031,0.10445600376164224
36959032,0.329268225565673
36959033,0.17982520044608186
36959034,0.10439605569328217
36959035,0.1958417375943465
36972901,0.1363848131224918
36972902,0.12558175927774956
36972903,0.16139116766253983
36972904,0.13379644448704706
36972905,0.3569386333577341
36972906,0.12129322646408718
36972907,0.1619799761902973
36972908,0.14700729304210394
36972909,0.4231474851264941
43420961,0.23005036859444278
43420962,0.15330711500535904
43420963,0.4934213910729663
43420964,0.4854798052950215
43420965,0.3365822797737391
43420966,0.16650030936550828
43420967,0.15249674414783743
43425267,0.486576643788323
43425268,0.2363223499457525
43425269,0.1646690336270641
43425270,0.26682074176105725
43425271,0.13342419585946688
43425272,0.33279580446326623
43425273,0.3413829256038945
43425274,0.37481519099132754
43425275,0.1727198688063504
43425276,0.23018378924288574
43425482,0.19634660306361273
43425483,0.1162622794043916
43425484,0.6393527477580745
43425485,0.20467598355225458
43425486,0.0914152956935809
43425487,0.311642713231146
43425488,0.12018300283805095
43425489,0.09585833660707886
43425490,0.10220062294648787
43425491,0.16275446134597749
36970426,0.09348826334161599
36970427,0.09538430216573378
36970431,0.09473857564145609
36970432,0.12338563032272816
36970433,0.09429475719885197
36970434,0.10379778354299864
43428815,0.42527290564388764
43428816,0.8022116846649151
43428817,0.29699445082872683
43428818,0.4598344846284079
43428819,1.0428728028407017
43428820,0.5307885972794405
43428821,0.3337044213206102
43428822,1.0794376988530014
43428823,0.9818049646024756
43428824,0.9372646409638152
36966015,0.0728944001560339
36966016,0.14793596052414154
36966017,0.2413872464778984
36966018,0.4906329277806174
36966019,0.10011230473343621
36966020,0.2140540813852097
36966021,0.0940593473863252
36966022,0.0929090918665371
43420343,0.47093709844940196
43420344,0.214605794376341
43420345,0.13748760050664333
43420346,0.23270727826702892
43420347,0.5286003038397515
43420348,0.35391671113151196
43420349,1.5013366289595347
43420350,0.16024574924361085
43420351,0.14377605897205958
36972341,0.12714600558609407
36972342,0.1851355284437367
36972344,0.16642664575761273
36972345,0.14006192932182257
36972346,0.1956723251415502
36972347,0.3190948614478462
36972348,0.14770463274765047
36972350,0.1173489122356974
36984361,0.4540445860081999
36984362,0.5328678521256822
36984363,0.2469495291588916
36984364,0.39370088107306617
36984365,0.3241836892396281
36984366,0.37451001513982185
36984367,0.3800289667427959
36984368,0.47036936943626445
36984369,0.7311201518498042
36984370,0.45373838627079444
36976607,0.11137675935850562
36976609,0.15821031341120212
36976612,0.1399610041167144
36976613,0.9039951222790137
36976614,0.09793774679339175
36976615,0.16024973203907608
36987254,0.06096104624177288
36987255,0.09725898555720218
36987256,0.22754457732851022
36987257,0.12342748049049766
36987258,0.18589457225062941
36987259,0.07850528754466389
36987260,0.54885383312781
36987261,0.2622555897217068
43422345,0.3188357183779809
43422346,0.25736973668202157
43422347,0.3278830249079106
43422348,0.34185348676412974
43422349,0.34662465658515573
43422350,0.298812672120599
43422351,0.18438207752772015
43422352,0.35108755955241855
43422353,0.24116249043445634
43422354,0.25380558521800844
36985218,0.362838221901378
36985219,0.23924546594417978
36985220,0.10490339793270587
36985221,0.0712287525765999
36985222,0.3637461297209047
36985223,0.10641997654666184
36985224,0.11706233622416497
36985225,0.15341022473212668
36985226,0.09668042341277558
36985227,0.21692699479192892
43421904,0.14720423356961573
43421905,0.23940770622286645
43421906,0.5431810379770085
43421907,0.0725559924380673
43421908,0.3000323018580336
43421909,0.5408759347685931
43421910,0.45384737527119423
43421911,0.4680110359411785
36986024,0.2705184251754422
36986025,0.27593299554163675
36986026,0.09183484533343636
36986027,0.17425244549883082
36986028,0.20903766944951216
36986029,0.1204950559182147
36986030,0.37345073011731106
36986031,0.147643714037295
36986032,0.38035876165407184
36986033,0.16954436384044233
43429945,0.09833715361330536
43429946,0.4447503316631354
43429947,0.1269717482703735
43429948,0.13699729502450234
43429949,0.1747635867147785
43429950,0.19359937031142366
43429951,0.44343293262350614
36990452,0.423843461189115
36990453,1.0899114230341225
36990454,0.563622773136542
36990455,1.3758232258045495
36990456,0.6625837965140823
36990457,0.26615533212861786
36990458,0.3256048685930366
36990459,0.3081989837118232
36990460,0.3539399970731647
36959909,0.13670623984112848
36959910,0.13929055425082343
36959911,0.14966142013187234
36959912,0.21329482667696906
36959913,0.16860277994918985
36959914,0.1636162161047799
36959915,0.2891458722083466
36959916,0.25238522294311166
36959917,0.38405963436751084
36982674,0.18261287314293959
36982675,1.2228569868868544
36982676,0.11310626247816731
36982677,0.32452906791756453
36982679,0.39115557841341225
36982681,0.19863489678397617
36982682,0.22742312455059024
36982683,0.3547243510436066
43423185,0.07636073862904946
43423187,0.1039994375346682
43423188,0.11115622615357983
43423189,0.09353272268933012
43423190,0.11305648411885923
43423191,0.1267309126402032
43423192,0.0646134663320576
43423193,0.24532953279080957
36984765,0.25051859910709184
36984766,0.4391872798749172
36984767,0.12403898815478832
36984768,0.17723903957514944
36984769,0.1489540691165212
36984770,0.18584483332591967
36984771,1.0174492442012044
36984772,0.1908051500860554
36984773,0.17402955414337423
36985878,0.17718984876226446
36985879,0.4792586816121441
36985880,0.1961468402035552
36985881,0.2720139162366938
36985882,0.8411843160243712
36985883,0.20679447760039185
36985884,0.20413821368163554
36985885,0.27195903616603706
36985886,0.21142928058150617
43429839,0.5237786736989676
43429840,0.9704686875831885
43429841,0.6999868071826312
43429842,0.7383572661400402
43429843,1.17042950538704
43429845,0.33831954065634556
43429846,0.35550272369718083
43429847,0.5567567379907529
36955479,0.17391397426918692
36955480,0.0615997172392598
36955481,0.7130517295097475
36955482,0.14086256753337667
36955483,0.14885876618675936
36955484,0.9265436145819209
36955485,0.44182288282678595
36955486,0.7301847640160524
36955487,0.2371971244552188
36955488,0.3442732342706205
36986084,0.1287097071365943
36986085,0.21474261818734744
36986086,0.10068439989803436
36986087,0.1403697912422334
36986088,0.21173868644512586
36986089,0.1358607521845507
36986091,0.3070425056963544
36986092,0.7220593553574771
36986093,0.06428555581197355
43422913,0.3866950368162028
43422914,0.8760538059907723
43422915,0.43551187357623705
43422916,0.23206755700706116
43422917,0.7272507939658602
43422920,0.37556645777608616
43422921,0.46506516217074473
36983392,0.12662962984119575
36983393,0.12204401713616526
36983394,0.28937661203387965
36983395,0.0758761720306952
36983396,0.14923148460664779
36983397,0.09684608797841111
36983398,0.12251783566745285
36983399,0.11972514424059294
36983400,0.11286213942804584
36983401,0.12340129067715662
37013817,0.9958733715560043
37013818,1.0983092408207007
37013819,1.1003708683455957
37013821,1.0087472995776012
37013822,1.21163280984339
37013823,0.9973917259299582
43432866,0.16563061558938344
43432867,0.25511919898288393
43432868,0.19795332176567165
43432869,0.05276101225678042
43432870,0.3031999245221781
43432872,0.06281742332728643
43432873,0.14516728210183508
43432874,0.20530962616290585
36976999,0.2639553464591338
36977000,0.26379663829591615
36977001,0.457601392546574
36977002,0.09995902373354709
36977003,0.5528076783966174
36977004,0.1720888268969648
36977005,0.3147108591165699
36977006,0.2875936605235981
36977007,0.12684386335256168
36977008,0.2741393876486226
36994010,0.12292576490528535
36994011,0.08647712912850318
36994012,0.05742132495055792
36994013,0.20079491676100633
36994014,0.49152738187163514
36994015,0.40027991503155563
36994016,0.06499115361642861
36994017,0.05253275315567378
36994018,0.23234538133945726
43419257,0.21728459057364402
43419258,0.08648068236338692
43419259,0.3745099170309986
43419260,0.11813914872687148
43419261,0.556155405021587
43419262,0.16407293055138342
43419263,0.192854683822711
43419264,0.15819686148262752
43419265,0.14948129852070927
43419266,0.2861253138982749
36975630,0.3063849206367718
36975631,0.08734781494346107
36975632,0.9706460304370127
36975633,0.3632041046092089
36975634,0.23929344899584806
36975635,0.5197710736735192
36975636,0.29649674871454545
36975637,0.2948279904702231
36975638,0.18438133606434548
36975639,0.9820850436718911
43431294,0.9336823776346217
43431295,0.4338145222441368
43431296,0.35423192079379257
43431297,0.3096131536543416
43431298,0.31885781485691395
43431299,0.2170503284397447
43431300,0.13760507098933372
43431301,0.16797900943119976
43431302,0.151584021726235
36957875,0.4695471839868534
36957876,1.3602166974760341
36957877,0.1876264206913988
36957878,0.43418541943911265
36957879,1.008002473225014
36957880,1.1925140752344439
36957881,0.20206252879216519
36994277,0.16296135391139965
36994278,0.08330757572477596
36994279,0.3376373580269229
36994280,0.0701670488244734
36994281,1.0172320444805303
36994282,0.07751116492928867
36994283,0.11751526613305535
36994284,0.10517541068191993
36994285,0.6511388732781254
43419824,0.44749685386699634
43419825,0.7496395233527431
43419826,0.48843068110658394
43419827,0.38977724150057286
43419829,0.20574032976115617
43419831,0.5365818096616345
43419832,0.19228186361632316
43419833,0.7304426033029507
43418927,1.8680485072728836
43418929,0.45096599133724363
43418930,0.6905994216273504
43418931,0.32317112570960826
43418932,0.26426701546706377
43418933,0.38810742541497373
43418934,0.34447395549481497
43418935,0.6779491844670493
43418936,0.25364140374266303
36965721,0.11481518812275034
36965723,0.30829756194996816
36965724,0.4519565932495157
36965726,0.4425472051265719
36965727,0.476804938462509
36989918,0.14174051963861603
36989919,0.12233779956390436
36989920,0.1450791619022082
36989921,0.13157885141470213
36989922,0.13109631033627303
36989923,0.13074867510013446
36989924,0.13964597675137336
36989925,0.10834510789029797
36989926,0.12719454421501605
36989927,0.22019665647710474
36964507,0.23805181527003552
36964508,0.11462822045440398
36964509,0.47241069315389195
36964510,0.2480461533756495
36964511,0.12278971149954347
36964512,0.7586266962022141
36964513,0.22002049343653982
36964514,0.23000656949646844
36964515,0.25879082404330234
36964516,0.6485189912164412
43430150,0.5878721846955139
43430151,0.40047246704020906
43430152,0.3799313762941082
43430153,0.5026386236102938
43430155,0.39250730716771015
43430156,0.3584959086916224
43430157,0.4858066013238982
43430158,0.345954100808581
36961777,0.1628899838708176
36961779,0.20970669318395596
36961780,0.3453610292366006
36961781,0.21342472790181902
36961782,0.17488095485798377
36961783,0.20357217472479772
36961784,0.1351205089241613
36961786,0.2153975483515511
36968659,0.358095030928984
36968660,0.11940168530074506
36968661,0.14102907603072656
36968662,0.29854994135730883
36968663,0.9412097517272101
36968664,0.23258421377710142
36968665,0.1694811911878372
36968666,0.5667196978370128
43425908,0.13689045469885214
43425909,0.29030140159289847
43425910,0.22777442730588773
43425911,0.8663616395737492
43425912,0.2326741028686395
43425913,0.30068893035485433
43425914,0.8643446092065645
43427655,0.2781881137478189
43427656,0.17279911591600386
43427657,0.33279431313450825
43427658,0.3816849874411407
43427659,0.2039552726009353
43427660,0.20502748266707563
43427661,0.3056434991985873
43427662,0.1968953989983948
36958494,0.13745990533081648
36958495,0.15289537838322248
36958496,0.12886817612097934
36958497,0.1310565979495032
36958498,0.22792547722672873
36958499,0.10619311539450049
36958500,0.338233580452475
36958501,0.3180360269540448
36958502,0.11033571338748407
36958503,0.24854355927491864
43419633,0.22179035650125895
43419634,0.1633130254826444
43419636,0.336451343498649
43419637,0.17181772745888022
43419638,0.09207584102047642
43419639,0.34529616593690343
36985370,0.33417140560232345
36985372,0.14852579211748396
36985373,0.6465940904476599
36985375,0.2399606002461388
36985376,0.11488170115095524
36985377,0.5730202034257983
36985378,0.6233964146178996
36959408,0.07099056702585402
36959409,0.3751463409523339
36959410,0.07265643998651206
36959411,0.07370592062166885
36959412,0.08805460493833213
36959413,0.09724591599666481
36959414,0.09622630430680537
36959415,0.12999170960753373
36959416,0.14993438024609854
43420266,0.5050104250136113
43420269,0.2537972900275368
43420270,0.148171100248729
43420271,0.3178890432567465
43420272,0.23101674411909245
43420273,0.2228754546571306
43420274,0.18354086140810236
43420275,0.4551270492775951
36963057,0.34415813719425775
36963058,0.07447124142681516
36963059,0.07438990750363764
36963061,0.38469455206519554
36963062,0.1684453169299773
36963064,0.22022283357476663
36963065,0.09072249648283935
36963066,0.32089713890430305
36961073,0.2288465675793659
36961074,1.007590550000871
36961075,0.3739339152004415
36961076,0.27875210792481464
36961077,0.15823447401044205
36961078,0.23748705826667788
36961079,1.1511054887784768
36961080,0.2968358403149974
36961081,0.1737626851229774
36961082,0.23584132089008966
36956599,0.15576794725888995
36956600,0.15284391514131082
36956601,0.4122388686072399
36956602,0.27829843680701927
36956603,0.13469222743166173
36956604,0.2088134952723231
36956605,0.07844460959188737
36956606,0.4779016341819309
36956607,0.1692250620745452
36956608,0.09914632301160783
36968712,0.1233617166466337
36968713,0.11255447100045018
36968714,0.1339097204442859
36968715,0.15316638963090626
36968716,0.15760655748285396
36968717,0.07995302265311646
36968718,0.10827505090223247
36968719,0.4769894194480502
36968720,0.06814041671394337
36968721,0.1743005700207843
36978523,0.13590864539925815
36978524,0.18702266205000012
36978525,0.13423151926595508
36978526,0.23664861089112507
36978527,0.22536737153998707
36978528,0.15027560004399265
36978529,0.5662901638161908
36978530,0.7450790778730031
36957412,0.20495657756487717
36957413,0.3417758484045148
36957414,0.1628228068532671
36957415,0.18785032084107808
36957416,0.10939484079808819
36957417,0.16262942809952072
36957418,0.15675610945769355
36957419,0.08604787903579161
36957420,0.3089260242487993
43430621,0.1429403831993523
43430622,0.08808545651525237
43430623,0.2337689255000776
43430624,0.13003404308514616
43430625,0.19861091936173725
43430626,0.08727002471000915
43430627,0.11248036639983255
43430628,0.07902977163070675
43430629,0.09564478397068066
43419960,0.36164855996619305
43419961,0.259044657298351
43419963,0.4715559451106371
43419964,0.3097081075139978
43419965,0.418739448218458
43419966,0.1270339199061191
43419967,0.11732249318394421
43419968,0.7950323119071787
43423223,0.11091543553237826
43423224,0.0851860311606912
43423225,0.14500148228433588
43423227,0.5514541692536267
43423228,0.3783794765706841
43423229,0.33679601476743304
43423230,0.12831844169071907
43423231,0.08786683892615468
36990527,0.07415689751337323
36990529,0.13531732910286481
36990530,0.14812196350571613
36990531,1.134679451617761
36990532,0.05851534678071332
36990533,0.7336905839912932
36990535,0.061682502985184094
36990536,1.0995391937902557
36986094,0.12257839837375807
36986095,0.07732527986699285
36986096,0.07241572839522416
36986097,0.35867769805642813
36986098,0.07550816463836627
36986099,0.1482373140712995
36986100,0.10462276385670662
36986101,0.06389418198027849
36986102,0.11386018198753306
36986103,0.10930111265537941
43422439,0.28046187291295865
43422440,0.13783627767234163
43422441,0.13372935399828667
43422442,0.11630813281861722
43422443,0.14914601245900133
43422444,0.4504648538478426
43422445,0.22673668231823738
43422446,0.2250202827576441
43422447,0.1553989590325
43422448,0.3097392439825544
36964404,0.08968946340147371
36964405,0.08161428422773476
36964406,0.3735473190952442
36964407,0.07849987258172456
36964408,0.1565618622782498
36964409,0.18708021301045422
36964410,0.1566965832004864
36964411,0.2705239171529585
43425664,0.20590714998237802
43425665,0.11643123861957362
43425666,0.11091457457353512
43425667,0.2090810657803117
43425668,0.5206341663052352
43425669,0.2685259454663617
43425670,0.5032390591374273
43425671,0.14200996588325088
43425672,0.1362463358439286
43425673,0.18481335296083665
43425600,0.1372560772570351
43425601,0.13834424917931223
43425603,0.11923478506394088
43425604,0.1619059924785594
43425608,0.12634539180506743
43425609,0.14251149709398106
36991733,0.09377022941856855
36991734,0.1264805638558597
36991735,0.2814219560990183
36991736,0.7504692684721054
36991737,0.11589113053827084
36991738,0.10162371912143427
36991739,0.2795543872708638
36991740,1.327414329354748
36991741,0.38443945390038636
36970083,0.04080021840073958
36970085,0.039803048582546886
36970086,0.0414061871602795
36970087,0.0463969891554163
36970088,0.04233125067768671
36970089,0.04242942415764886
36970090,0.04412753755831074
36970092,0.03975941853202738
36974696,0.04618599719133304
36974697,0.10265657412915397
36974698,0.10570303038584883
36974700,0.13532225344194268
36974701,1.1877855000110504
36960566,0.27143872129801716
36960567,0.10190086316989101
36960568,0.13210076952550037
36960569,0.4815263755622374
36960570,0.2341619372255498
36960571,0.165089406996004
36960572,0.11013325395277725
36960573,0.18184778902956364
36960574,0.07678709247812573
36960575,0.10740302789696293
36964246,0.12067302478235652
36964247,0.07208195443186169
36964248,0.1653337852567924
36964249,0.3305747257962252
36964251,0.16375840631273023
36964253,0.20975665782743821
36964254,0.2014717636883227
36964255,0.2509505534848715
36957131,0.23577546139387498
36957132,0.8711953933343948
36957133,0.16874215823814112
36957134,0.20866167458341128
36957135,0.7955674612006469
36957136,0.1268301970233538
36957137,0.22723922258981966
36957138,0.2002267519270267
43425090,0.22537852943655565
43425092,0.39905557502211025
43425094,0.6535809864357874
43425095,1.3253648102678415
43425096,0.17328727914082456
43428327,0.28787508275589985
43428328,0.298657503987166
43428330,0.18718995465074303
43428331,1.325633525292566
43428332,0.09076004083925805
43428333,0.26658164907243875
43420370,0.10986420212089285
43420371,0.09684298926414774
43420372,0.2466691224298248
43420373,0.2805114979447545
43420374,0.10824208689361613
43420375,0.1804650261272778
43420376,0.13192943784240874
43420377,0.19095602316057841
43420378,0.11565866472757186
43420379,0.0895198121145251
36960747,0.10392596354579468
36960748,0.11990689361871035
36960749,0.09869505060886419
36960750,0.21010865104671128
36960752,0.16039846646460673
36960753,0.15719337195838526
36960755,0.1921830045773007
43425141,0.19468959751965706
43425143,0.36418950295214264
43425144,0.18566945697289908
43425145,0.31162924343609055
43425146,0.21850387746019018
43425147,0.251835853908175
43425148,0.25779130312848864
43425149,0.4545171220901535
43425150,0.17549550858770352
43431216,0.10244244536283059
43431217,0.504179561276818
43431218,0.2516105460892668
43431219,0.40889582771649113
43431220,0.22039284028192144
43431221,0.24049799278630635
43431222,0.22254805116169313
43431223,0.20486905188612764
36955973,0.1823015922209865
36955974,1.3636512186225511
36955975,0.763238870209386
36955976,0.43434301807345244
36955977,0.2000619557603941
36955978,0.167007176628081
36955979,0.5691265701526222
36955980,0.22818452205318307
36955981,0.5226801575874529
43432850,0.2800394359857114
43432851,0.23136708555807564
43432852,0.2729763344261514
43432853,0.6423426570916396
43432854,0.3301275755041428
43432855,0.24764184571604037
43432856,0.29781377485743693
43432857,0.7291359413381652
43432858,0.4880574692069768
37011896,0.24969690029935832
37011897,0.14138382482313885
37011898,0.11715997751762491
37011899,0.11474016363169154
37011900,0.1419902733655646
37011901,0.121185537844504
37011902,0.14327479824806674
37011903,0.0895248947426907
37011904,0.6261954060810191
37011905,0.4904336436930655
36964657,0.3032578414679319
36964658,0.1610040048444802
36964659,0.23127838034288548
36964660,0.407114941252572
36964661,0.4578645149660028
36964662,0.26340541692858493
36964663,0.24407513174492848
36964664,0.3246944400934442
36964665,0.4371537421679712
36964666,0.19835175670654967
36957204,0.09666453592969411
36957205,0.22394669542570117
36957206,0.15856008658297555
36957207,0.08209865872444273
36957208,0.37809409409292716
36957209,1.1954438284443876
36957211,2.4941703806483373
36957212,0.32982606378995444
36957213,0.1639573111729076
43421977,0.26292665453321856
43421978,0.29246009802117845
43421979,0.2827030253652501
43421980,0.8083376294648156
43421981,1.6191766954619216
43421982,1.1679807387164702
43421983,0.3995891319676937
43421984,0.1827412869361855
43421985,0.36696669332288906
36962250,0.15852829285554393
36962251,0.19111337192933844
36962252,0.16014986268618875
36962253,0.16416224415101177
36962254,0.18972706807957687
36962255,0.23584664668868438
36962256,0.22059460808404519
36962257,0.1623655608936442
36962258,0.1539515156894899
43420229,1.4643947588409154
43420230,0.5645642477522002
43420231,0.3811748547715622
43420232,0.17907718805816802
43420233,0.607779197848785
43420234,0.18280539465750595
43420235,0.43409520166121723
43420236,0.6897446153054821
43420237,1.043892381329034
43420238,0.5570290796021209
43427599,0.1863142826659854
43427600,0.1168203166142639
43427601,0.0860670704326572
43427602,0.09526670916437197
43427603,0.24953192611914313
43427604,0.1511245880953463
43427605,0.4498487738406382
43427606,0.14765973955937525
43427607,0.07794916384357417
36964487,0.6425929355190151
36964488,0.12479446015179428
36964491,0.41366020131075487
36964492,0.1230720089869025
36964493,0.22743784080032942
36964494,0.35235161416677757
36964495,0.13337567552981885
36964496,0.10015246558460139
36997973,0.22862621248321316
36997974,0.2733481083783121
36997975,0.09532564957451974
36997976,0.10178852232140566
36997977,0.17751175643949155
36997978,0.10897157372900873
36997979,0.0753156441526377
36997980,0.1191341245270403
43432983,0.49427281110072474
43432985,0.1078390852348303
43432986,0.1374717244143548
43432987,0.11660101066044697
43432988,0.22153962584599257
43432989,0.17639482374827697
43432991,0.2793656622098134
43426135,0.17823817156731633
43426136,0.16061845161814522
43426137,0.19851236214933174
43426138,0.11887369986924325
43426139,0.12855624662229131
43426140,0.23515678743976473
43426141,1.224604725780982
43426142,0.14854101277850268
36974382,0.038722441323520686
36974383,0.038378362843308214
36974384,0.030905312978837106
36974388,0.04055165719168406
36986669,0.3829787781748856
36986670,0.2918724518049114
36986671,0.06792845142218047
36986672,0.606553863637896
36986673,0.5222495360202583
36986674,0.05729037783124061
36986675,0.29669772792958343
36986676,0.4227860438236376
36986677,0.32392422511464924
36986678,0.22572502407102432
36957403,0.1482611410732937
36957404,0.3875273627132295
36957405,0.18687712325787492
36957406,0.18818096839278228
36957407,0.37707214448620724
36957408,0.28776860076180444
36957409,0.2989095491665929
36957410,0.16651151630179117
36957411,0.5800404923146452
43424815,0.059151970336613714
43424816,0.0920501487886196
43424817,0.21284580779791443
43424818,0.0766456337602365
43424819,0.17682205040263246
43424820,1.9125051815753586
43424821,0.09279273732608738
43424822,0.23945086621414974
43424823,0.1370820195657039
43424824,0.062126646262103576
43420737,0.11973028822790202
43420738,0.11115241564634272
43420739,0.11636627418907151
43420740,0.30694649905930876
43420741,0.15027951231393047
43420742,0.08069229876063094
43420743,0.4047894898726782
43420744,0.1165790788622169
43431451,0.42101258771872396
43431452,0.10710393751576122
43431453,0.41679827397502783
43431454,0.522429016709465
43431455,0.09943160213094407
43431456,0.1549169730152621
43431457,0.4746402260625465
43431458,0.4585131256077074
43431459,0.2629596300764052
43427781,0.18192896101978692
43427782,0.11012128620679647
43427783,0.38786090508874843
43427784,0.1356539036077676
43427785,0.13324435082116928
43427786,0.4804153799632394
43427787,0.10163411076724678
43427788,0.1883522819130805
43427789,0.1502732652064164
43427790,0.10832795881774476
43429279,0.1486260236842449
43429280,0.16059475811565216
43429281,0.3327272247229857
43429282,0.11172859671887549
43429283,0.22416661677783414
43429284,0.14262957353306216
43429285,0.1293663623301393
43429286,0.09935078030481535
43429287,0.17640058504720588
43429288,0.2924389110636503
43429116,0.2128552005790888
43429117,0.1040181635033385
43429118,0.1425500719857637
43429119,0.09053390291504718
43429120,0.15370112034434913
43429121,0.5484919350574429
43429122,0.17462198193760625
43429123,0.12039481581324422
43429124,0.1170127320724851
43429125,0.10455445016544436
43426088,0.23909249905732047
43426089,0.340826486321376
43426090,0.4403017582929852
43426091,0.1891754084693455
43426092,0.12920468279168573
43426093,0.1397400123605371
43426094,0.36632747114224345
43426095,0.10879913611499809
43426096,0.22369532725651767
43426097,0.15246836308798511
43428597,0.2724131437565826
43428598,0.1928774983329549
43428599,0.29892851912219826
43428600,0.20122133459205085
43428601,0.20450276883967408
43428602,0.5704830249072953
43428603,0.3180715202716701
43428604,0.2825968631821385
43428605,0.2667778382718879
43427566,0.14620164535157998
43427567,0.2181844487658105
43427568,0.5205359394765404
43427569,0.2310124188108756
43427570,0.2211283079587691
43427571,0.288543111345226
43427572,0.28917869671302004
43427573,0.5994382973438148
36989438,0.11963799897117357
36989439,0.21364124058834466
36989440,0.11884170342948977
36989441,0.5909176698617545
36989442,0.244320920450074
36989443,0.9141189445357465
36989444,1.091896136546833
36989445,0.5317799666852039
43419201,0.2828736023626022
43419202,0.22903273589863943
43419203,0.3263877467867121
43419204,0.20339720915540516
43419205,0.15918431436718825
43419206,0.28887836986264726
43419207,0.46924365638823695
43419208,0.3348611267091503
43419209,0.2455643195369372
43419210,0.13376769444079556
43428285,0.2315657773761178
43428286,0.32717146673010233
43428287,0.14016170425564545
43428288,0.17667761452848701
43428289,0.3068000734288138
43428290,0.6856930629281233
43428291,0.3415658617383965
43428292,0.30674485220853576
43428293,0.3927610149001641
43428294,0.13736300925153178
43422153,0.21481110400750902
43422154,0.45186089648224054
43422155,0.13173906901607876
43422156,0.24294798897479086
43422157,0.2387410088270235
43422158,0.31861529868814636
43422159,0.45354252138107903
43422160,0.2432903878481285
43422161,0.16983154435092088
43422162,0.43636429093363405
36955291,0.16646294760873898
36955292,0.12045377660292444
36955293,0.23068819375538774
36955294,0.14563778827574297
36955295,0.23280021389675895
36955296,0.19213218937020055
36955297,0.3228625152342338
36955298,0.17046646945632668
36955299,0.12422381710999797
36955300,0.1373494627852841
36959210,0.2017201518729935
36959211,0.2844844891479681
36959212,0.09851365280018258
36959213,0.12360937844459052
36959214,0.1616128248834216
36959215,0.1520103648976384
36959216,0.08221394349817948
36959217,0.10742462125092934
36959219,0.776867852796103
43422533,0.18123429875586808
43422534,0.9457280189099397
43422535,0.13872239352885551
43422536,0.2868509021351033
43422537,1.9550271261566725
43422538,0.1612874463345084
43422539,1.1063849585798056
43422540,0.5857738013215218
43422541,0.1774518277893022
43422542,0.19510137831438643
43422939,0.25669394366905024
43422940,0.43330853445236706
43422941,0.4146859901459384
43422942,0.10916774346055429
43422943,0.2081755708778197
43422944,0.284070508521083
43422945,0.32285463598726133
43422946,0.32411920239722947
43422947,0.33859141646293334
43422948,0.2415501873088698
36976138,0.7518328922379168
36976139,0.09238703696984013
36976140,0.1350716921218179
36976142,0.12128410695017434
36976143,0.12908017394046656
36976144,0.7743271059574078
36976145,0.29233452735215837
36964034,0.4284002660227163
36964035,0.47344723296661306
36964036,0.23253897993857686
36964037,0.1769601447911444
36964038,0.775932871580675
36964039,0.3019530304238088
36964040,0.5405653499192634
36964041,0.7740200028466004
36964042,0.36282555708374115
36964043,0.6180646673452891
36982543,0.33354207793444446
36982544,0.14622299892789947
36982545,0.1879043236376522
36982546,0.2943526769069031
36982547,0.24485599035676142
36982548,0.4355328540639501
36982549,0.207963160378615
36982550,0.255383825074469
36982551,0.16485377744672797
36982552,0.12803830171300926
36986809,0.13589036770839397
36986810,0.14935912293951908
36986814,0.08146987295022666
36986815,0.0992256250366266
36986817,0.08106344168909843
36994529,0.45697985309358063
36994530,0.2628683150220044
36994531,0.1822564905258753
36994532,0.5291065249567072
36994533,0.18088288824281995
36994534,0.5614162256760661
36994535,0.23411215613580447
36994536,0.1729225523827179
36994537,0.21755689300240696
36994538,0.6187442666985843
36997656,0.24325401784731113
36997657,0.18324459661436637
36997658,0.22634483960815757
36997659,0.21769884844133428
36997660,0.22020627459593875
36997661,0.6837975410262151
36997662,0.2051929502689814
36997663,0.20458806227186274
36997664,0.16848828219194423
43430650,0.5077227422981705
43430651,0.7221196065310844
43430652,0.20002016381635085
43430653,0.21738054138697185
43430654,0.3597390708888452
43430655,0.3329965015217328
43430657,0.564659905495739
43430658,0.2451689322586132
43430659,0.21981506637626289
43421584,0.3647099864132668
43421585,0.44118286616558205
43421586,0.48504860093556795
43421587,0.2760943020151006
43421588,0.22230468155100175
43421589,0.11410121465508664
43421590,0.2722430478353077
43421591,0.4398911673279256
43421592,0.2966597495814834
43421593,0.408481716143924
36970116,0.19231989049686352
36970117,0.17115706531226643
36970118,0.20429532708234688
36970120,0.1656731922898601
36970121,0.18323601711868293
36970122,0.17282951941113792
36970123,0.17566691210445526
36969432,0.08876185603791914
36969433,0.06311494324905158
36969438,0.07058094294614141
36969440,1.6298528252120346
36962666,0.27025695386867576
36962667,0.2309227668439846
36962668,0.5584928080900008
36962669,0.3241101970202569
36962670,0.4874115168376691
36962671,0.6132172356597018
36962672,0.3296509298018189
36962673,0.492045153239005
36962674,0.27142269224915805
36962675,0.15820904287686027
36959548,0.18224025971724903
36959549,0.1990712327930846
36959550,0.4070230126102302
36959551,0.4130450589500755
36959552,0.20578668493684632
36959553,0.19290381450668204
36959554,1.4675482000027742
36959555,0.11506624281193704
36959556,0.27815041023547715
36959557,0.5270728918736812
43424940,0.1318916148175964
43424941,0.12905230418730337
43424942,0.09454766168579415
43424943,0.09007368573927778
43424944,0.11504635677216131
43424945,0.12659307048741333
43424946,0.34248390769071135
43424947,0.11338339482540402
43431659,0.14538827601693807
43431660,0.12709039986534512
43431661,0.09964458169948585
43431662,0.20110724588166717
43431663,0.4048046229004386
43431664,0.11866935564835009
43431665,0.14654058832879469
43431666,0.09864659770522957
43431667,0.10343983538984204
36960539,0.06358412585951816
36960540,0.05739375301243401
36960541,0.13259640033120682
36960542,0.061378414992051884
36960543,0.04429117181465352
36960545,0.05760537904680313
36960546,0.04380354867628868
36960547,0.14023378193523273
36960548,0.07543688244311401
36969102,0.11661138874950829
36969103,0.2231585470340506
36969104,0.12663910800669007
36969105,0.09541544647211089
36969106,0.12538569690471052
36969107,0.20528098508089918
36969108,0.12567226465817966
36977963,0.3075281508543828
36977964,2.0113243787212145
36977965,0.22305545569828847
36977966,1.8593721216254417
36977967,0.15629141452220766
36977968,0.4854225025215505
36977969,1.094249263891321
36977970,0.5856030660204382
36977971,0.08932046546207521
36977972,0.10705340698409478
36975353,0.48880765514917746
36975354,1.075665166246963
36975355,0.4505165319662179
36975356,0.31717499050824366
36975357,0.2997220479789874
36975358,0.49861124201858276
36975359,0.6928146023465154
36975360,0.3311407972021098
43420090,0.3446910509008911
43420091,0.32967870197536975
43420092,0.37122466627962836
43420093,0.2988945643525999
43420094,0.3564183617533068
43420095,0.6716329684493723
43420096,0.4284541811402497
43420097,0.3469317982039881
43429927,0.2411694187556956
43429928,0.6578577044677265
43429929,0.11282543291344317
43429930,0.3243772819694955
43429931,1.7285471304455113
43429932,0.38628702229006534
43429933,0.4859377153291699
43429934,0.18012543755574037
43429935,0.46389804446147304
43429936,0.2886766914963869
36989421,0.235021264344478
36989422,0.17084059313742384
36989423,0.42446036891339795
36989424,0.20206097324399866
36989425,0.18238444228779382
36989426,0.15779070534989414
36989427,0.6256010878339666
36989428,0.1775005055652641
36989429,0.1656108418759302
36989430,0.2273682917016114
43430640,0.23201714777429153
43430641,0.5036606182588863
43430642,0.48741441596850726
43430643,0.3059188470625358
43430644,0.37374183207273837
43430645,0.3636607652673548
43430647,0.24531598070939128
43430648,0.36153217315643743
43430649,0.23043009280392945
36995242,0.7753225167085814
36995243,0.26140157559508886
36995244,0.6496133076917487
36995245,0.7532824622424836
36995246,0.1765559114208843
36995247,0.21433684562097918
36995248,0.19167799733962065
36995249,0.8532841890644906
36996298,0.4521511150592297
36996299,0.20815610970478
36996300,0.9774668051480555
36996301,0.4666220886257612
36996302,0.13778472388155047
36996303,0.5324351184207232
36996304,0.3847861849645593
36996305,0.2692686764323291
36981926,0.2676968291769614
36981927,0.30449489458362217
36981928,0.6050573173282537
36981929,0.28477701652096443
36981930,0.3886884883195869
36981931,0.2688604963479898
36981932,0.2512320600258295
36992396,0.3468887686222719
36992397,0.627604324740728
36992398,0.4875581532575204
36992399,0.4525575367962058
36992400,0.3863482636780823
36992401,0.37871959983357256
36992402,0.41908365586737456
36992403,1.2471872272977107
36978918,1.2227848819811873
36978919,1.081983401988997
36978920,0.17555661817689164
36978921,0.39736027163860466
36978922,0.7017926653430797
36978923,0.2183687850964326
36978924,0.42235919563247126
36978925,0.3814831499161997
36978926,0.34879241124075766
36978927,0.44024367404426934
43421409,0.14870108560120623
43421410,0.27203677353513345
43421411,0.21974949591669962
43421412,0.27292129995953873
43421413,0.18110704098103542
43421414,0.27609700122623443
43421415,0.21970594782956743
43421416,0.2231526832386464
36974497,0.11457090440472882
36974498,0.22885023865538656
36974499,0.1366988249337603
36974500,0.18730336467646197
36974501,0.5012433571389195
36974502,0.12863594429605982
36974503,0.3458515463478567
36974504,0.1895738910262921
36984955,0.2832153122882406
36984956,0.3966921149035534
36984957,0.38031153484855096
36984958,0.4060882167257486
36984959,0.24213747587868376
36984960,0.30152612585697564
36984961,0.4873701594423569
36984962,0.2458345372261632
43427194,0.8212041433561726
43427195,1.2417195449607297
43427196,0.33916997714523694
43427197,0.21335647821572987
43427198,0.5997045596846361
43427199,1.9409631018557991
43427200,0.5317209516012759
43427201,0.2732110789599831
43427202,0.31170482790515325
43427203,1.1317975664840199
43426873,0.24457979858804574
43426874,0.24079867824382933
43426875,0.46425574379477097
43426876,0.19573896666560398
43426877,0.4335179150232798
43426878,0.3808993910601566
43426879,0.27887192029617
43426880,0.29433493923550746
36956498,0.3224104445060802
36956499,0.910580345136941
36956500,0.34195371355137705
36956501,0.5025012377051682
36956502,1.4588303859862608
36956503,0.47871392280367847
36956504,0.2990878211081693
36956505,0.9029053157379845
36956506,0.23149689188154124
36956507,0.19250550486945225
36957346,0.9906693370231687
36957347,0.1948321019432902
36957348,0.14965600458298853
36957349,0.23214028696866026
36957350,0.13422394522609182
36957351,0.2732423379836073
36957352,0.30032921748785896
36962414,0.14485048780564322
36962415,0.1263770252517479
36962416,0.19695932148153866
36962417,0.1981725181782178
36962418,0.2378620070815102
36962419,0.19192573350291828
36962420,0.20826596436582762
36962421,0.1688174107838311
36962422,0.3288463261277899
36962423,0.1384599380990745
36959370,0.18483192170472135
36959371,0.07871596515507953
36959372,0.05927988621415535
36959373,0.20649083195876158
36959374,0.08983746777516638
36959375,0.06790208712846574
36959376,0.09838749754940655
36959377,0.08888727562164898
36959378,0.11242927717213938
36979503,0.09715006756391845
36979504,0.09009229654575385
36979505,0.09564912325150295
36979506,0.4519547312944552
36979507,0.15264200090264826
36979508,0.0940606504260443
36979509,0.09042400868692078
36979510,0.11302621459079719
36982025,0.15485151610588546
36982026,0.1495918780398712
36982027,0.15187753935917866
43431920,0.1486514940333561
43431921,0.15482212046453098
43431922,0.0886891702949062
43431923,0.3133743015430025
36993078,0.2296331762304134
36993079,0.7274455002759411
36993080,0.4386171719501534
36993082,0.5272319672735559
36993083,1.7216257207928192
36993084,1.7206900384739956
36993085,0.5355087451033201
36993086,0.68025673094083
36964431,0.07788616470498842
36964433,0.14793503052593207
36964434,0.07858059226935026
36964437,0.1315164078710225
36964438,0.09891255249235806
36964439,0.14452060902860753
43429325,0.17986081177540128
43429326,0.5985446370995409
43429327,0.49921291753470837
43429328,0.7463423408675844
43429329,0.19030405631966468
43429330,0.6497370002869309
43429331,0.06533080651365751
43429332,0.2800943531193142
43429333,0.1274104624568232
36966422,1.8491658900900232
36966423,0.5747340003639924
36966424,0.17882492511881398
36966425,0.38914245913918083
36966426,0.08223602824128344
36966427,0.18102836023565072
36966428,0.3928038805670873
36966429,0.12237525405828814
36966430,0.14036840113878857
43419293,0.16965662237654477
43419294,0.5051070171693145
43419295,0.705158362964205
43419296,0.44782179422198765
43419297,0.35809566796938697
43419298,0.09987231392276691
43419299,0.11672085687893605
43419300,0.8295183498385291
43419301,0.753562409252811
36976355,0.20846469709561616
36976356,0.27909445659370136
36976357,0.28739482820956974
36976358,0.09833339161637877
36976359,0.35509935322391767
36976360,0.25862731906507014
36976361,0.35883058142282165
36976362,0.4498805433755491
36976363,0.6061815828005495
36976364,0.21545382186044906
36983729,0.2177755459691251
36983730,0.12335358608838114
36983732,0.18076284121788355
36983733,0.08588752138629707
36983734,0.10294593916200871
36983735,0.5940684933001711
36983736,0.11458977793487742
36983737,0.09434925163056704
36965745,0.20600052665056529
36965746,0.20454617091880448
36965747,0.18832444409044652
36965748,0.32799066717039543
36965749,0.22212409020122129
36965750,0.20143265528500462
36965751,0.19133123602899596
36965752,0.20560538218667285
36965753,0.1909561371723102
43425510,0.11701665485562363
43425511,0.6517723754355472
43425512,0.6937193206336512
43425513,0.4883963212280896
43425514,0.13189107325809826
43425515,0.4713534885116381
43425516,0.3588876963333953
43425517,0.29308025095126755
43425518,0.15299973171408648
43425519,0.1676607515621862
36971484,0.09975490321685944
36971485,0.13520802909007812
36971486,0.16981570212042715
36971487,0.21053798896265163
36971488,0.09857906650517287
36971489,0.14281937142971918
36971490,0.13598268879427555
36971491,1.138154231369542
36971492,0.09055593344078101
36971493,0.11127192796352864
36985538,0.10862542051946579
36985539,0.14090207768034269
36985540,0.12344660027163688
36985541,0.05985713167489432
36985542,2.288637277557984
36985543,0.056849522975265764
36985544,0.17136193525534923
36997250,0.0788256491866594
36997251,0.08275383125197809
36997252,0.2675143972829912
36997253,0.22903742825647028
36997255,0.2613952994413448
36997256,0.0856467143959831
36997257,0.13836870794152265
36997258,0.13068260447719743
36997259,0.23712298903757797
36961497,0.5425937649121956
36961498,0.40875870497376415
36961499,0.188643288600411
36961500,0.18187852294069284
36961501,0.14478782946786742
36961502,0.31080366576421903
36961503,0.13358469047797192
36961504,0.12197356031324826
36961505,0.09566233458825169
36961506,0.11084678382838214
36989300,0.5991872894224083
36989301,0.22290865382941444
36989302,0.5190187714327097
36989303,1.0873485939824068
36989304,0.1876771732453916
36989305,0.40469711166850814
36989306,0.13810727734677683
36989307,0.6991247450205119
36989308,0.1536278958948262
36970892,0.05808936429816245
36970893,0.048979072522907494
36970894,0.06038733208711611
36970896,0.06571794138271227
36970897,0.07358440423037517
36970898,0.06699311800673736
36970899,0.06232976391557143
36970900,0.0548489178406862
36970901,0.039212782549156944
36970278,0.10779665012944237
36970279,0.1642210363969438
36970280,0.08591989284771384
36970281,0.19360567018377245
36970282,0.12144738525415916
36970283,0.11228117017874843
36970284,0.11660112659893869
36970285,0.10390180950407973
36970287,0.12980375737999572
36972703,0.12850015939945858
36972704,0.14181987447371064
36972705,0.11446124774377743
36972706,0.12468032770869283
36972707,0.11813346714515623
36972708,0.13070313773571315
36972709,0.10687236780382636
36972710,0.13026347077220987
43425492,0.22723687157531341
43425493,0.11729118746374904
43425494,0.08221774078548695
43425495,0.7281293694578658
43425496,0.2396906333110949
43425497,0.1259953643914849
43425498,0.4720328570081628
43425499,0.0900578264768379
36960274,0.22111660161559446
36960275,0.23323897804304253
36960276,0.14270255983086
36960277,0.21063656588062374
36960278,0.23741918607838455
36960279,0.1551576812574096
36960280,0.25417149891300767
36960281,0.15011434668899326
36960282,0.17336340978322207
36960283,0.1659096278148148
43420451,0.158122972231473
43420452,0.3341619637542695
43420453,0.44928129374725406
43420454,0.42067377410715073
43420455,0.6991663389285188
43420456,0.3367109563118755
43420457,0.6526916236071223
43420458,0.4318905858963874
43420459,0.10777245161018455
43420460,0.4945050213122742
36996097,0.2064051645355416
36996098,0.16933268528566284
36996099,0.1798558523568728
36996100,0.15851936335317424
36996101,0.20576181555749595
36996102,0.18076127124441907
36996103,0.1595479613133085
36996104,0.15665364218941322
36996105,0.16773352891918725
36996106,0.24779582302180708
43420667,0.7480637842023804
43420668,0.22123134423118304
43420669,0.1566157124920835
43420670,0.3312589193101246
43420671,0.15269211045810607
43420672,0.21042461490509373
43420673,0.17780154336351123
43420674,0.28771126547851167
43420675,0.24890553318862219
43420495,0.22744259207829057
43420496,0.12860547885955403
43420497,0.1379244576263837
43420498,0.10768648277850182
43420499,0.139500825428329
43420502,0.14405698086814914
43420503,0.1959517065975018
36970842,0.20331795007630069
36970843,0.11098575289952592
36970844,0.2959173963435634
36970845,0.3056965667718821
36970846,0.19682801087765037
36970847,0.3291197974711971
36970848,0.17981287222310102
36970849,0.2868548067841009
36970850,1.0426525273474057
36970851,0.13302626842180781
36958418,0.4624455884291611
36958419,0.15824199036546438
36958420,0.46479814712235873
36958421,0.11716141725119693
36958422,0.13353628567158948
36958423,0.12908178156519254
36958425,0.4071161830476794
36989833,0.2484690406281898
36989834,0.2740591965018354
36989835,0.13413016466345962
36989836,0.18458589944018264
36989837,0.14125941725739893
36989838,0.2901586110031148
36989839,0.13412653779651787
36989840,0.30927321252477546
36980353,0.16516391787811374
36980354,0.22575615143775624
36980355,0.26430286253795066
36980356,0.1442664902112025
36980357,0.13162061076320952
36980358,0.14126920009588134
36980359,0.22035889802664482
36980360,1.2383206351403226
36980361,0.28114236865256387
36980362,0.15511247980096438
36998822,0.22993941442571347
36998823,0.24057158925918237
36998824,0.2711624448158691
36998825,0.20850193201512116
36998826,0.25473931937000305
36998827,0.20978974227017408
36998828,0.23472782671148631
36998829,0.17743381508968414
36998830,0.2348660224871995
36998831,0.21544631109925175
36982151,0.36733837966778743
36982152,0.2802487343014708
36982153,0.4163443511922721
36982154,0.40496169650279884
36982155,0.40493790574569366
36982156,0.286901884688331
36982158,0.35168226975072314
36982159,0.293702643208162
36982160,0.2193771579507161
36967530,0.1839214100822408
36967531,0.33136385667024293
36967532,0.18020606625974636
36967533,0.1175117639608885
36967534,0.21926907386392427
36967535,0.12204774907928981
36967536,0.4031770575725807
36967537,0.10646505654820107
36967538,0.10904942305225629
43426946,0.22287807117654923
43426947,0.26190940587406486
43426948,0.12634563223363562
43426949,0.11569910965201043
43426950,0.5597642820202522
43426951,0.11209362943515148
43426952,0.2724261299993454
43426953,0.23114985612091987
43426954,0.26905714184603885
43426955,0.19661055629265384
36961022,0.30443849019489716
36961023,0.15487582797761124
36961024,0.5145199347545927
36961025,0.25028274328726813
36961026,0.27732231368791443
36961027,0.48265240301866447
36961028,0.1456306622179613
36961029,0.19149085508222904
43423598,0.20704893240039687
43423599,0.14896837493048526
43423601,0.2612782866616669
43423603,0.36445496246154196
43423605,0.1221085845356062
43432066,0.29188041693963573
43432067,0.11034913515727478
43432068,0.3409979770736297
43432069,0.09945003824020399
43432070,0.23890800731696743
43432071,0.29160767786246666
43432072,0.17415940021672718
43427709,0.21956620152735373
43427710,0.6823221146758133
43427711,0.2531695445034389
43427713,0.2714024292178988
43427714,0.1508324273860854
43427715,0.16924801504161868
43427716,0.14296410175757926
43427717,0.36680195941489024
43426691,0.23417481925608352
43426692,0.29368573446593327
43426693,0.19159347274972538
43426694,0.3203081147980553
43426695,0.21392420164159873
43426696,0.1738992447772671
43426697,0.316340850933481
43426698,0.2099474609317963
43426699,0.2383285122296585
36957554,0.08517167670455664
36957555,0.08783951768064129
36957557,0.1115185004780172
36957558,0.08597101223082289
36957559,0.3541493977670611
36957560,0.13336154693121588
36957561,0.07952989455530456
36957562,0.13631587715676827
36957563,0.08741644196027297
36997043,0.07536194567359077
36997044,0.06586762460605194
36997045,0.0788913863560724
36997046,0.07583634909801969
36997047,0.5926737732069184
36997048,0.07039882525226131
36997049,0.2147277120504526
36997050,0.06550751236556547
36997051,0.2595018940857771
36993575,0.7128527013434199
36993576,0.1747378119605112
36993577,0.286076487222442
36993578,0.15051707496221933
36993579,0.2626077315871276
36993581,0.2831387685744862
36993582,0.1751221852958907
36993583,0.31476435064235414
36988341,0.2513526458372947
36988342,0.23102981370210177
36988345,0.25253916161387874
36988346,0.31307474945849756
36988348,0.2441806615733394
36988349,0.10640790052829388
36988350,0.08966076767280448
36959996,0.13997339815874257
36959997,0.12074931009211928
36959998,0.20749034003554498
36959999,0.7330348917120898
36960000,0.22435257237930598
36960001,0.5099938927110876
36960002,0.6335505745761598
36957882,0.12450008442543402
36957883,0.2181067472967175
36957884,0.16664054207632295
36957885,0.37543709336196174
36957886,0.3087010390403342
36957887,0.5303086360832813
36957888,0.35239284525176023
36957889,0.3212788875036359
36957890,0.209256281685558
36957891,0.12396318371569033
36963676,0.11387577469109028
36963677,0.12635844864534287
36963678,0.0857872285408257
36963679,0.24924798510548923
36963680,0.11839320321508286
36963681,0.14760331278881542
36963682,0.19668376755122105
36963683,0.09835485496598378
36963684,0.11229256279100071
36961862,0.11355282251011851
36961863,0.2509936774206816
36961864,0.14948718853874815
36961865,0.2872495597250345
36961866,0.22020213708053757
36961867,0.1054262266163411
36961868,0.1302436405974899
36961869,0.3758906253193653
36961870,0.1648912238844563
36995496,0.26476778553563113
36995497,0.17767335196867173
36995498,0.3494605912759468
36995499,1.6264259622491002
36995501,0.30779965072120075
36995502,0.13865293250422117
43431588,0.13013134938641666
43431589,0.24378634383089215
43431590,0.12751699764461533
43431591,0.13106193474599648
43431592,0.1467801413060592
43431593,0.23826864187683772
43431594,0.12216914028623768
36974139,0.05013814152118728
36974140,0.06807791798212362
36974142,0.09249367205976493
36974143,0.11725136067335677
36974145,0.05810257998923883
36974146,0.06290505760818091
36956518,0.11833223222295915
36956519,0.2421434453692834
36956521,0.37709358907843427
36956522,0.34713358016317764
36956523,0.13384956084485156
36956524,0.17936826288383367
36956526,0.6045990225343856
36958270,0.14122560652708466
36958271,0.20194912221130393
36958272,0.1343253267396511
36958273,0.12834098887458967
36958274,0.057102320596664785
36958275,0.06973215984808938
36958276,0.059979186291758295
36958277,0.09756772662709458
36958278,0.14378349275038232
36958279,0.08463173807809869
36969145,0.11074490493861233
36969146,1.5725305281168636
36969147,0.07384720600697975
36969148,0.20506246227693806
36969149,0.09655196291639265
36969150,1.3206370908506104
36969151,0.13207658498898622
36969152,0.2826377165692685
36969153,0.07298880823917499
36963504,0.4164369965853946
36963505,0.17463223643205616
36963506,0.8724137778757044
36963507,0.22329242316059644
36963508,0.22370219217645512
36963509,0.5011783645441461
36963510,0.11360790152709618
36963511,0.12959439682671298
36963512,0.5451333882510603
43424966,0.25394556319083494
43424967,0.20887269273286144
43424968,0.19184260899790323
43424969,0.26182233710075625
43424970,0.24001782009374997
43424971,0.08736052767252737
43424972,0.22296378829060048
43424973,0.4261866575372939
43424974,0.2019556422093179
43421391,1.093344991698201
43421392,0.5665764009907095
43421393,0.8840584196407983
43421394,0.2689689821361122
43421395,0.3076290716761904
43421396,0.3433351134760065
43421397,0.2653338646655164
43421398,0.1744486860947603
43421399,0.4166027963294643
43421400,0.14161504258651159
43424587,0.19875940337649195
43424588,0.11056776256202741
43424589,0.10284266452802787
43424590,0.15208375209487313
43424591,0.5840759279397415
43424592,0.09314101540046425
43424593,0.09688068510775888
43424594,0.10546329765323202
43424595,0.3387887886181524
36960596,0.08716142056083416
36960597,0.13995556618827618
36960598,0.09098109524970177
36960599,0.15408224115296468
36960600,0.08255254780920751
36960601,0.0809623968134844
36960602,0.2634206352755697
36960603,0.0955895222671169
36960604,0.08405904432046213
36960605,0.4746200550234918
36958315,0.35493314150603
36958316,0.78800583721408
36958317,0.24096777154503646
36958318,0.957576568560953
36958319,0.35446169906126307
36958320,0.524043997687403
36958321,0.23496467468284135
36958322,0.31741782857070305
36967372,0.2747632409989787
36967373,0.5711445743031733
36967374,0.332898222752784
36967375,0.412734914230152
36967376,0.4824102044719139
36967377,0.28204509832446834
36967378,1.0844496416958682
36967379,0.8926505319615652
36959063,0.8507501975102616
36959064,0.13000230554809675
36959065,0.29664934203829146
36959066,0.49529125033861515
36959067,0.17994013259488378
36959068,1.4145287074304658
36959069,0.28639744549363694
36959070,0.6205955792128692
36959071,0.1609174740480915
36959072,0.23339491275134908
36967387,0.14905514842596815
36967388,0.16095443577164034
36967389,0.6280735839619622
36967390,0.147816620702854
36967391,0.21147600861747642
36967392,0.21854901212060182
36967393,0.35713260250371015
36967394,0.20029868483446392
36991178,0.17387855431272975
36991179,0.10591920295395726
36991180,0.16896048702896863
36991181,0.29006889615091574
36991182,0.10875398944002118
36991183,0.16897353502622
36991184,0.25353368031396195
36991185,0.5261045979387368
36991186,0.23413967067213343
36978071,0.22142687883226367
36978072,0.26700156295323874
36978073,0.3137622404984523
36978074,0.18299784012504577
36978075,0.48849697240576917
36978076,0.26293856536197485
36978077,0.17803471790415212
36978078,0.2838572142794884
36978079,0.25559597948154245
36978080,0.4661029826777285
43424507,0.48553653334013785
43424508,0.28419407360027477
43424509,0.40594847281234686
43424510,0.2760836554644137
43424511,1.0486908287229542
43424512,0.3106555451444527
43424513,0.14145342936462849
43424514,0.34726689748495765
36955920,0.28350247860345595
36955921,0.08263147040156847
36955922,0.12314678506702854
36955923,0.13767913101749787
36955924,0.1468698746752446
36955925,0.17809844841691444
36955926,0.1886340906281982
36955927,0.11385020677985484
36980864,0.2136915795140011
36980865,0.2955557360217534
36980866,0.14977554188566078
36980867,0.3371532020512342
36980868,0.15067138676575564
36980869,0.35902038942914194
36980870,0.28535768355994456
36980871,0.29111200594724235
36980872,0.29302393321605125
36977009,0.2812196445366132
36977010,0.2849475848470876
36977011,0.07366593272022387
36977012,0.14945318127246418
36977013,0.13148006297773443
36977014,0.14908032524946355
36977015,0.1844880336611307
36977016,0.3802950437061291
36957761,0.512554838435123
36957762,0.44025983769568666
36957763,0.14411985494530163
36957764,0.3523563988891922
36957765,0.1705444937814447
36957766,0.2994460391209834
36957767,0.20980298176333506
36957768,0.38109405128701346
36957769,0.18710061512144205
36957770,0.25482534689077124
36988051,0.5076159667504233
36988052,0.29338577032373014
36988053,0.7381934594592479
36988054,0.3420859094147168
36988055,0.33496388557745566
36988056,0.8516425175324713
36988057,0.6278466078396615
36988058,0.22474102877096205
36988059,0.5486473491652972
43426681,0.5795751531123174
43426682,0.5015761963014103
43426683,0.13802116259708874
43426684,0.33540215642799526
43426685,0.258990120230029
43426686,0.20971934109498894
43426687,0.6640843068345803
43426688,0.2032325816943678
43426689,0.41201236229080146
43426690,0.30062495366206954
36967765,0.25057363287689444
36967766,0.2091211160792312
36967767,1.3771719769740136
36967768,0.2734800977020335
36967769,0.11252052730829498
36967770,0.16893592466932086
36967771,0.19210051305925172
36967772,1.2342121754710602
36967773,0.5974883769023155
36987429,0.26498954621627435
36987430,0.2197174745296764
36987431,0.2402709607574921
36987432,0.3127885923280442
36987433,0.24044830311057094
36987434,0.27557642894067097
36987435,0.2789795173585369
36988332,0.33440143727464167
36988333,0.10398664555405314
36988334,0.09915918454382441
36988335,0.16991618072152892
36988336,0.19656464289024037
36988337,0.11179370739563606
36988338,0.30728646393001624
36988339,0.2685265994349885
36988340,0.21496399702311378
36974227,0.10281760930228732
36974228,0.09026024564910634
36974229,0.10076191184990664
36974230,0.10663269151082835
36974231,0.09289355778915738
36974232,0.13177070615411893
36974233,0.08336868019692355
36974234,0.09956711516509231
36974235,0.1324075144859781
43426563,0.07109131183793073
43426564,0.12465079559820462
43426565,0.08041663713755216
43426566,0.3299269565820895
43426567,0.08378399104149484
43426568,0.08080801168034772
43426569,0.12795343912271065
43426570,0.0915905336931255
43426571,0.3214427331953842
43426572,0.3147732920609939
36986303,0.21331700384743088
36986304,0.6399243592094043
36986305,0.6181285232776969
36986306,0.36444726839491476
36986307,0.254240245630163
36986309,0.6415711151559936
36986310,0.3946472443125739
36986311,0.4334786862943978
36986312,1.5569354386907945
43424414,0.29875225377211967
43424415,0.3535161229542045
43424416,1.3421653056593683
43424417,0.19238422576268555
43424418,0.6372232992203744
43424419,0.2874432373974879
43424420,0.824336847116
43424421,0.5861762714857298
43424422,1.3158969218675716
36957598,0.26003066531248603
36957599,0.5750329056651334
36957600,0.3271277913050965
36957601,0.20257916524515293
36957602,0.4449221240517335
36957603,0.31114821912499147
36957604,0.25579029099389655
36957605,0.25717025719039793
36957606,0.2982358947712414
36957607,0.2681472329917491
36977729,0.2762812613788954
36977730,0.09968443978577628
36977731,0.38027523667409624
36977732,0.39956045086709185
36977733,0.05899004715156669
36977734,0.17196169397054065
36977735,0.222654475794471
36977736,0.21134336692429934
36977737,0.24371470993268832
36977738,0.4599026883023811
36978322,0.6398346721084828
36978323,0.3791106995024957
36978324,0.4391642738769855
36978325,0.181940671484365
36978326,0.15456729344850262
36978327,0.3276109546804365
36978328,0.24460044676484266
36978329,0.14856892204475428
36978330,0.2610406894354246
36983442,0.7277050873556961
36983443,0.5636020385659934
36983444,0.4554297106314397
36983445,0.3608968312485572
36983446,0.540458431305745
36983447,0.2939828332037658
36983448,0.23065475803084784
36983449,0.23423296917057196
36966987,0.5702578968405815
36966988,0.3002330203081716
36966989,0.10226246754999503
36966990,0.5561979028418095
36966991,0.1287737167365362
36966992,0.2509045491345361
36966993,0.16159632825880976
36966994,0.2979546323359115
36966995,0.15989836546252956
36966996,0.12255865321807607
36981813,0.3889176666176057
36981814,0.21396722676447935
36981815,0.5859817184405625
36981816,0.1661335139772568
36981817,0.40254441509528777
36981818,0.27538422892739534
36981819,0.43782828953459313
36981820,0.4993590096057062
36981821,0.4709832967513873
36986147,0.2917361283488885
36986148,0.11965378322929757
36986149,0.17341094955480083
36986150,0.26753780819088885
36986151,0.3341175589287519
36986152,0.20018161466979145
36986153,0.4332458939048236
36986154,0.1985932338017387
36986155,0.39762459331858835
36986156,0.21854573799326776
36979671,0.19028904304169866
36979672,0.19226651749652557
36979673,0.24006385555250323
36979674,0.5603327538464352
36979675,0.5864809351414335
36979676,0.6748860604866949
36979677,0.1784177809422662
36979678,0.18810159373843502
36979679,0.5655745246338607
36979680,0.4989105697721942
36974621,0.10144532833531351
36974622,0.17050883151095686
36974623,0.10606904604471512
36974624,0.2157197859397245
36974625,0.12059859889730629
36974626,0.09516327078262092
36974627,0.10550556455732123
36974628,0.19795896689498388
36974629,0.10494706051812945
36963702,0.053638065964419265
36963703,0.05123182003468066
36963704,0.06145282573094428
36963705,0.05657244535745856
36963706,1.6415744654144016
36963707,0.08248785412705784
36963708,0.06522243314611696
36963710,0.08924819534302521
36984126,0.4159025019996376
36984127,0.47662121659794865
36984128,0.24092575169706348
36984129,0.17284830994002434
36984130,0.4022094602337906
36984131,0.8651421899608879
36984132,0.3553804058668054
36984133,0.20394770407388274
36966521,0.05459351076752343
36966522,0.1457964754529231
36966523,0.2866101869852348
36966524,0.20816809357115096
36966525,0.08049812620801962
36966526,0.05462545266592258
36966527,0.1207362617759235
36966528,0.06651751949830045
36970304,0.04744891249761092
36970305,0.04808946079635629
36970306,0.06538434240189536
36970307,0.06191580921868784
36970308,0.059732062183781034
36970309,0.08074550299102376
36970310,0.06129530869834041
36970311,0.056428244436083075
36970312,0.05128751575617204
36972711,0.0637603984945921
36972712,0.04602214083666291
36972713,0.09753781441756011
36972714,0.05100359830291035
36972715,0.049945631478046974
36972716,0.0801046150187793
36972717,0.05047847088133492
36973030,0.10605700822610416
36973031,0.3822019008781372
36973032,0.18457522727592682
36973033,0.3928294163273029
36973034,0.18275835822871947
36973035,0.39348315915239834
36973036,0.19744860926869193
36973037,0.07624578087783049
36968873,0.42350275606371085
36968874,0.19711173739231247
36968875,0.3232373675462597
36968876,0.1848091681753174
36968877,0.45877637805223626
36968878,0.2806879207518843
36968879,0.19175549918285345
36997557,0.14324904149405684
36997558,0.9280217328029474
36997559,0.3560597942113714
36997560,0.15475983198340035
36997561,0.15513483848064505
36997562,0.3488814834396452
36997563,0.1520912152600731
36997564,0.39433518222466607
36974806,0.26801632329014835
36974807,0.7443612063990955
36974808,0.10792358788125181
36974809,0.18520274121217273
36974810,0.29623679307652634
36974811,0.15709809128170263
36974812,0.16472973908300023
36974813,0.20077255826735008
36991981,0.9629020293043962
36991982,0.4467230675126113
36991983,0.1673557260948897
36991984,0.7668224907231042
36991985,0.39898658179571983
36991987,0.2048018878487194
36991988,0.3191464166576607
43426061,0.6677358676852331
43426062,0.9591499196096889
43426063,0.11136139339654978
43426064,0.5858366589661115
43426065,0.2852856462976587
43426066,0.287732550261659
43426067,0.6933602923937464
43426068,0.19218749057221793
43426069,3.2411622918345895
36967268,0.5128623014719467
36967269,0.21304226822958394
36967270,0.10771263913649957
36967271,0.08946563587734101
36967272,0.25188135793769045
36967273,0.24113240664214378
36967274,0.3320153984807894
36967275,0.26181309680871456
36967276,0.5260580233885308
36967277,0.2256665789480863
36984926,1.033931273541716
36984927,1.3458529343820993
36984928,0.3594908050476971
36984930,0.7427840387091821
36984931,0.15563753407694536
36984932,0.04609924070875129
36984933,0.9971822125393595
36984934,0.27270842720534944
36984935,1.038916369484988
36992957,0.5274221309023801
36992958,0.06605781175151412
36992959,0.4247055827730543
36992960,0.13733961822132654
36992961,0.09731315202985871
36992962,0.0994086911391876
36992963,0.11232289258246032
36992964,0.32083570129402067
36992965,0.07983350819342223
36992966,0.11612243351985575
36974316,0.16507633366135852
36974317,0.25109456444972916
36974318,0.19768218261408602
36974319,0.16843596955420215
36974320,0.23970304876375165
36974321,0.1305697805440928
36974322,0.157495553018481
36974323,0.14526093975731838
36974324,0.3353359430229813
36974325,0.15902041928069094
36976087,0.25682515320223487
36976088,0.22178769502948026
36976089,0.20906533151195017
36976090,0.19295211357474978
36976091,0.19463782605162583
36976092,0.1288420902924364
36976093,0.10762424318451336
36976094,0.33202258949809466
36976095,0.08278665367236251
36976096,0.14932971426164085
36980433,0.22206784311099287
36980434,0.3425105865804447
36980435,0.2696761060421805
36980436,0.1436561861669731
36980437,0.14428705932565505
36980438,0.15870326900441822
36980439,0.2702006252538465
36980440,0.18196421289870052
36980441,0.1771084345762987
36959643,0.16113063739769298
36959644,0.15797306817035336
36959645,0.2651384869801412
36959646,0.14053181094350478
36959647,0.17992810990254066
36959648,0.19653066618763693
36959649,0.16505473385516048
36959650,0.22468675476133418
36957034,0.2233991849749714
36957035,0.27004276793794424
36957036,0.17715214459525083
36957037,0.23153551366164757
36957038,0.5209516340973999
36957039,0.1917708698808142
36957040,0.23042707168657878
36956252,0.1566830132021088
36956253,0.15751372034397618
36956255,0.2259436822100316
36956256,0.19053657172396654
36956257,0.18345057099184423
36956258,0.1820349102829615
36956259,0.19117438965565864
36957383,0.10711660819567324
36957384,0.12094061192221958
36957385,0.13692202748215404
36957386,0.18200067496576072
36957387,0.21107417037021348
36957388,0.08628691969335177
36957389,0.10299385927832629
36957391,0.12518632154202275
36957392,0.28173339362313393
36995693,0.07467998479558277
36995694,0.09250323609589854
36995695,0.07159153479130015
36995696,0.09651886148230567
36995697,0.11516394711504248
36995698,0.07259010587615519
36995699,0.20514660685866204
36995700,0.10537257617643511
36995701,0.08490095198103884
43420604,0.39133970654022904
43420605,0.24342335288691702
43420606,0.34967409962858315
43420607,0.6020906495867503
43420608,0.26482232727576155
43420609,0.09171322059434153
43420610,0.5162965330852719
43420611,0.2156977459953353
43420565,0.12885150230432693
43420566,0.09408966886963721
43420567,0.19402570037881786
43420568,0.09690900515327676
43420569,0.12506531771832888
43420570,0.12133858618875024
43420571,0.2112247369416243
43420572,0.15630022073994806
43420573,0.19399913090959534
43420574,0.11325442517025078
36985947,0.11867048925101223
36985948,0.12434023826378561
36985949,0.17805999058397934
36985950,0.30463092225365374
36985951,0.15251866833587677
36985952,0.47096213937125664
36985953,0.2024476984972061
36985954,0.12136271493206546
36985955,0.3479785612644848
36985956,0.1299945503074543
36969019,0.09665444082197457
36969020,0.09253810117086826
36969021,0.11780857070252679
36969022,0.10927043615599058
36969023,0.08561509316094905
36969024,0.10179337335516547
36969025,0.14569399522729584
36969026,0.11723761873167585
36969027,0.11108092485452166
36969028,0.11849032955319953
36964604,1.229697671169033
36964605,0.1324117284738038
36964606,0.7778694672255774
36964607,0.32226432724539766
36964608,0.2405306001659771
36964609,0.11245076786386385
36964610,0.3012890142118793
36964611,0.42146412876634387
36964612,1.5935800784988154
36964613,0.2528737896345834
36965098,0.20696592268824848
36965099,0.2572243793936497
36965100,0.14283352393589271
36965101,0.13056212323186817
36965102,0.2215791038928361
36965103,0.2695444846922651
36965104,0.1137851381201
36965105,0.1704060295115151
36965106,0.14753024543859017
36957696,0.11917807814987522
36957697,0.41127288512770516
36957698,0.5761598598527348
36957699,0.2314743182940592
36957700,0.13080393844496616
36957701,0.6448811719523021
36957702,0.5764896513789866
36957703,0.3969401320521769
36957704,0.1500820306820776
36966042,0.11896737908140605
36966043,0.18471731061830088
36966044,0.129191220829025
36966045,0.22250361247752493
36966046,0.09714886267674394
36966047,0.3163384523308485
36966048,0.1674130268727602
36966049,0.21399031760624218
36966050,0.27702571377883556
36966051,0.14517894218581512
43432099,0.16884791016161949
43432100,0.4758520347351283
43432101,0.3095488552228109
43432102,0.14229339393464038
43432103,0.18210134010090587
43432104,0.31683727870873224
43432105,0.34202190392861687
43432106,0.3717198211813726
43432107,0.38153947592293624
36962140,0.6174873920969881
36962141,0.46513325582775716
36962142,2.005462702404906
36962143,0.4350377428185587
36962144,0.4695515376541952
36962145,2.46330121937552
36962146,2.152915199677154
36962147,0.8666797507215602
36988542,0.1932427187459159
36988543,0.18633381994018774
36988544,0.12146017180718426
36988545,0.11533476622654842
36988546,0.1737101668771232
36988547,0.1842195224132558
36988548,0.5433082073381997
36988549,0.1452149096300332
36988550,1.2638119852296983
36988551,0.3274346782089203
36965016,0.5613768960109297
36965017,0.936385919726978
36965018,0.12739237268378245
36965020,0.20060123881272385
36965021,1.0631530142443109
36965022,1.399727844415884
36965023,0.5128016237847377
36965024,0.7358360671190903
36965025,1.1352356653380615
36962790,0.08046785659604262
36962791,0.10020417942756127
36962792,0.12670402825231913
36962793,0.14799251276197514
36962794,0.08299266816519188
36962795,0.08075687310044023
36962796,0.08810288983460389
36962797,0.09056578053053403
36962799,0.11004157676499358
36994233,1.908790639976544
36994234,0.3663015462355896
36994235,0.1901225653902431
36994236,0.2875916763148918
36994237,0.4016186564177302
36994238,0.4925211452673703
36994239,0.4858366269445543
36994241,0.8735569096964125
36994242,0.46540438556395497
36963265,0.11294725220130496
36963266,0.1335228743930144
36963267,0.0687865945585715
36963268,0.11935225128159375
36963269,0.14833512108260194
36963270,0.2700601438013771
36963271,0.13059003432754787
36963272,0.09379031724512635
36963273,0.3555527389442301
36997606,0.28866704227732065
36997607,0.4961423099300111
36997608,0.17447570433910606
36997609,0.3019308750477927
36997610,0.25005708680625616
36997611,0.2578577100936515
36997612,0.30627406439431887
36997613,0.5131553353955147
36997614,1.152059763208356
36995916,0.4882711159271701
36995917,0.40106542919659666
36995918,0.23232982376731323
36995919,0.6624968542938864
36995920,0.21684968433168125
36995921,0.35470671853276986
36995922,0.47951790576542497
36995923,0.4673539675209337
36960221,0.1120369123935436
36960222,0.32263302720699955
36960223,0.1475061061593392
36960224,0.10367469042899909
36960225,0.20058112020461952
36960226,0.8449813345009026
36960227,0.2763943513270807
36960228,0.2814687541697488
36960229,0.3349730494374418
36960230,0.2989015478499171
36966645,0.16046053025240448
36966646,0.06727985683830501
36966647,0.1349001607672261
36966648,0.1836819595755817
36966649,0.14768810246646938
36966650,0.11405230856743248
36966651,0.08757707506484666
36966652,0.22038054104291765
36960902,0.273018160315986
36960903,0.4440994309437085
36960904,0.6765606938214099
36960905,0.772051954754524
36960906,0.2686899798706108
36960907,0.291033021645877
36960908,1.582314120678933
36960909,0.6363799491452542
36960910,0.19760875343439288
36960911,1.3585457854439582
36967597,0.25260803065242815
36967598,0.33686394166718975
36967599,0.18093054093511987
36967600,0.11937788086572577
36967601,0.1401308059347866
36967602,1.1843634822656488
36967603,0.21273558022965794
36967604,0.07365759921097366
36967605,0.19513371820404887
36967606,0.23736032038023047
36964705,0.18279666765124952
36964706,0.12270522003050871
36964707,0.32945267288899815
36964708,0.9344769399087588
36964709,0.17951150784753425
36964710,0.18885611657431786
36964711,0.3019848049343853
36964712,0.14066083720151942
36964713,0.13852827764145112
36964714,0.30521693850665327
36982684,0.6671154968535769
36982685,0.25936400101010876
36982686,0.34402731006520076
36982687,0.3877469925410983
36982688,0.522144504482796
36982689,0.43523464016344265
36982690,0.46162963933684026
36982691,0.22546963829784733
36982692,0.42343103611636995
36982693,0.6909244973953024
36954995,0.2771514221692999
36954996,0.24580519543925763
36954997,0.2757734089835801
36954999,0.17064625444213585
36955000,0.33724617399741763
36955001,0.25539066394626325
36955002,0.1971451667529683
36970288,0.43143770302240125
36970289,0.18138868652650472
36970290,0.12038580479656276
36970291,0.055141217687853045
36970292,0.07723948522586001
36970293,0.11673174213024617
36970294,0.17896998428455282
36970295,1.2797030436525558
36970296,0.10466885861992814
36968203,0.10672430506573079
36968204,0.3599059953394545
36968205,0.08978192095395279
36968206,0.4846089177422465
36968207,0.09988790403761977
36968208,0.44768857989707495
36968209,0.2114852245892609
36968210,0.14624367830613294
36968211,0.37402946633185286
36968212,0.38764992228166945
36958929,0.31322231076182744
36958930,0.3661586019896119
36958931,2.018238926821329
36958932,0.16436832244884703
36958933,0.516295289180706
36958934,1.0477999809380345
36958935,0.7020981616159684
36958936,0.14676392621891704
36958937,0.769122341069653
36958938,0.5068188927853785
36985298,0.09155949178284391
36985299,0.07177799926471719
36985300,0.07571664061015922
36985301,0.1659810589706232
36985302,0.7324694419575606
36985303,0.07617268314748503
36985304,0.09973616919519163
36985305,0.42380608170954304
36985306,0.1547221786789916
36985307,0.1172878926906985
36955809,0.27947550808311056
36955810,0.04598064620904211
36955811,0.0610663472601949
36955812,0.20655508606166129
36955813,0.24113937051489348
36955816,0.1304211262740631
36955817,0.2904376401353593
36967005,0.3643743936139096
36967006,0.30088036614779223
36967007,0.49742454087353655
36967008,0.5198532006357425
36967009,0.521275362595794
36967010,0.4085986182180366
36967011,0.16561895912254596
36967012,0.43181999318895303
36967013,0.43928009226808273
36967014,0.630180591349199
36990898,0.051083484395938045
36990899,0.05191620589409583
36990901,0.061280616970139715
36990902,0.05716439123054965
36990903,0.06248159875217239
36968213,0.20694260208307755
36968214,0.19749798402733026
36968215,0.22666567244175326
36968216,0.22888728836143027
36968217,0.17304332384679674
36968218,0.18408060767734288
36968219,0.17000720662457738
36968220,0.16396792676296057
36968221,0.19745380035915136
36956198,0.29420645764089737
36956199,0.12841210303060843
36956200,0.08797984220238074
36956201,0.16082702072684416
36956202,0.12979011160827886
36956203,0.0897994802412051
36956204,0.32880321161182813
36956205,0.1230402543894111
36956206,0.07290100152194647
36956207,0.29313929366748115
36983960,0.2129677747391722
36983961,0.16437719491517688
36983962,0.12190543471256833
36983963,0.15268078194891538
36983964,0.14028512282906827
36983965,0.1374407416372534
36983966,0.10542388504736021
36983967,0.15933445280129482
36983968,0.15987862336707126
36955311,0.16624557195946177
36955312,0.11024767259053404
36955313,0.20352879268629478
36955314,0.14017579123606866
36955315,0.8128627080604925
36955316,0.1667854345922702
36955317,0.08692711575731508
36955318,0.08696437113039382
36955319,0.5357355371237537
36955320,0.1083187045762001
36968834,0.02398023733991662
36968835,0.05426244823868873
36968836,0.0242861158714011
36968837,0.3323140451817321
36968838,0.028212443845299553
36968839,0.0370774521300796
36968840,0.04193797824846594
36968841,0.03528202680976067
36979371,0.11946389862981917
36979372,0.1103632307191499
36979373,0.12339818284696354
36979374,0.2948376285236835
36979375,0.15114393328398462
36979376,0.14285035804856283
36979377,0.17539781406174662
36966384,0.33059786234028815
36966385,0.2699751147735695
36966386,0.2635623589072687
36966387,0.5759556881490591
36966388,0.3168633902234876
36966389,0.879913766670533
36966390,0.5795625700514442
36966391,0.5857781542034929
36966392,0.49280174154576667
36962625,0.16799096579286193
36962626,0.5734187161139352
36962627,0.17632824340275538
36962628,0.38328709098952013
36962629,0.12757206125657866
36962630,0.2525421196641247
36962631,0.2442582265207276
36962632,0.12727761315134953
36961109,0.5460837012833605
36961110,0.28492194214684474
36961111,0.677347818275568
36961112,0.2339228285624696
36961113,0.18841060804410464
36961114,0.19600271504474667
36961115,0.39980795399729846
36961116,0.5442142762925203
36961117,0.12679549948488472
36961952,0.4350987291750356
36961953,0.4515533007278562
36961954,0.43092008577387086
36961955,0.3940594460795172
36961956,0.35366410781891244
36961957,0.39350575134857524
36961958,0.3489866631579753
36961959,0.5583285980885383
36961960,0.5447459441910598
36961961,0.5761624625267251
36957353,0.1105902572528038
36957354,0.14204570473297834
36957355,0.2110815607030281
36957356,0.2057353725110844
36957357,0.09031879815304104
36957358,0.23165045377135504
36957359,0.12999746291098274
36957360,0.1269595828777412
36957361,0.13497088519916572
36957362,0.45050785236626517
36961336,0.15182936614974005
36961337,0.20009551669767656
36961338,0.14433198802280703
36961339,0.11275177795557388
36961340,0.7786855496362921
36961341,0.17498941533849185
36961342,0.07807462730476772
36961343,0.14055954662145762
36967164,0.10840273044096115
36967165,0.10569968861187012
36967166,0.09566709673167076
36967167,0.08073490063638136
36967168,0.10830186056284108
36967169,0.12126848072314998
36967170,0.18756485965372488
36967171,0.15908412244382084
36967172,0.08476664040233015
36965141,0.1479175977991278
36965142,0.11083659570849953
36965143,0.5581203612687902
36965144,0.12460706338815916
36965145,0.34832364909172686
36965146,0.1860007776094114
36965147,0.40083104346916415
36965148,0.24104970720044183
36965149,0.07327060603834205
36965150,0.2242414991346974
36964210,0.4594232532134225
36964211,0.22469314127941004
36964212,0.1990254138603039
36964213,0.2073030634385025
36964214,0.20656368540204123
36964215,0.2667537217977732
36964216,0.21221830796910437
36964217,0.2512223752950889
36967088,0.0941812816967946
36967089,0.10318158373056613
36967090,0.11185840416609975
36967091,0.1128166152210894
36967092,0.132412156833255
36967093,0.10398149554747933
36967094,0.0827122964321678
36967095,0.06875848852808138
36967096,0.09578842088302954
36967097,0.09561729744940087
36958678,2.2024750503729322
36958679,0.9141298497078727
36958680,0.13838441819062394
36958681,0.531646175347846
36958682,0.08477963124573477
36958683,0.1377696111521812
36958684,0.2857118123955947
36958685,0.5855212952431215
36958686,0.08893867358439102
36958687,0.473814633421702
36965613,0.4425017984410195
36965614,0.17836139512727203
36965615,0.7969551417808978
36965616,0.2538628306935173
36965617,0.22237795629531135
36965618,0.07572160920797116
36965619,0.19768863667590586
36965620,0.7786757924155763
36965621,0.2980771942060798
36965622,0.17868658791962178
36956841,0.22050759612045126
36956842,1.1740475169158398
36956843,0.24435246817937048
36956844,0.9297163569148442
36956845,0.1504855177749112
36956846,0.1791507662952387
36956847,1.8404137861440644
36956848,0.39301806646101334
36956849,0.8389747754150648
36956850,0.2459461033798013
36964386,2.2647074828963776
36964387,0.20038729871487193
36964388,0.3180236509534608
36964389,0.08059550291936764
36964390,0.3113138287518983
36964391,0.18158031201359526
36964392,0.31365475815666494
36964393,0.2465569436384439
36964394,0.18500471497790205
36964395,0.3143299778564366
36963139,0.19591373350458255
36963140,0.16001694160168217
36963141,0.1476939978734114
36963142,0.5907139185516169
36963143,0.14796564521594238
36963144,0.12727533105891065
36963145,0.1666926712919511
36963146,0.22937100990292256
36963147,0.21687840383868404
36963148,0.3041841774456246
36955732,0.4224668386369327
36955733,0.17748931555645817
36955734,0.14304060587680376
36955735,0.5313111663865173
36955737,0.18620216858260225
36955739,0.22503598225920007
36955740,0.09487653164832971
37017117,0.035859824797867944
37017084,0.021720884077582554
37017098,0.07330847912216827
37017106,0.03320506614734023
37017101,0.031461922055658974
37017086,0.012784650513821853
37017129,0.016157089456627267
37017053,0.02695109121514577
37017023,0.05966334691858036
37017024,0.05973929128013983
37017025,0.014942297801557291
37016996,0.015230925944906399
37016651,0.025770983148156013
36971463,0.08680092829005014
36971464,0.1592457074195786
37016965,0.048411403329092
37017003,0.05126107067237551
37017004,0.030953584242756862
36974903,0.12189631398714082
36974904,0.07020385532126172
36974705,0.040607922535997897
37017126,0.0281759157328173
37017060,0.016832115150666436
37016449,0.034089826555421775
37016450,0.06818731947958699
37017113,0.038443326247558106
37016889,0.12785744608587604
37016891,0.5415454926776185
37017099,0.024062027611952898
37017027,0.04602399878136813
37017028,0.06598445996171903
37016935,0.04940368352057052
36965643,0.12885327928788398
36965644,0.19131064694514424
36965645,0.1456130450540385
36965646,0.14200481628708075
36965647,0.17100520877853032
36965648,0.36218280424431276
36965649,0.40557809755321184
36965650,0.1881469839135788
36965651,0.28781661262759234
36965652,0.11357453630732098
36962702,0.1121792569171108
36962703,0.10629527071068619
36962704,0.217167842475654
36962705,0.5705963838905075
36962706,0.1850414453216854
36962707,0.13031492383690838
36962708,0.2260738214910398
36962709,0.20687016103452963
36962710,0.10548968614744912
36962711,0.16427037906111136
36968652,0.19444611494549205
36968653,0.13580397649708578
36968654,0.12073666916344263
36968655,0.0979151824079562
36968656,0.09009097648173675
36968657,0.13695543869926194
36968658,0.06859571743628452
36956537,0.28977556215804734
36956538,0.27626444945966855
36956539,0.14674281667798786
36956540,0.17222105102540117
36956541,0.20947836711791118
36956542,0.08690453281054687
36956543,0.15577390305602165
36956544,0.21738912697181745
36956545,0.2777458818995842
36956546,0.18249670128159196
36972728,0.07222321933192159
36972729,0.11632825490064433
36972730,0.08034624496546065
36972731,0.11411311899756525
36972732,0.12874560327353277
36972733,0.1643737363471491
36972734,0.1221108868132028
36972735,0.09316206951599419
36972736,0.11642745773804
36959686,0.05703178821681271
36959687,0.5518506778963858
36959688,1.2325334992805095
36959689,0.15916808051611556
36959690,1.1814948751680385
36959691,0.5458857635270591
36959692,1.0410496456480594
36959693,0.9022475898245296
36959694,0.6646217805139145
36964913,0.3193655344136094
36964914,0.11795537219771948
36964915,0.11540572312851131
36964916,0.23029606481183806
36964917,0.1317609882184971
36964918,0.09678789434918192
36964919,0.18240250533657643
36964920,0.38020577341386536
36959351,0.19229209635646288
36959352,0.19011339481883552
36959353,0.4269271300518538
36959354,0.10867677092809468
36959355,0.12376787615395801
36959356,0.10582821797948178
36959357,0.3566427044991675
36959359,0.12736793304128585
36959360,0.10282602246724526
36964575,0.08625490801609094
36964576,0.41423627984659694
36964577,0.051368456782197515
36964578,0.16411924343213943
36964579,0.23464368360237484
36964580,0.06245879578687025
36964581,0.6670224822363005
36964582,0.08846241850982438
36964583,0.09977458970101315
36964584,0.09634408844583141
36956171,0.9556318330901842
36956172,0.16455037899515917
36956173,1.0120608009712118
36956175,1.1573495217205483
36956176,0.0745256598572207
36956177,0.5697888226160833
36956179,0.12727213550396432
36965913,0.16419192784369807
36965914,0.08408108175290635
36965915,0.1259696419521629
36965916,0.3522709659461914
36965917,0.12198850145785849
36965918,0.12261886490916749
36965919,0.16814096192370795
36965920,0.14172162129437033
36965921,0.12381954889395841
36974897,0.13586971020498406
36974898,0.1088592817795527
36974899,0.139744782152062
36974900,0.12878688133759392
36974901,0.11181057971690182
36974902,0.1329643812905319
36958241,0.2296064902907565
36958242,0.15324507814690835
36958243,0.14403318654128774
36958244,0.22880829924898446
36958245,0.177172460739806
36958246,0.1636785253257754
36958247,0.67248237882824
36958248,0.155621780789715
36958249,0.17763635007713685
36958250,0.3556482878367186
36958784,0.18847837903243256
36958785,0.12492977045762337
36958786,0.13288103861283918
36958787,0.20929176701226943
36958788,0.1331522853303578
36958789,0.15852822551294282
36958790,0.20123819075383
36958791,0.08831271772199399
36958792,0.11903195353445266
36961507,0.2850931288152698
36961508,0.4790206581794226
36961509,0.27631832417377644
36961510,0.24779045482059164
36961511,0.16011261528681497
36961512,0.4439805452224121
36961513,0.32605261767578264
36961514,0.2320611252760305
36961515,0.4246344883152666
36961516,1.439921378815622
36961394,0.046632715049120074
36961395,0.07911762226745912
36961396,0.06966888184835779
36961397,0.07884176541504286
36961398,0.067812563091545
36961399,0.055694699743237895
36961400,0.057072215468357036
36961401,0.09250823175268556
36961402,0.08472143663924811
36962752,0.2904232960534938
36962753,0.14445188250511198
36962754,0.1072521350496689
36962755,0.23456360356334394
36962756,0.11523216352724233
36962757,0.1466610750836534
36962758,0.42895729773822144
36962759,0.1778116000286173
36962760,0.15138589486089718
36962761,0.20954689575418467
36957617,0.38916164285693
36957618,0.1719642568405664
36957619,0.23094593183823747
36957620,0.21170967373085336
36957621,0.17780623089379072
36957622,0.2610166454228008
36957623,0.33360274058743145
36957624,0.3052445436145842
36957625,0.21795754349030314
36957626,0.34654885425453885
36994802,0.12712107841099518
36994803,0.12042460784786155
36994804,0.14463540492238966
36994805,0.12169214528447068
36994806,0.7427721088544547
36994807,0.6667456456619872
36994808,0.15896673472078107
36994809,0.20105211200819123
36994811,0.1848010610763722
36967988,0.2657377188251108
36967989,0.2992953789021722
36967990,0.1839763744940642
36967991,0.15810993017409264
36967992,0.4511101795926261
36967993,0.34481249432037675
36967994,0.13506986634013002
36966671,0.07981151044384689
36966672,0.0786615110651029
36966673,0.0785273617518447
36966674,0.20333484590961523
36966675,0.07575609172018948
36966676,0.06642436019254952
36966677,0.08888779449222349
36966678,0.10830716473601838
36971080,0.24006755260187135
36971081,0.18010352659100912
36971082,0.13944900524957704
36971083,0.17231337961491125
36971084,0.25983316323469363
36971085,0.22656197694195424
36971086,0.1583964877260036
36971087,0.15326618185640595
36960621,0.09628107723634276
36960622,0.1178221497667858
36960623,0.43705166436343645
36960624,0.14967411872440828
36960625,0.0709516985011189
36960626,0.12533783840893548
36960627,0.11279526566224088
36960628,0.13218189570450672
36960629,0.13967337859912157
36960630,0.33125339752013183
36966908,0.5967818211094922
36966909,0.3233543274549172
36966910,0.11131371834186962
36966911,0.09374254370055926
36966912,0.10088852696876334
36966913,0.11416847744487396
36966914,0.13733420738315644
36966915,0.12937244716488033
36967814,0.930897731749104
36967815,0.17087533851793782
36967816,0.13450384382017005
36967817,0.20534505758230895
36967818,0.22155568913197485
36967819,0.2306457450757997
36967820,0.14297732400820792
36967821,0.26453017093438347
36967822,0.130241168516479
36955579,0.11598194891689491
36955580,0.4287033315501945
36955581,0.09707791313056471
36955582,0.15188467494220426
36955583,0.32212245001558465
36955584,0.15412574259102943
36955585,0.2902243447259625
36955586,0.28319289691715216
36955587,0.3919038544671564
36968296,0.12540741228872157
36968297,0.11430330299100648
36968298,0.12966882837866284
36968299,0.10563549720360922
36968300,0.2023544123134671
36968301,0.095361361949886
36968302,0.094496860685552
36968304,0.11122633371707806
36958522,0.4079590291493416
36958523,0.18410417040005334
36958524,0.49189950133344407
36958525,0.2613692061459528
36958526,0.5460177504986022
36958527,0.26431224549274873
36958528,0.3837940804252646
36958529,0.23101718764282766
36958530,0.2626289156796413
36958531,0.5251379630471747
36961344,0.3685967643438299
36961345,0.1344418831028103
36961346,0.1612274108707892
36961347,0.2786235694859952
36961348,0.3481263438154986
36961349,0.37404834997766023
36961350,0.3260400450311162
36961351,0.8139850541655577
36961352,0.2016713376817439
36963121,0.14549162772598753
36963122,0.1786361763905998
36963123,0.37184776325581875
36963124,0.30402316834134924
36963125,0.7125404139596895
36963126,0.19027336834078035
36963127,0.14517680351004433
36963128,0.1909262244111199
36955863,0.6477339149130213
36955864,0.378214203330282
36955865,0.2191035426540563
36955866,1.1017250101674865
36955867,0.15307179677540397
36955868,0.3332259549797868
36955869,0.24045797616185194
36955870,0.3636041196602279
36955871,0.13885075748188627
36955872,0.2493218914499
36962327,0.0525017544223364
36962328,0.051192111807458404
36962329,0.0709369859584286
36962330,0.11875764936260312
36962331,0.047898464535862134
36962332,0.12174076125595333
36962333,0.06518081433551226
36962334,0.05331462961314101
36957287,0.11692766715922849
36957288,0.2093430703407831
36957289,1.906365916552755
36957290,3.3199122205683684
36957291,0.1049457823860627
36957292,0.15512071080434894
36957293,0.09162676735034467
36957294,0.24759736436708116
36957295,0.16285092911496968
36957296,0.11700208967527524
36962394,0.11154686146609719
36962395,0.08964049204289536
36962396,0.1659551218692553
36962397,0.06682375819533679
36962398,0.07297572170719425
36962399,0.1420732043428621
36962400,0.08944455652948734
36962401,0.10540549739844059
36962402,0.4139407149175677
36962403,0.10378274945350403
36960394,0.23315530092158224
36960395,0.19880453707241752
36960397,0.24660505722267412
36960398,0.20361009428525872
36960399,0.14815701969138242
36960400,0.20003855511490842
36960401,0.1707065330412914
36960402,0.1831014408416444
36960403,0.2215323820497523
36959264,0.26274240451639724
36959265,0.23431521130991373
36959266,0.08214826054999336
36959267,0.12357435855159846
36959268,0.26639402643662496
36959270,0.1781889103799134
36959271,0.1194176015899316
36959272,0.1987698482543935
36959273,0.16886635115326595
36967342,0.30154337455873165
36967343,0.1521276915637542
36967344,0.49632042628552747
36967345,0.583640370145758
36967346,0.12384491668507207
36967347,0.14603216366985175
36967348,0.18273934908755846
36967349,0.1226257728005417
36967350,0.14646038136659714
36967351,0.21738232631445936
36957771,0.1506219125766203
36957773,0.15592253306817813
36957775,0.12389275550830653
36957776,0.41202713391312007
36957777,0.5448675619798033
36957778,0.14026479696469582
36957779,0.11511453241036028
36956758,0.030905641116963
36956759,0.031805458708049794
36956760,0.15051796660337358
36956762,0.12557306202064508
36956764,0.03224489072377103
36956765,0.03526994019689193
36966568,1.086668043736843
36966569,0.86171283056765
36966570,0.3093636534563091
36966571,0.31415685678491484
36966572,0.5609860837283197
36966574,0.5413687288895347
36966575,0.47171480775733454
36958885,0.10094533289549358
36958886,0.08034215434859186
36958887,0.08315084755268505
36958888,0.14985751949965567
36958889,0.06514488204648156
36958890,0.3601653245697891
36958891,0.08895437317089072
36958892,0.11524374263592138
36958893,0.13940155240382993
36968776,0.2183599526598871
36968777,0.21219887482782662
36968778,1.254149436294697
36968779,1.2016628171618482
36968780,1.7915849036671025
36968781,1.0723919476415824
36968782,2.723342551578689
36968783,0.3118936562672389
36968784,0.08481804866942312
36968785,0.1490195378213626
36959163,0.5802779930523118
36959164,0.6468952881405764
36959165,0.33899296252166305
36959166,0.7668172962228754
36959167,1.8932534547946225
36959168,0.8917510521071421
36959169,0.9365728275564398
36959170,0.9588036454143021
36959171,0.5873141378263347
36959987,0.22881315052591195
36959988,0.14533523332356862
36959989,0.9135816277548513
36959990,0.09745556759104941
36959991,0.8674013846309128
36959992,0.13670325820375487
36959993,0.15738226147818127
36959994,0.20124167484555652
36959995,0.2679010245172771
36965653,0.7442165775077664
36965654,0.9981665091966462
36965655,0.20323454420907425
36965656,0.4174911354105145
36965659,0.7295500436286513
37017019,0.03575329599648022
37017131,0.015289922160888245
37017044,0.013667695074027611
37016879,0.02099405853471197
37016927,0.018964231458504108
37016945,0.02269919697542602
37016906,0.006188506690119249
37017031,0.06034173055818755
37016995,0.018254152106086195
37017069,0.04468142683087535
37016823,0.009172490939424884
37016957,0.052727298613895336
37016958,0.04531741176107189
37016959,0.04360005614310338
37016998,0.021056084993195383
37016994,0.02874283242714943
37016981,0.03600358939081757
37016982,0.03583222366887101
37017061,0.16282382404644455
37017130,0.030184227357280314
37016962,0.027434506104533025
37016974,0.018793971170297356
37016975,0.028580934035982237
37016976,0.028508633359873994
37016283,0.034680662825426346
37016284,0.02478770543303267
37017005,0.02619951458080833
37016503,0.042934175835119326
37016505,0.17799538792388625
37017015,0.043606359617417025
37017016,0.046892740050315566
36973867,0.03184258711753526
37016275,0.1669902294930837
37016277,0.023318368979605045
37016488,0.04392219711388374
37016960,0.014797259065992363
37017017,0.03453818259792016
37017018,0.01520817520243779
37017039,0.0580371883522385
37017040,0.08162917296237507
37017041,0.06002863871572503
37017042,0.03571497415968652
37017057,0.043295743342335734
37017058,0.018668922200788723
37016648,0.037123717204762145
37016649,0.02503927387195306
37016650,0.03460565343415036
36968888,0.07130332985909556
36968889,0.18239817633075361
36968890,0.0667894500555829
36968891,0.08108741952150948
36968892,0.17117172059963756
36968893,0.0795365009068622
36968894,0.07318294109207713
36968895,0.07837829565754033
36968896,0.1315452277063318
36968897,0.0749677412986907
36961353,0.21390773848476324
36961354,0.21097268819408624
36961355,0.19226547411004435
36961356,0.42429781981813364
36961357,0.1926160019031156
36961358,0.19831484143926972
36961359,0.1335892053601547
36961360,0.18259627634628975
36961361,0.23884676019677478
36961362,0.16928257328583246
36959802,0.16812027594488804
36959803,0.38016882811618274
36959804,0.12967040589609366
36959805,0.1821932244692736
36959806,0.16925429534935507
36959807,0.10159261895212818
36959808,0.4304877876158648
36959809,0.11647445975774694
36959810,0.2561483190118427
36959811,0.20763606677822602
36958474,0.16485611537613212
36958475,0.21674568519900975
36958476,0.37833754141843023
36958477,0.22641868666707274
36958478,1.1820808981128186
36958479,0.6236326301166918
36958481,0.7558355474676911
36958482,0.2391336569370684
36958483,0.8776317257177185
37016576,0.020282019521557886
37016577,0.018216659156734427
37017088,0.011572791877325198
37017032,0.03062126766437411
37017033,0.0303719791811311
37017034,0.026943312950790665
37016585,0.025816707273206282
37017114,0.024508270088826018
37016571,0.03674729732517505
37016572,0.036205159899691766
37016573,0.03196530265536656
37016574,0.06521815664143835
37016575,0.03891830575268814
37016308,0.07410848753049257
37016309,0.057686670458617174
37016310,0.0478672923497474
37016312,0.03617017281806625
37016313,0.047544335497069504
37016314,0.04081135164116271
37016315,0.04074101745602449
37016316,0.034497588798404616
37016317,0.0764438620377797
37016286,0.03258979756923161
37017128,0.029577368704058967
37016711,0.07372214682006628
37016421,0.008849365286723084
37016821,0.02369238654494314
37016717,0.09343773397226077
37016718,0.10138743027347563
37016719,0.05916316778735881
37016720,0.08038309498335958
37016721,0.07741454382855786
37016722,0.08966120864199781
37016652,0.013435980402924392
37017091,0.031091403902163844
37017074,0.06092082375927645
36970790,0.05154824486387352
36970791,0.1526156235513741
36974468,0.16497302302367134
36974469,0.17493254029360414
37016943,0.10984617931763527
37016944,0.026613799186961332
37017105,0.020652860428756463
37016992,0.02875027647484042
37016321,0.08103905781087888
37017056,0.05141784762085078
36974994,0.15527462059262764
36970469,0.13133298502636684
36970470,0.1331858139699247
36970471,0.06492971115445491
36970474,0.19128454564676334
36970475,0.14051971110098407
36970476,0.13331410758957968
37016287,0.0605717129893946
37016288,0.03854296005292994
37017035,0.01989822895410493
37017036,0.028157253832589674
37016887,0.030553536944965345
37016888,0.03108685223622956
37017006,0.7517354017035467
37017007,0.16087704406623296
37017009,0.749926283959911
37017010,0.0992231073818624
37017011,0.1584433854533166
37016936,0.4284517853940766
37016939,0.17389608781671748
37016941,0.08956216093381278
37017081,0.025860093254582283
37016885,0.02250567587809949
37016539,0.05596789908519179
37016540,0.056083427698885156
37016541,0.06014478459067419
37016991,0.032723501022877396
37016712,0.22775448864820455
36957332,0.13488365400084107
36957333,0.2912850250421865
36957334,0.29092427307311425
36957335,0.47054180084141506
36957336,0.1700553036820601
36957337,0.32139905313491646
36957544,1.2643614415044226
36957546,1.1595665740806715
36957548,1.4066335093449198
36957552,1.6310501250786127
37016980,0.013182255849092077
37017122,0.02525672119860269
37016623,0.08352430955228868
37016626,0.11966361293520392
37016627,0.12359940546585649
37016628,0.10681000993797932
37016629,0.0941967652960269
37016871,0.013912642977661748
37016592,0.034467968076626575
37016593,0.17273833709887926
37016350,0.028005846794516596
37016351,0.05967535391179679
37016880,0.06258659009811737
36974749,0.14248677018020658
36974750,0.29101437419895065
36974752,0.21661505932817063
36974754,0.08816592969491381
36974756,0.3188950887403904
36969391,0.03664567449150497
37016840,0.048743328867633426
37016841,0.05116092596882886
37016842,0.09993741785406626
37016843,0.0493788532936259
37016844,0.0646473416799312
37016845,0.054440814235407274
37017082,0.004355066043439552
37016382,0.05726717558270613
37016385,0.03786894437379521
37016386,0.028562285682535292
37016387,0.05679847076883797
37016753,0.07862707543968206
37016754,0.1600049379209109
37016755,0.10668660431712874
37016756,0.09740071913636078
37016757,0.0867036056746928
37016758,0.1624166246772128
37016759,0.0563518312662751
37016760,0.05609732114204895
37016761,0.08751079801912577
37016762,0.22813197485297385
37016983,0.025256333581474718
36974368,0.08936201395288404
36974369,0.09278941425173026
36969473,0.0932325718256832
37016822,0.03223008871520322
37016886,0.034514559479771646
37016333,0.018623642530497305
37009077,0.19122934029223163
37009079,0.18950316129986247
37009080,0.1652873329723335
37016775,0.025857984687829967
37016364,0.058270219701034416
37016739,0.06851123651197663
37017127,0.055787022226691046
37017071,0.014498379707381428
37016444,0.02429432283824619
37016445,0.02620451135269418
36972116,0.07112209115311496
36972117,0.068706148110651
37017063,0.020622976836720947
36973900,0.05127185581797587
36966328,0.14221999342852923
36966329,0.10997794134238421
36966330,0.3068297652685631
36966331,0.11715917086633094
36966332,0.32596759204834536
36966333,0.93213367341691
36966334,0.12998507987326055
36966335,0.12731641836661364
36966336,0.40862667197061553
37016700,0.7507306678528491
37016701,0.0373514546301666
36972593,0.058262774828195446
36972595,0.13648481382834352
36972596,0.39825123766850595
36972597,0.08728598760981915
36972598,0.12122310993997852
36974509,0.13585566055301654
36974510,0.10954761709619992
36974511,0.6090633613265748
36974512,0.10125222275483943
36974513,0.11682204697291634
36974514,0.5770159662630706
36974515,0.6141086366966447
36974516,1.0202956432242405
36971998,0.07321699062201051
36972000,0.5031908235904855
36972002,0.07985434642449867
36972003,0.49752920074580287
36972004,0.07777893519659923
37016893,0.029352710543387055
37016894,0.32803328281952165
37016493,0.08270757604538308
37016494,0.11757907917296685
37016495,0.14150793624700458
37016496,0.17673121280155052
37016497,0.14082485065462214
37016498,0.12232225837866557
37016499,0.14695698491737474
37016500,0.12464194287590544
37016501,0.07025159637449209
36971812,0.7820134515709828
36971813,0.09755109910709019
36971814,0.14043654120597093
36971815,0.09521103042529615
36971816,0.10846987288713957
36971817,0.6236170460129236
36971818,0.10147556006659948
36971819,0.08481684715679602
37017100,0.005118139813295042
37017079,0.011528581035172045
37017080,0.02892383399937702
37016334,0.12466276395223146
37016336,0.09634377660881095
37016337,0.11137904354894576
37016338,0.08561862724548297
37016339,0.15722248349847576
37017038,0.04352483974730819
36974434,0.0718957388560415
36974435,0.09544665922254855
36974436,0.07049827209624307
36974437,0.08223549809239927
36974438,0.2143091295691781
36974439,0.046253106368062444
36974441,0.054037672439783364
36973235,0.12798054577556697
36973236,0.09504178819858687
36973240,0.08278965677456784
36973241,0.498718832750596
36973242,0.12103976875473924
36973243,0.10552749722607427
36973244,0.06436072648389157
36974724,0.09057236585560391
36974726,0.08838105904889215
36974727,0.09715451908142439
36974729,0.07054851555749975
36974730,0.061788702818412984
36974732,0.08200603987850097
36974733,0.07274166713841845
36974480,0.05366423965931491
36974481,0.048728614576374354
37016352,0.10129683186334802
37016353,0.09485190533365728
37016354,0.19012299675897015
37016355,0.04409891794813342
37016356,0.14094554902303752
37016357,0.05555514875228002
37016358,0.07760697573081857
37016359,0.03806545979208668
36972236,0.16061947897153941
36972318,0.06459346377077176
37016872,0.012230435112495148
37017111,0.013436880992314364
37016881,0.015763397178516925
37016884,0.011345097050241157
36974266,0.11778413093485661
36974267,0.09901072506274915
36974268,0.11776757257459665
37017083,0.016144260419060304
36974442,0.04044363546561011
37017012,0.03012304606676679
36974495,0.26431099266318125
37017022,0.0303157384484271
36974906,0.036291648976288074
36969818,0.5497188289120643
36969822,0.3824769043817191
36969823,0.1949245885090093
37016447,0.0058378863930000245
36974492,0.04776524221540954
37012901,0.1475862315878393
37012902,0.15378124456933978
37012903,0.13238654729330498
37012904,0.1350283163430791
37012905,0.14804650960197324
37012906,0.1547108122693968
36972389,0.12326676478525447
36972390,0.16336918749218343
36971949,0.0834427403532369
36974122,0.03507788655275246
37017070,0.016500130709842246
37015184,0.12672889099125906
37015185,0.10239388759360737
37015186,0.10303221186384412
37015187,0.11933675703791749
37016984,0.022297395954163746
36974470,0.08431292569648297
36974471,0.07016835387932868
36998952,0.3142826438360655
36998954,0.17275578336031422
37006993,0.10083196343409
37006994,0.1527644170437905
37006995,0.12409892466091083
37006996,0.09575148018042101
37006997,0.15822156995449335
37006998,0.15845471544226716
37016551,0.2721658379314655
37016552,0.09051622515090843
37016558,0.11108281902050582
37016559,0.140856956553127
37017087,0.022861441083794225
37017110,0.019668131468499214
37016767,0.018281507480615286
37016870,0.022563520967327624
37017089,0.04822088281792592
37016820,0.07174413644141918
37017116,0.05288220904298554
36973686,0.0310258758102035
36974990,0.12922181089815105
37013582,0.1500544875892576
37013583,0.2772722977063494
37012932,0.12741752785035135
37012933,0.17813328465445746
37012934,0.17529201948971784
37012935,0.08308217904955291
37012936,0.08301793159137895
37012937,0.14859154881392853
36974996,0.07190449738700491
37014512,0.30983582689759603
37014513,0.3156983478530803
37014514,0.32491618959916047
37014515,0.3097262974007155
37014516,0.2997773371122349
37014518,0.3315173933727723
37014519,0.42645195653273177
37014520,0.3132654434582782
37016595,0.12066474479337698
37016596,0.12076054341059808
37016597,0.02630051508484525
37017097,0.11315231628128582
37017002,0.0656097415163432
37014247,0.15615497768799325
37014248,0.1382718653710938
37016988,0.0675492506871574
37008416,0.14871066731489274
37008417,0.1540700792629553
37008418,0.14827883141413137
37011906,0.09739539014942655
37011908,0.14474865072017126
37016803,0.07545365145278655
37016804,0.0712846752529914
37016806,0.0755009390726555
37016916,0.043945798374509994
37016917,0.05820563786911179
37016918,0.05685259624464608
36960258,1.097895678766942
36960259,0.1928906860324392
36960261,0.3319652230694616
36960263,0.22402094845884243
36960264,0.10948722936622743
37016190,0.1173032575005069
37016191,0.11834999417456823
37016461,0.2016736362923407
37016462,0.19978694238766187
37016463,0.17786525859809615
37016464,0.09540595444635809
37016465,0.1803692843082068
37016466,0.24767998317577675
37016598,0.09195438354969664
37016599,0.20564683938851586
37016601,1.0492140649219484
37016602,0.4287618874876927
37016603,0.1970805118114916
37016605,0.11724045136211773
37016606,0.9714069449147785
37016425,0.19652690882174328
37016426,0.5142906007568027
37016427,0.5480754794792577
37016428,0.2415397923021973
37016429,0.14687241790802147
37016430,0.9526278803963668
37016431,0.8096485074371584
37016746,0.08661051235906883
37016747,0.0574555288755152
37016752,0.05128292771947711
36970353,0.08465718612003081
36970355,0.12375603817651849
36970357,0.2522621219231975
36970359,0.061539585204789034
36970360,0.4077721935738424
36970361,0.10069465915092778
36970362,0.11996645980767935
36970242,0.0843012323705468
36970243,0.07416172772173438
36970244,0.09498150218026401
36970246,0.06061437604317776
36970247,0.1399918034576359
36970248,0.153653948363784
36970250,0.0656069200140681
36970251,0.07593964080545344
36971867,0.08686607498199285
36971868,0.05712609212590728
36971869,0.12482163708393515
36971870,0.0703082925020733
36971871,0.10878581813576028
36971872,0.1120045387254453
36971873,0.11711968524250102
36971874,0.10542574474031022
37016830,0.06776773162596209
37016831,0.06548481905620603
37016832,0.09203860200900368
37016833,0.07583973891698037
37016834,0.07717004451042564
37016835,0.06371006278231153
37016836,0.0745778385152496
37016837,0.0632934153637902
37016838,0.06306550364288116
37016839,0.07220103173137629
37016971,0.01578502525211529
36998998,0.16064257580379723
36998130,0.370345634343685
36998131,0.08720494299935877
36994232,0.04080829256928407
37014476,0.07902922081403267
37014480,0.12776475337276133
37014481,0.12842736596305626
36974887,0.0442104423342158
36974888,0.04226315904207837
36972655,0.6024570901732967
36972657,0.9159815426886746
36972659,0.5948072954615108
36972662,0.9092853298057169
37009501,0.29153842849708556
37009503,0.19573104624604828
37009505,0.2872075468477468
37016869,0.012970081635803717
37017103,0.031923595850837344
37016388,0.02781289162593754
37016774,0.02100181271413857
37017051,0.019409102928974922
36974942,0.04542581035345597
36973190,0.3442905670465492
37016578,0.02123394037532651
37015400,0.10345252534196353
37015401,0.10556188300845545
37015402,0.10306685501877458
37016985,0.026997816720906176
37017075,0.019478039373560994
37013700,0.11824255083056824
37013702,0.11817934562221519
36973898,0.1259303654083584
36973899,0.12570361880756956
36974913,0.09881813995032454
36974915,0.10344700224697295
37017048,0.018949792833478602
37017115,0.02273199626199941
37017049,0.02249534380728001
37017050,0.023557249009627846
37017107,0.07391137932169746
37017108,0.03733896908725169
36971344,0.03310952234599056
37017078,0.03364283396837482
36990272,0.11837887362727641
36990273,0.12092628543230782
36974935,0.04430726289484739
37016723,0.014051714112107358
37017120,0.01500003898895127
37017045,0.02869784584516163
37016067,0.13217782818096854
37016068,0.13306053736620288
37016069,0.14929587358854246
36974943,0.25499105330346417
36974944,0.07437431759945658
37010295,0.6532681937743372
37010296,0.17172967993800956
37010298,0.29068710495612543
37010301,0.9218548793826438
37014992,0.12026561983116249
37014993,0.12013445469509054
37014994,0.08978620645603894
37014995,0.1113186345468439
37014996,0.08455142077904529
37016999,0.031482525629144935
37016724,0.13621847556893493
36974147,0.1216358731334796
37017092,0.1923203095437161
37007160,0.13357982104882316
37007167,0.19878407981890708
37013563,0.16103863009893263
37013564,0.12765535694790123
37013566,0.12799127995450585
37016955,0.01075387614918918
36955281,0.20839674319978127
36955282,0.6053839751775977
36955283,0.6264263330174511
36955284,0.33716914196889086
36955290,0.21034699585847907
37007371,0.386343348859019
37007372,0.1791198455280368
37007373,0.28831164971120243
37007375,0.404922015031555
37007376,0.2658824156869117
37007377,0.32667976317515973
37007378,0.29026320594098926
37007379,0.2746912971190289
36974939,0.15927026869948477
36974940,0.16602809921953435
37016152,0.17291773686469714
37016153,0.12843968766800717
37017072,0.019824659062763966
37016892,0.015246939185704333
37016763,0.01846084709608953
37016905,0.0636427303691824
37016932,0.5846263312826212
37016934,0.5836848600720773
37017073,0.12022937861126173
37016589,0.13288590507234918
37016590,0.1255389553093694
37016591,0.01951676159105441
37016502,0.019740541604724472
37017021,0.020848258962539605
37016961,0.022288098267647407
37013219,0.6513246618334667
37013220,0.3241969269939602
37013221,0.940613204675167
37013222,0.16505526007658303
37013226,0.6439364505400882
36974977,0.035734264549021934
36974527,0.1124266797458146
36974529,0.11581188107309492
36974530,0.05648742146717806
36974532,0.05079215440938798
37016676,0.08331908403997369
37016678,0.06955245737468407
37016679,0.07894107698496025
37016680,0.24717450033920382
37016681,0.08630824353143678
37014800,0.12004483346601648
37014801,0.1544876080823359
37017123,0.01577228650572023
37017112,0.018066898475838297
37016882,0.01199900549075069
37016956,0.010781761513717012
36986503,0.11675823654788804
36986504,0.16134402100911452
36986505,0.7589241527290342
36986506,0.0932540763434674
36986507,0.5357882792994437
36986508,0.6847165755518975
36986509,0.24854711554646894
36986510,0.2053187880992791
37011591,0.25867648727866577
37011593,0.1650150546579852
37011597,0.39877382781056353
37016299,0.6648151236841637
37016304,0.7181065323160909
37016307,0.20051084614963693
37012218,0.17305098800988766
37012219,0.12276352435352453
37012220,0.20621256304326394
37013211,0.27648531401520443
37013212,0.32360920956263156
37013214,0.6860822505975271
37013215,0.35942385541154853
37015956,0.17373788846415747
37015959,0.18263275875258783
37013005,1.024146211777256
37013007,0.42460235491332465
37013009,0.2704235513648656
37013010,0.43452069369551877
36974905,0.07516346280825367
36973998,0.5771563638317392
36974003,0.5704252562358385
37016586,0.09486805453972283
37016587,0.0884485548607917
37016588,0.02982847634401246
37016698,0.04940288062008059
37006817,0.18658575125393342
37006818,0.44544863461616363
37006819,0.4451207355352495
37006820,0.21919208083285832
36970177,0.29731923702952434
36970179,0.10890462954273569
36970180,0.09469165389079666
36970181,0.8199448596990139
36970182,0.5920962181899506
36970183,0.4058388335655541
36970184,0.26656357340108516
36974796,0.6664684630930263
36974797,0.11604718768404489
36974798,1.1067708431345145
36974799,0.6204118075581351
36974951,0.0885603673399381
36974952,0.07333309381955327
37007363,0.44607961832562604
37007364,0.0973920688424071
37007365,0.31301989522138723
37007366,0.6713098062915164
37007367,0.14564818090428833
37007368,0.10952463094748252
37007369,1.0501289578575168
37007370,0.5179364698823138
37016205,0.04615675545339122
37016207,0.021979807410779085
37015627,0.0431495260153104
37015629,0.04884230861845402
37015630,0.031236310468419598
37015632,0.03567299569573392
36969500,0.11711840412176264
37015575,0.07477969412999486
37011413,0.0650939717078125
37011414,0.06300517530239097
37011415,0.07945243419595217
37011418,0.0739740983070902
36974634,0.11774691040374738
36974635,0.12421144627819242
36974636,0.05672393346862735
36974637,0.1212110390009566
36974638,0.1253853139442854
36974639,0.12083853261120736
37008050,0.6430488191199184
37008051,0.19712150418483232
37008052,0.9803560751108231
37008053,0.6231621176999905
37008055,0.41179495036542896
37008057,0.6901041712531355
37008058,0.6351593810019314
37009577,0.1512374596385152
37009579,0.42116533254894056
37009582,0.4161425488198265
37009583,0.261199089710572
37016768,0.336983292011009
37016770,0.029357397651401693
37016771,0.04348457443940413
37016773,0.030479206512501234
37015222,0.07320507728707769
37015223,0.07521928719050794
37015224,0.0797026898275345
36970410,0.24070254331400395
36970411,0.14961044021519
36970412,0.21866499954856009
36970415,0.1502836175154475
36970416,0.18647711386784968
36970417,0.15304912348530317
36970418,0.147725449134169
36973085,0.157552407350187
36973086,0.3042279270105323
36973087,0.20710488759936724
36973088,0.11441739632873364
36973089,0.4369882896468443
36973090,0.14540044811981062
36973091,0.1973260629846871
36973092,0.19568251267205813
36972779,0.099126558141457
36972780,0.19417733452327865
36972781,0.12872138417033227
36972782,0.44705605386269465
36972783,0.16670223765680137
36972784,0.10844187808249905
36972785,0.17525578866273223
36972786,0.2872358841644239
36972787,0.07192204907843125
36972788,0.2818996302522058
36973658,0.05986301931513958
36973659,0.1846256728352412
36973660,0.0615279360229874
36973661,0.10190817536415432
36973662,0.09254679719494696
36973663,0.10705795652892335
36973664,0.062295195871967954
36973665,0.15040966062834532
36973666,0.06434494035493432
36973778,0.23540101638849767
36973779,0.09566379662685826
36973781,0.13736983612579962
36973782,0.07721525419976816
36973783,0.1235784955483612
36973784,0.1299750086765662
36973785,0.19928099646318417
36964624,0.6322646256125787
36964625,0.20544546684555395
36964626,0.09144383388545653
36964627,0.42142008524567015
36964628,0.13613260668317884
36964629,0.4197072860591115
36964630,0.47633734603366457
36964631,0.11836099055744338
37016827,0.033013748418106434
37016828,0.03290310413710416
37016966,0.020994396046946355
36999381,0.0359771021668327
36999364,0.05305444703845392
36971494,0.2784075276992737
36971495,0.23689690540424255
36971496,0.15069612984689276
36971497,0.10389552155401215
36971498,0.23733796259231185
36971499,0.10042275265161332
36971500,0.141152787749806
36971501,0.2691479068157651
36974992,0.18030578111906273
36974245,0.03435999080710235
37017064,0.0416646356426357
37016970,0.03399981078735421
36999376,0.06065628288110368
36999377,0.04757043515153919
36997365,0.16728888020010557
36999305,0.033614196577154656
37006489,0.19420452349591627
37006492,0.06804761878858855
37006495,0.21500844990596063
37011785,0.13871728668732103
37011786,0.12728301001930512
37011787,0.16192931195558333
37017067,0.04158731855695405
37016931,0.026191637308649433
37016979,0.04545438959851327
37016560,0.030188487983257153
37017121,0.017460268853981914
36994000,0.06231894482583351
36994001,0.05380568799548686
36994002,0.06239271098825767
36975001,0.10910601306302085
36974941,0.11325101332675214
36974185,0.07330766115059603
36974191,0.06427834770893663
37013739,0.21282899005523886
37013740,0.47358386197919095
37013741,0.3959995328225047
37013742,0.22813305634555697
37013744,0.4476876132957956
37013745,0.20170734015327535
37013746,0.1910247810836149
37006879,0.04018255409333193
37006880,0.03856618636310261
37006881,0.03629298492386633
36973562,0.13641138922018115
36973563,0.1214866706764517
36973564,0.1149474344448834
36973565,0.17407525314417419
36973566,0.11844292773413155
36973567,0.12567617356715544
36973568,0.12626574803502486
37011197,0.1807697760136164
37011198,0.19612076278225954
37011199,0.22700453018865224
37011200,0.2097722489103132
37011201,0.23384982881046232
37011202,0.20302640934513935
37011203,0.16408023592261348
37011204,0.7800168484073646
37017124,0.019632553327810633
36970485,0.7234921037427864
36970486,0.17615430749943367
36970487,1.1561821351582056
36970488,0.6558475988460166
36970489,0.1680914799000134
36970490,0.6478544965738173
37015269,0.35688763363025755
37015273,0.3744586648370272
37017068,0.04549806380726372
37015509,0.07819383032695847
37008580,0.6491906168379045
37008581,0.6382930539473671
37008582,0.4920389636459845
37008583,0.4584761851274487
37008584,0.4583696316520131
37008585,0.5184977984819371
37008586,0.4225135320517198
37008587,0.6579300264817995
37008588,0.5534281757283809
37012773,0.3147162745196481
37012774,0.5848154328766816
37012775,0.36669806974673413
37012776,0.38626557631218694
37012777,0.488488373774804
37012778,0.2594910250620757
37012779,0.30309227790151705
36974716,0.04496253199278802
37012946,0.1516133615902444
37012947,0.1502916944868509
37012949,0.08417599530286281
37011114,0.1402085684931161
37011116,0.0877925263274416
37011122,0.11749727012936845
37009715,0.1330246887035465
37009718,0.2964813227821783
37009719,0.1978654349850869
37009721,0.1974950720662309
37009722,0.276994698965769
37009723,0.16156181631716132
37017085,0.022471275325177596
37016360,0.04823340129722346
37016986,0.019115110960085373
37013047,0.16629906453072446
37013048,0.16622449798823594
37013051,0.0351121686728486
37015651,0.049364452674875575
37016156,0.04513338097136618
37016157,0.05299255863319013
37016132,0.04329577931064373
36974493,0.24688617929025214
36963399,0.05461623106250296
36999237,0.1716342832832607
36999239,0.22899748952427276
37011924,0.2540857086686735
37011925,0.6349293084687222
37011926,0.3981916168992393
37011929,0.22932294237384215
37011930,1.0647760234060664
37011932,0.3355183845679526
36972092,0.09014575930519385
36972093,0.11805609375322522
36973070,0.1547138611060941
36973072,0.25198039851899495
36973073,0.1789765575631461
36973076,0.15766429024680484
37011441,0.057042743027259306
37011442,0.05338214141124888
36974880,0.0348904823891435
36974882,0.1621269184613516
37016095,0.05775979605151926
37016096,0.12100791201018748
37014186,0.16462612489831316
37014187,0.14011093309238476
37014188,0.1261388056413086
37014189,0.12007926296965418
37014190,0.11946341658918157
36996514,0.09099627433358795
36996515,0.2909430283134467
36996516,0.06942032783831471
36996517,0.16615944833922863
36996518,0.14848055310511116
36996519,0.13878548329589413
36996520,0.150437324132109
36996521,0.11903739007340056
36989887,0.0846660973228232
36989888,0.34355625622043895
36989889,0.10450295802156086
36989893,0.06464360236342147
36989894,1.119472017412106
37007188,0.31746693801032566
37007189,0.3161599258175667
37013808,0.1077523726865318
37013810,0.19943221850764237
37013812,0.15361076796082654
37013813,0.10907674226053682
37013814,0.13120308171280984
37013815,0.3132342703360711
37013816,0.28984685590857606
36972604,0.06774631242572733
36972607,0.06829522861153178
36972610,0.10956150490643518
36974950,0.10791236953630685
36970343,0.09630921549740776
36974973,0.4115309370119903
36974974,0.22087196853471577
37014717,0.0675688232417101
37014722,0.06886606485539482
37014724,0.2728046168701914
37014725,0.11391023997867405
36974391,0.0967020739349369
36974392,0.12314520274169932
36974393,0.12362028150857722
36974395,0.09865521888782637
36974396,0.09849020068477198
36974397,0.10494710281718014
36974398,0.11842522372385261
36974400,0.11803106916816387
37007693,0.5593091486825883
37007694,0.2164888522586806
37007695,0.28104184258923076
37007696,0.7625605721457644
37007699,0.5691620914301763
37007700,1.1173469432698229
37007701,0.34867724785737464
37007702,1.1502820225980734
37010982,0.1568337680841953
37010983,0.4757010187588588
37010989,0.9107280876084607
37010991,0.6425100584432581
36974640,0.4153528416000329
36974641,0.15262249914012047
37011909,0.0754440109631145
36969512,0.032002826186318334
36969513,0.02620884218713225
37006595,0.05059076175236811
37006596,0.10778115982438832
37006598,0.11566817883021985
36971334,0.2491830438474992
36971335,0.24412961786902246
36971336,0.09816186684342833
36971337,0.1352514627014888
36974035,0.1557347025811581
36974036,0.13223703120371683
36974040,0.17830654270702587
36971951,0.05369299750563532
36971952,0.0475559847749655
36970419,0.03934099734366016
36970423,0.039322545978241905
37008370,0.5535960340271053
37008371,0.13937524430468315
37008372,0.5945547009483648
37008373,0.1351948789136051
37008374,0.2659828578043486
37008375,0.17518489000777424
37008376,0.22447413093300597
37008377,0.19592742891546358
37008378,0.5545145565693219
36995934,0.6234668334668061
36995935,0.08441623140406088
36995936,0.24335746576938158
36995938,0.15742039347813316
36995939,0.5044990157588558
36995940,0.19514716381956376
36995941,0.10712458090367616
36995942,0.6448733325360233
36995943,0.6870261399699156
37013681,0.3532815392003233
37013683,0.28235988255098415
37013684,0.23842953141897805
37013686,0.3638840798924001
37019107,0.6599289280345724
37019108,0.028618842869935435
37019110,0.062270460157290236
37019113,0.06290203036272708
37019114,0.6493363328589408
37015930,0.11042426072606192
37015931,0.631369796588136
37015932,0.13125032718702576
37015933,0.10315318043546265
37012076,0.19458184176172622
37012077,0.17725755203997656
37012079,0.36864941235933807
37012080,0.3351784207135342
37012081,0.13031946388740262
37012082,0.5386409492686735
37012083,0.37773705202650887
37012084,0.09715253778195714
37012085,0.11880770597807065
37014158,0.4973571791285788
37014159,0.11440879528678248
37014160,0.1146107282033997
37014161,0.3719984960355532
37014162,0.49038755897987446
37014163,0.042073696222836916
37007638,0.06673014116120597
36974936,0.04706416434608961
36974937,0.04541500821254164
37016919,0.47525718516409643
37016922,0.4772426667386968
37016926,0.09953097314876193
36970382,0.1131314957003266
36970383,0.11321022254927324
36973276,0.12119243220716727
36973278,0.1287110011395543
36973279,0.05264477963439351
36973281,0.11187466219046673
36973283,0.11247257853041243
37007091,0.12480053753547768
37007092,0.1124962460652797
37007093,0.1100540100908877
37007094,0.14027317137202142
37007095,0.11867776472610729
37007096,0.1603901257612883
37015893,0.42515338015148646
37015895,0.2466266859886395
37015897,0.24158368631799426
37015899,0.39730669469806784
36970134,0.23232548557425808
36970135,0.13904723933832563
36970136,0.16368503753355904
36970139,0.14161878743333947
36970140,0.25990762698990505
37016020,0.09455718790471652
37016021,0.12081438628844399
37016022,0.3807561196280201
37016023,0.0965752567365277
37007126,0.19076618996826214
37007129,0.24249154250752225
37007130,0.21952956637516813
37007133,0.15851147819845252
37017090,0.014542088256697042
37017037,0.011861273909892485
37016412,0.1312926100143805
37016413,0.26128640944172526
37016414,0.18494688714599716
37016415,0.1593703516679847
37016416,0.24857231422519907
37016417,0.18995070577766338
37016418,0.20589340672106973
37016419,0.6521571163975936
37016420,0.19256588996795784
37014600,0.13362462429849453
37014601,0.12804030160362975
37014602,0.17142339660749287
37014603,0.24890967901568983
37014604,0.16731048484059496
37014605,0.16336249393863445
37014606,0.1349100482667922
37015486,0.23591935053289032
37015490,0.25517758083495506
37015491,0.2301073724848964
37015493,0.2427835781299793
37017104,0.04598530536312513
36973506,0.11821044391011112
36973507,0.06996478285875816
36973508,0.05379317520169521
36973509,0.06660526114360776
36973510,0.11755526967930881
36973511,0.11743939669053018
36973512,0.09664638642094785
36973513,0.12772948592895603
36971837,0.2798352785694847
36971838,0.24093272089833892
36971839,1.0853478607587457
36971840,0.13395287244906143
36971841,0.19132515532463948
36971842,0.2408536146689112
36971843,0.22763392701928267
36971845,0.555091430739373
37016389,0.07707097461635308
37016392,0.06463369419043777
37016394,0.06838775999381147
37016395,0.0906970130044811
37016776,0.07458660006023081
36971627,0.1410659373383242
36971628,0.09667321506154404
37009115,0.2694609891635327
37009116,0.2446080151716813
37009117,0.1532227163201847
37009118,0.8597827426394332
37009119,0.8744358746790244
37009121,0.2188351940273014
37009122,0.972821205196426
37015559,0.11279683545519303
37015561,0.11756986103172799
37015563,0.04580088446707523
37015564,0.11132984590704416
37012920,0.07529261284041738
37012923,0.1330837980439561
37010814,0.08600341348816119
37010815,0.08606968237894475
37010816,0.08595137036246216
36971419,0.58573390188388
36971420,0.5708856124994123
36971421,0.6748819364090782
36971424,0.1171072217764569
36971426,0.6913771546090719
36971427,0.5182955486747532
36971428,0.11619370767202111
37009264,0.09527258105220711
37009265,0.09799137101230311
37009266,0.09203406070959973
37009268,0.07207023194312108
37009271,0.08321705224647878
37009272,0.06991520071142256
37009273,0.09543328609305303
36974772,0.12666465635612273
36974773,0.14656369408896452
36974774,0.12306319271168578
36974775,0.0629122469423063
36974776,0.049143100191472014
36974777,0.12171495440632978
36974778,0.1202565352561555
37014649,0.16716903148080203
37014650,0.16487521011605766
37014651,0.27053638020195014
37014652,0.3039550137070439
37014653,0.1624127180623038
37014654,0.048250830700867074
37014655,0.1313454184188324
37014656,0.11221870051475956
37014657,0.22139470233703637
37014658,0.12143627401511077
37016702,0.09747210173754069
37016704,0.1449588700450316
37016706,0.04101115445815824
37016708,0.1197832056355535
37016709,0.04524836711498358
37016710,0.04967530847474165
36972882,0.589524509024058
36972883,0.040778465157209676
36972884,0.03867435169416276
36972885,0.03803179239937694
36972886,0.03865618849111694
36972887,0.03776485824767846
36972888,0.04549492105189542
36972889,0.04043064872313581
36972890,0.5838307054802164
36966107,0.12353904471614915
36969344,0.05144486628006142
36969345,0.17171817614844237
36969346,0.07219011921297838
37007511,0.5795578403686796
37007512,0.720454155440036
37007513,0.5837646267383405
37007514,1.089646439341476
37007516,0.19129654898885737
37007517,0.8109328547548647
37016929,0.0423457209121769
37016930,0.04230702794905368
36994734,0.4320049314405745
36994735,0.2723204774520867
36994736,0.309356151298759
36994737,0.48867146682087215
36994738,1.364224124697467
36994739,0.493286065045126
36994740,0.2579238891533247
36994742,1.350783970954308
36991000,0.09627143766456933
36991001,0.12024589504356725
36991003,0.1183416618943667
36977819,0.18344918688148576
37013897,0.044892495716301876
36992181,0.14634575881068712
36992183,0.06392007665752483
36992186,0.06525588797954628
36992187,0.06416551134190929
36996539,0.037333206928036954
36996540,0.037561724158131915
36999348,0.0756212259379974
36999350,0.26562952974903414
36999351,0.25845666119079724
36999392,0.02514770734916306
36974861,0.10679805614367219
37010871,0.18183827515952666
37010872,0.27167676024403054
37010873,0.30875987330510185
37010874,0.3988182854214787
37010875,0.10386340630346769
37010876,0.2166499308113666
36976393,0.5102878476296648
36976395,0.06642370250247305
36976401,0.1970168914117233
37009310,0.20795238838751787
37009311,0.21423436991831984
37009312,0.517680861720413
37009313,0.05122620480564357
37009314,0.21057721460743023
37009315,0.19361600288790312
37009316,0.4975514237653019
37009317,0.08092147105894579
37009318,0.7629527931447755
37009319,0.9024551735043864
37024493,0.08105125743320149
37017125,0.049098454908581536
36976858,0.13559569005164632
36976859,0.4057007150830752
36976860,0.5755266419903998
36976861,0.4323642348224198
36976862,0.4479051807567577
36976863,0.29113986805530156
36996876,0.07463910079089159
36974859,0.12898699407775535
36974860,0.12158183261413774
37017026,0.02398329777601067
37017076,0.02070387538162984
36972104,0.16092610249685688
36972107,0.060524351512133236
37017095,0.03828175723127458
37016963,0.06244605278730965
36974911,0.07596335810775694
36974998,0.05476540851467813
36974999,0.052599987484586073
36974847,0.1570414356786312
36974850,0.15535434077519877
36999396,0.026057895485197786
36992237,0.09721908945881177
36992239,0.03461699960334068
36992240,0.5409621315087132
36992241,0.13049292485788777
36992244,0.5464827008423083
36981025,0.08527463670103701
36981028,0.13517333754809996
36981029,1.150103902702377
36999334,0.0985878491679751
36999335,0.09274099094651835
36999300,0.16325804269899183
36999301,0.17019262196786322
36990793,0.23068552547820254
36990798,0.24896509823809476
36990799,0.23564596225034948
36990801,0.25030030824088373
36990802,0.25340429365750095
36980009,0.059682795958767285
36980012,0.060473367286913854
36980013,0.1117795544040186
36974024,0.32712070439821517
37009442,0.061764383612662524
37009443,0.1973701836143705
37009446,0.06104657488900691
37009447,0.06936362317231379
37009448,0.18110773723663265
37009449,0.1692967877597468
36974991,0.18060887236594925
37011725,0.19758443028856554
37011726,0.2037461216075313
36974326,0.1103216227455859
36974327,0.05824617389615334
36974997,0.083584076045114
37016253,0.058242329891511666
37016254,0.05936586733998623
37012924,0.10039398702210335
37012925,0.04266910372645968
37012926,0.06466344982508149
37012927,0.06405787547439992
37012928,0.2647291373962077
37012929,0.04486084732985116
37012930,0.18364288161284756
37012931,0.16082036328715077
37006720,0.18250379648203582
37006722,0.08714521286517393
37006723,0.18420964158500092
37013748,0.049143442389245645
37013749,0.07194673992628725
37011560,0.20088773597749615
37011561,0.24673356605294583
37012069,0.06798621641084451
37012072,0.05850260566820765
37014249,0.25561543202656534
37014252,0.2548787931034123
37016377,0.05305357678186692
37016378,0.217164200798605
37016379,0.1884188234979055
37016380,0.06256378657609776
37016381,0.04033536191696482
36997110,0.7124912392611202
36997111,0.10801893240535604
36997112,0.5329857626518131
36997113,0.5169298996238125
36997114,0.14229282346184724
36997115,0.6763302846787335
36991206,0.15991130648807314
36991213,0.15454599057076257
37009091,0.31205519433554935
37009092,0.2959548052667754
37009094,0.43600516139973877
37009095,0.4179475551661829
37009096,0.40202494750818524
37009098,0.3719459361858924
37009099,0.39495243661196
37009100,0.46016493991290763
37016883,0.018565773050345732
37016825,0.04496663157352188
37016826,0.06559708418570218
37008040,0.14640847748063157
37008042,0.14186323529276834
37014671,0.4611715925361209
37014672,0.22030466986801256
37014674,0.7426566980857036
37014675,0.41928858647125083
37016695,0.3297115129893124
37016696,0.04701170287163601
37016697,0.1074180231900575
36974704,0.11976950376743126
36971541,0.03755701317187291
36971542,0.07440199213593682
37015054,0.09342142145292057
37015056,0.1339938003907628
37017094,0.0349664565892732
37016987,0.010352641357551795
37016990,0.013340815750279643
37017014,0.0
37017043,0.04479244862401294
37016928,0.0006824934378587967
37017020,0.01452088678505706
37017052,0.11475047329797368
37017065,0.030420647319948525
36974949,0.220217683935564
